n04023962_0.JPEG	10	0	21	7
n04023962_1.JPEG	22	20	40	63
n04023962_2.JPEG	12	0	34	63
n04023962_3.JPEG	18	13	41	57
n04023962_4.JPEG	22	0	43	18
n04023962_5.JPEG	19	0	47	43
n04023962_6.JPEG	2	0	18	28
n04023962_7.JPEG	49	0	63	61
n04023962_8.JPEG	6	8	61	63
n04023962_9.JPEG	22	15	33	49
n04023962_10.JPEG	21	6	60	63
n04023962_11.JPEG	0	0	63	63
n04023962_12.JPEG	30	0	54	45
n04023962_13.JPEG	7	15	25	63
n04023962_14.JPEG	21	0	43	24
n04023962_15.JPEG	5	0	63	63
n04023962_16.JPEG	7	0	55	63
n04023962_17.JPEG	30	1	57	63
n04023962_18.JPEG	5	0	23	27
n04023962_19.JPEG	6	4	19	45
n04023962_20.JPEG	3	13	35	63
n04023962_21.JPEG	0	0	14	63
n04023962_22.JPEG	32	18	45	61
n04023962_23.JPEG	17	0	58	63
n04023962_24.JPEG	20	5	40	36
n04023962_25.JPEG	9	0	30	63
n04023962_26.JPEG	12	0	31	59
n04023962_27.JPEG	15	5	49	63
n04023962_28.JPEG	26	6	63	42
n04023962_29.JPEG	28	0	53	30
n04023962_30.JPEG	50	5	63	31
n04023962_31.JPEG	0	0	6	63
n04023962_32.JPEG	17	7	46	63
n04023962_33.JPEG	0	0	20	41
n04023962_34.JPEG	1	0	49	63
n04023962_35.JPEG	55	0	63	63
n04023962_36.JPEG	45	0	63	32
n04023962_37.JPEG	12	6	33	63
n04023962_38.JPEG	48	0	63	39
n04023962_39.JPEG	19	9	50	53
n04023962_40.JPEG	24	0	38	62
n04023962_41.JPEG	0	0	22	63
n04023962_42.JPEG	47	6	56	46
n04023962_43.JPEG	22	33	42	63
n04023962_44.JPEG	28	0	55	18
n04023962_45.JPEG	0	0	25	63
n04023962_46.JPEG	31	0	63	63
n04023962_47.JPEG	34	12	60	59
n04023962_48.JPEG	55	0	63	63
n04023962_49.JPEG	1	0	28	38
n04023962_50.JPEG	34	0	59	51
n04023962_51.JPEG	39	3	61	57
n04023962_52.JPEG	16	0	46	39
n04023962_53.JPEG	11	0	40	63
n04023962_54.JPEG	10	16	43	51
n04023962_55.JPEG	0	0	24	46
n04023962_56.JPEG	0	0	28	63
n04023962_57.JPEG	11	0	46	63
n04023962_58.JPEG	33	0	44	39
n04023962_59.JPEG	0	20	33	63
n04023962_60.JPEG	29	0	43	45
n04023962_61.JPEG	26	11	40	58
n04023962_62.JPEG	16	0	59	63
n04023962_63.JPEG	31	3	63	61
n04023962_64.JPEG	13	16	28	45
n04023962_65.JPEG	0	16	7	55
n04023962_66.JPEG	0	0	39	63
n04023962_67.JPEG	24	0	47	60
n04023962_68.JPEG	21	0	40	63
n04023962_69.JPEG	5	19	33	46
n04023962_70.JPEG	34	0	58	26
n04023962_71.JPEG	21	0	45	47
n04023962_72.JPEG	20	13	59	63
n04023962_73.JPEG	4	4	23	63
n04023962_74.JPEG	10	0	55	63
n04023962_75.JPEG	36	21	43	41
n04023962_76.JPEG	37	7	63	57
n04023962_77.JPEG	0	0	47	63
n04023962_78.JPEG	0	14	63	63
n04023962_79.JPEG	9	0	26	59
n04023962_80.JPEG	0	0	4	58
n04023962_81.JPEG	0	0	17	63
n04023962_82.JPEG	20	0	49	49
n04023962_83.JPEG	23	0	39	38
n04023962_84.JPEG	14	3	39	39
n04023962_85.JPEG	0	14	10	39
n04023962_86.JPEG	35	5	63	56
n04023962_87.JPEG	15	15	28	48
n04023962_88.JPEG	17	27	42	63
n04023962_89.JPEG	8	0	59	63
n04023962_90.JPEG	34	0	57	55
n04023962_91.JPEG	25	1	44	50
n04023962_92.JPEG	37	5	59	61
n04023962_93.JPEG	26	23	35	47
n04023962_94.JPEG	11	0	50	63
n04023962_95.JPEG	14	0	54	59
n04023962_96.JPEG	15	0	43	63
n04023962_97.JPEG	0	0	30	63
n04023962_98.JPEG	49	0	63	63
n04023962_99.JPEG	10	18	20	27
n04023962_100.JPEG	38	0	63	63
n04023962_101.JPEG	17	0	38	51
n04023962_102.JPEG	22	9	45	51
n04023962_103.JPEG	30	23	38	53
n04023962_104.JPEG	47	0	63	50
n04023962_105.JPEG	43	30	60	63
n04023962_106.JPEG	34	24	52	45
n04023962_107.JPEG	2	0	33	63
n04023962_108.JPEG	19	0	55	51
n04023962_109.JPEG	12	0	24	34
n04023962_110.JPEG	21	22	43	61
n04023962_111.JPEG	49	1	63	63
n04023962_112.JPEG	11	0	56	57
n04023962_113.JPEG	42	0	63	51
n04023962_114.JPEG	25	0	63	63
n04023962_115.JPEG	6	0	62	63
n04023962_116.JPEG	25	1	44	34
n04023962_117.JPEG	15	11	47	63
n04023962_118.JPEG	33	27	39	41
n04023962_119.JPEG	48	0	63	63
n04023962_120.JPEG	18	0	52	63
n04023962_121.JPEG	25	0	37	44
n04023962_122.JPEG	33	20	42	40
n04023962_123.JPEG	44	24	55	60
n04023962_124.JPEG	30	23	38	53
n04023962_125.JPEG	0	0	15	63
n04023962_126.JPEG	0	9	21	57
n04023962_127.JPEG	29	15	49	42
n04023962_128.JPEG	0	1	22	63
n04023962_129.JPEG	12	0	49	59
n04023962_130.JPEG	34	40	47	63
n04023962_131.JPEG	0	14	29	35
n04023962_132.JPEG	24	19	63	37
n04023962_133.JPEG	0	14	20	51
n04023962_134.JPEG	6	0	48	63
n04023962_135.JPEG	25	0	40	63
n04023962_136.JPEG	0	10	18	63
n04023962_137.JPEG	12	6	34	63
n04023962_138.JPEG	34	26	41	35
n04023962_139.JPEG	0	0	28	49
n04023962_140.JPEG	12	6	52	63
n04023962_141.JPEG	5	0	28	63
n04023962_142.JPEG	50	6	63	63
n04023962_143.JPEG	14	0	43	63
n04023962_144.JPEG	13	0	41	63
n04023962_145.JPEG	10	0	44	63
n04023962_146.JPEG	37	1	57	63
n04023962_147.JPEG	0	28	0	56
n04023962_148.JPEG	18	0	58	63
n04023962_149.JPEG	9	9	55	56
n04023962_150.JPEG	16	31	35	63
n04023962_151.JPEG	45	43	63	63
n04023962_152.JPEG	33	1	50	59
n04023962_153.JPEG	0	23	63	46
n04023962_154.JPEG	0	11	19	63
n04023962_155.JPEG	17	7	27	29
n04023962_156.JPEG	50	4	63	60
n04023962_157.JPEG	0	11	10	63
n04023962_158.JPEG	38	23	48	35
n04023962_159.JPEG	0	0	28	63
n04023962_160.JPEG	3	0	55	63
n04023962_161.JPEG	33	37	51	63
n04023962_162.JPEG	10	0	27	63
n04023962_163.JPEG	3	14	25	63
n04023962_164.JPEG	6	18	18	57
n04023962_165.JPEG	18	0	51	63
n04023962_166.JPEG	19	0	39	41
n04023962_167.JPEG	36	19	53	57
n04023962_168.JPEG	10	19	56	63
n04023962_169.JPEG	38	1	52	29
n04023962_170.JPEG	2	1	63	63
n04023962_171.JPEG	0	2	5	31
n04023962_172.JPEG	29	0	46	51
n04023962_173.JPEG	10	0	29	57
n04023962_174.JPEG	0	1	48	63
n04023962_175.JPEG	42	1	63	63
n04023962_176.JPEG	43	0	54	63
n04023962_177.JPEG	13	0	49	63
n04023962_178.JPEG	18	2	45	63
n04023962_179.JPEG	42	0	63	63
n04023962_180.JPEG	34	0	47	42
n04023962_181.JPEG	0	8	36	63
n04023962_182.JPEG	23	5	40	62
n04023962_183.JPEG	5	1	30	58
n04023962_184.JPEG	29	18	36	38
n04023962_185.JPEG	0	6	15	23
n04023962_186.JPEG	54	0	63	28
n04023962_187.JPEG	14	30	23	40
n04023962_188.JPEG	0	0	26	63
n04023962_189.JPEG	11	1	35	47
n04023962_190.JPEG	0	9	24	63
n04023962_191.JPEG	0	1	23	63
n04023962_192.JPEG	9	26	22	43
n04023962_193.JPEG	17	7	34	35
n04023962_194.JPEG	29	0	62	35
n04023962_195.JPEG	51	0	63	63
n04023962_196.JPEG	32	0	50	53
n04023962_197.JPEG	0	2	19	24
n04023962_198.JPEG	25	6	63	63
n04023962_199.JPEG	25	14	50	63
n04023962_200.JPEG	17	28	33	45
n04023962_201.JPEG	28	2	47	55
n04023962_202.JPEG	9	0	57	63
n04023962_203.JPEG	0	13	24	63
n04023962_204.JPEG	3	0	63	41
n04023962_205.JPEG	36	0	63	58
n04023962_206.JPEG	16	20	25	61
n04023962_207.JPEG	46	1	57	28
n04023962_208.JPEG	24	20	38	46
n04023962_209.JPEG	34	0	63	63
n04023962_210.JPEG	56	23	63	46
n04023962_211.JPEG	27	0	44	63
n04023962_212.JPEG	36	0	61	63
n04023962_213.JPEG	0	1	51	63
n04023962_214.JPEG	5	0	25	63
n04023962_215.JPEG	1	0	59	63
n04023962_216.JPEG	0	36	13	62
n04023962_217.JPEG	21	0	40	32
n04023962_218.JPEG	6	0	47	53
n04023962_219.JPEG	0	8	6	63
n04023962_220.JPEG	13	6	44	63
n04023962_221.JPEG	38	25	63	63
n04023962_222.JPEG	35	0	58	45
n04023962_223.JPEG	0	0	0	63
n04023962_224.JPEG	0	2	27	63
n04023962_225.JPEG	46	0	63	50
n04023962_226.JPEG	19	6	38	49
n04023962_227.JPEG	23	5	43	53
n04023962_228.JPEG	41	0	63	63
n04023962_229.JPEG	24	0	41	63
n04023962_230.JPEG	33	13	42	37
n04023962_231.JPEG	5	11	21	32
n04023962_232.JPEG	36	0	56	46
n04023962_233.JPEG	39	1	63	51
n04023962_234.JPEG	34	0	48	51
n04023962_235.JPEG	46	0	58	46
n04023962_236.JPEG	10	0	27	59
n04023962_237.JPEG	39	20	50	41
n04023962_238.JPEG	32	14	43	46
n04023962_239.JPEG	35	13	60	63
n04023962_240.JPEG	21	0	45	63
n04023962_241.JPEG	8	0	58	63
n04023962_242.JPEG	6	15	54	63
n04023962_243.JPEG	0	1	30	42
n04023962_244.JPEG	30	0	48	35
n04023962_245.JPEG	7	18	54	63
n04023962_246.JPEG	12	0	48	63
n04023962_247.JPEG	37	0	63	63
n04023962_248.JPEG	43	29	60	51
n04023962_249.JPEG	10	0	55	63
n04023962_250.JPEG	1	0	33	63
n04023962_251.JPEG	1	0	18	63
n04023962_252.JPEG	35	1	58	49
n04023962_253.JPEG	7	1	18	40
n04023962_254.JPEG	38	1	63	63
n04023962_255.JPEG	51	1	63	63
n04023962_256.JPEG	0	17	11	63
n04023962_257.JPEG	34	19	42	37
n04023962_258.JPEG	15	0	47	63
n04023962_259.JPEG	0	24	31	62
n04023962_260.JPEG	11	12	39	53
n04023962_261.JPEG	23	25	41	63
n04023962_262.JPEG	1	0	17	57
n04023962_263.JPEG	23	3	34	52
n04023962_264.JPEG	58	14	63	63
n04023962_265.JPEG	33	2	47	34
n04023962_266.JPEG	0	13	10	36
n04023962_267.JPEG	0	8	32	63
n04023962_268.JPEG	1	2	30	47
n04023962_269.JPEG	13	11	22	42
n04023962_270.JPEG	40	13	63	44
n04023962_271.JPEG	25	19	44	61
n04023962_272.JPEG	0	1	2	63
n04023962_273.JPEG	6	7	16	29
n04023962_274.JPEG	0	0	30	54
n04023962_275.JPEG	20	1	33	37
n04023962_276.JPEG	25	1	42	35
n04023962_277.JPEG	15	0	49	63
n04023962_278.JPEG	17	14	23	22
n04023962_279.JPEG	1	1	24	46
n04023962_280.JPEG	1	0	18	63
n04023962_281.JPEG	19	0	48	63
n04023962_282.JPEG	31	0	47	63
n04023962_283.JPEG	12	0	28	47
n04023962_284.JPEG	42	10	63	60
n04023962_285.JPEG	7	0	50	63
n04023962_286.JPEG	0	4	30	62
n04023962_287.JPEG	16	37	34	58
n04023962_288.JPEG	0	20	0	35
n04023962_289.JPEG	42	2	63	47
n04023962_290.JPEG	0	44	63	63
n04023962_291.JPEG	0	15	63	51
n04023962_292.JPEG	0	0	63	63
n04023962_293.JPEG	0	1	8	63
n04023962_294.JPEG	40	37	60	60
n04023962_295.JPEG	9	11	50	63
n04023962_296.JPEG	0	9	32	63
n04023962_297.JPEG	38	0	57	31
n04023962_298.JPEG	3	16	11	41
n04023962_299.JPEG	40	0	63	62
n04023962_300.JPEG	43	0	63	42
n04023962_301.JPEG	0	0	63	63
n04023962_302.JPEG	9	0	25	22
n04023962_303.JPEG	8	0	34	63
n04023962_304.JPEG	16	0	54	43
n04023962_305.JPEG	5	6	23	52
n04023962_306.JPEG	46	1	63	63
n04023962_307.JPEG	1	0	27	60
n04023962_308.JPEG	8	44	57	63
n04023962_309.JPEG	20	0	47	63
n04023962_310.JPEG	0	14	63	54
n04023962_311.JPEG	34	0	54	37
n04023962_312.JPEG	37	12	44	45
n04023962_313.JPEG	7	0	32	63
n04023962_314.JPEG	12	0	49	63
n04023962_315.JPEG	13	1	42	63
n04023962_316.JPEG	38	0	58	63
n04023962_317.JPEG	24	6	63	63
n04023962_318.JPEG	35	0	63	57
n04023962_319.JPEG	35	19	44	30
n04023962_320.JPEG	22	0	47	63
n04023962_321.JPEG	0	16	63	49
n04023962_322.JPEG	22	19	63	58
n04023962_323.JPEG	52	0	63	58
n04023962_324.JPEG	5	0	62	63
n04023962_325.JPEG	30	0	50	46
n04023962_326.JPEG	16	0	42	63
n04023962_327.JPEG	37	2	52	48
n04023962_328.JPEG	22	0	51	63
n04023962_329.JPEG	25	0	46	63
n04023962_330.JPEG	27	10	33	20
n04023962_331.JPEG	49	13	63	63
n04023962_332.JPEG	32	0	44	36
n04023962_333.JPEG	44	13	59	43
n04023962_334.JPEG	43	0	63	50
n04023962_335.JPEG	3	0	34	63
n04023962_336.JPEG	28	0	60	63
n04023962_337.JPEG	0	7	34	63
n04023962_338.JPEG	7	0	23	39
n04023962_339.JPEG	24	21	43	63
n04023962_340.JPEG	19	4	46	61
n04023962_341.JPEG	0	0	28	63
n04023962_342.JPEG	0	40	23	63
n04023962_343.JPEG	25	0	36	61
n04023962_344.JPEG	52	1	63	50
n04023962_345.JPEG	24	20	36	50
n04023962_346.JPEG	10	0	58	63
n04023962_347.JPEG	15	11	30	30
n04023962_348.JPEG	10	0	27	51
n04023962_349.JPEG	0	28	47	37
n04023962_350.JPEG	31	0	63	63
n04023962_351.JPEG	14	0	49	63
n04023962_352.JPEG	0	10	0	54
n04023962_353.JPEG	0	0	38	63
n04023962_354.JPEG	0	0	30	63
n04023962_355.JPEG	29	2	63	33
n04023962_356.JPEG	15	26	50	61
n04023962_357.JPEG	1	31	28	52
n04023962_358.JPEG	10	0	28	61
n04023962_359.JPEG	37	18	63	63
n04023962_360.JPEG	12	0	45	63
n04023962_361.JPEG	1	1	60	63
n04023962_362.JPEG	0	0	8	63
n04023962_363.JPEG	26	1	43	49
n04023962_364.JPEG	19	19	27	45
n04023962_365.JPEG	6	0	33	58
n04023962_366.JPEG	6	0	29	63
n04023962_367.JPEG	23	17	43	63
n04023962_368.JPEG	32	0	48	63
n04023962_369.JPEG	10	0	54	63
n04023962_370.JPEG	43	23	63	40
n04023962_371.JPEG	3	0	63	63
n04023962_372.JPEG	0	7	4	53
n04023962_373.JPEG	0	0	27	63
n04023962_374.JPEG	53	1	63	49
n04023962_375.JPEG	0	0	23	63
n04023962_376.JPEG	41	6	59	36
n04023962_377.JPEG	33	0	52	63
n04023962_378.JPEG	25	20	51	63
n04023962_379.JPEG	0	0	16	58
n04023962_380.JPEG	51	0	63	42
n04023962_381.JPEG	5	1	28	59
n04023962_382.JPEG	37	6	63	58
n04023962_383.JPEG	12	21	63	39
n04023962_384.JPEG	7	0	57	63
n04023962_385.JPEG	22	6	41	53
n04023962_386.JPEG	15	8	29	39
n04023962_387.JPEG	43	0	63	63
n04023962_388.JPEG	37	8	58	47
n04023962_389.JPEG	29	0	47	28
n04023962_390.JPEG	24	0	39	49
n04023962_391.JPEG	9	7	20	53
n04023962_392.JPEG	13	0	45	63
n04023962_393.JPEG	48	1	63	28
n04023962_394.JPEG	0	0	23	63
n04023962_395.JPEG	0	7	36	63
n04023962_396.JPEG	0	8	22	33
n04023962_397.JPEG	14	0	45	63
n04023962_398.JPEG	26	13	35	61
n04023962_399.JPEG	16	19	44	63
n04023962_400.JPEG	0	6	21	63
n04023962_401.JPEG	39	1	53	50
n04023962_402.JPEG	37	1	63	62
n04023962_403.JPEG	2	8	27	63
n04023962_404.JPEG	32	4	54	63
n04023962_405.JPEG	18	17	43	63
n04023962_406.JPEG	6	0	57	63
n04023962_407.JPEG	35	0	53	60
n04023962_408.JPEG	0	1	25	63
n04023962_409.JPEG	48	27	59	40
n04023962_410.JPEG	53	0	63	63
n04023962_411.JPEG	26	13	57	63
n04023962_412.JPEG	0	26	2	43
n04023962_413.JPEG	20	0	46	63
n04023962_414.JPEG	31	16	55	63
n04023962_415.JPEG	42	3	62	53
n04023962_416.JPEG	48	0	63	63
n04023962_417.JPEG	18	4	47	63
n04023962_418.JPEG	18	8	42	63
n04023962_419.JPEG	31	0	50	51
n04023962_420.JPEG	20	10	35	57
n04023962_421.JPEG	1	0	35	63
n04023962_422.JPEG	18	0	38	54
n04023962_423.JPEG	16	0	36	63
n04023962_424.JPEG	30	14	48	49
n04023962_425.JPEG	0	0	24	63
n04023962_426.JPEG	33	0	43	53
n04023962_427.JPEG	31	24	61	63
n04023962_428.JPEG	23	2	57	63
n04023962_429.JPEG	63	1	63	63
n04023962_430.JPEG	23	4	57	63
n04023962_431.JPEG	0	0	11	46
n04023962_432.JPEG	62	1	63	63
n04023962_433.JPEG	26	8	45	53
n04023962_434.JPEG	0	1	11	63
n04023962_435.JPEG	8	0	55	63
n04023962_436.JPEG	0	9	9	63
n04023962_437.JPEG	14	14	42	40
n04023962_438.JPEG	17	0	41	41
n04023962_439.JPEG	37	13	43	23
n04023962_440.JPEG	36	8	48	62
n04023962_441.JPEG	3	24	63	45
n04023962_442.JPEG	0	16	17	63
n04023962_443.JPEG	15	8	24	25
n04023962_444.JPEG	38	11	54	50
n04023962_445.JPEG	0	0	29	63
n04023962_446.JPEG	22	34	44	63
n04023962_447.JPEG	2	15	26	63
n04023962_448.JPEG	14	0	24	35
n04023962_449.JPEG	0	0	30	63
n04023962_450.JPEG	37	0	63	63
n04023962_451.JPEG	0	0	47	63
n04023962_452.JPEG	30	1	55	63
n04023962_453.JPEG	4	0	20	42
n04023962_454.JPEG	38	4	53	33
n04023962_455.JPEG	38	1	62	63
n04023962_456.JPEG	8	0	29	56
n04023962_457.JPEG	0	7	63	41
n04023962_458.JPEG	25	15	31	25
n04023962_459.JPEG	27	22	57	63
n04023962_460.JPEG	25	14	38	51
n04023962_461.JPEG	7	0	19	31
n04023962_462.JPEG	24	6	45	63
n04023962_463.JPEG	29	0	48	48
n04023962_464.JPEG	30	4	63	63
n04023962_465.JPEG	28	28	38	61
n04023962_466.JPEG	48	9	63	63
n04023962_467.JPEG	30	0	42	47
n04023962_468.JPEG	39	0	63	63
n04023962_469.JPEG	25	30	44	60
n04023962_470.JPEG	42	0	55	56
n04023962_471.JPEG	24	32	41	63
n04023962_472.JPEG	24	4	32	26
n04023962_473.JPEG	35	27	46	53
n04023962_474.JPEG	12	9	44	63
n04023962_475.JPEG	19	0	48	63
n04023962_476.JPEG	18	4	33	49
n04023962_477.JPEG	18	9	38	63
n04023962_478.JPEG	4	7	27	55
n04023962_479.JPEG	14	0	49	63
n04023962_480.JPEG	32	1	43	51
n04023962_481.JPEG	17	0	39	40
n04023962_482.JPEG	0	0	63	63
n04023962_483.JPEG	39	3	61	63
n04023962_484.JPEG	19	15	25	33
n04023962_485.JPEG	37	15	58	40
n04023962_486.JPEG	44	15	55	49
n04023962_487.JPEG	3	1	23	52
n04023962_488.JPEG	45	1	63	61
n04023962_489.JPEG	39	19	51	40
n04023962_490.JPEG	20	0	41	63
n04023962_491.JPEG	1	0	11	33
n04023962_492.JPEG	0	0	19	63
n04023962_493.JPEG	37	0	63	52
n04023962_494.JPEG	1	0	43	57
n04023962_495.JPEG	0	0	46	47
n04023962_496.JPEG	43	0	63	63
n04023962_497.JPEG	14	0	30	54
n04023962_498.JPEG	1	0	59	63
n04023962_499.JPEG	14	0	55	63
