n03126707_0.JPEG	25	3	60	61
n03126707_1.JPEG	1	1	60	63
n03126707_2.JPEG	0	26	63	63
n03126707_3.JPEG	28	7	46	63
n03126707_4.JPEG	0	29	33	48
n03126707_5.JPEG	0	0	57	63
n03126707_6.JPEG	9	0	51	63
n03126707_7.JPEG	34	2	60	63
n03126707_8.JPEG	0	0	63	63
n03126707_9.JPEG	34	0	49	29
n03126707_10.JPEG	0	1	63	63
n03126707_11.JPEG	0	6	39	63
n03126707_12.JPEG	2	0	63	63
n03126707_13.JPEG	13	9	52	46
n03126707_14.JPEG	9	0	44	63
n03126707_15.JPEG	23	8	63	53
n03126707_16.JPEG	58	1	63	28
n03126707_17.JPEG	35	13	63	41
n03126707_18.JPEG	26	0	60	63
n03126707_19.JPEG	5	0	55	37
n03126707_20.JPEG	1	0	63	63
n03126707_21.JPEG	4	3	55	63
n03126707_22.JPEG	0	0	63	63
n03126707_23.JPEG	0	32	63	60
n03126707_24.JPEG	21	6	45	63
n03126707_25.JPEG	0	4	63	41
n03126707_26.JPEG	0	4	63	63
n03126707_27.JPEG	16	0	63	63
n03126707_28.JPEG	0	11	63	63
n03126707_29.JPEG	0	1	63	62
n03126707_30.JPEG	0	0	40	63
n03126707_31.JPEG	8	0	58	49
n03126707_32.JPEG	7	0	63	63
n03126707_33.JPEG	0	0	63	45
n03126707_34.JPEG	18	0	50	63
n03126707_35.JPEG	5	0	42	63
n03126707_36.JPEG	0	0	63	63
n03126707_37.JPEG	0	2	63	60
n03126707_38.JPEG	46	9	54	27
n03126707_39.JPEG	14	1	57	63
n03126707_40.JPEG	10	0	39	63
n03126707_41.JPEG	14	11	63	56
n03126707_42.JPEG	0	3	63	63
n03126707_43.JPEG	23	0	47	60
n03126707_44.JPEG	35	0	56	33
n03126707_45.JPEG	23	3	63	57
n03126707_46.JPEG	0	4	56	63
n03126707_47.JPEG	7	34	63	51
n03126707_48.JPEG	8	0	45	63
n03126707_49.JPEG	21	0	51	43
n03126707_50.JPEG	15	3	51	48
n03126707_51.JPEG	0	0	38	63
n03126707_52.JPEG	20	0	48	63
n03126707_53.JPEG	18	0	40	63
n03126707_54.JPEG	3	0	63	63
n03126707_55.JPEG	1	0	63	63
n03126707_56.JPEG	3	14	63	52
n03126707_57.JPEG	0	5	51	63
n03126707_58.JPEG	0	10	63	63
n03126707_59.JPEG	17	0	63	63
n03126707_60.JPEG	19	23	51	63
n03126707_61.JPEG	28	23	63	41
n03126707_62.JPEG	7	4	53	63
n03126707_63.JPEG	0	14	51	46
n03126707_64.JPEG	25	6	48	63
n03126707_65.JPEG	4	0	48	56
n03126707_66.JPEG	0	0	63	63
n03126707_67.JPEG	3	0	55	63
n03126707_68.JPEG	1	0	63	18
n03126707_69.JPEG	28	0	34	36
n03126707_70.JPEG	17	7	63	40
n03126707_71.JPEG	1	0	63	63
n03126707_72.JPEG	18	8	63	55
n03126707_73.JPEG	0	0	27	41
n03126707_74.JPEG	4	4	50	61
n03126707_75.JPEG	12	0	36	50
n03126707_76.JPEG	8	0	59	63
n03126707_77.JPEG	0	10	63	51
n03126707_78.JPEG	14	9	46	63
n03126707_79.JPEG	4	0	63	63
n03126707_80.JPEG	22	6	63	61
n03126707_81.JPEG	3	21	29	63
n03126707_82.JPEG	0	0	63	55
n03126707_83.JPEG	0	2	63	63
n03126707_84.JPEG	13	0	58	55
n03126707_85.JPEG	24	6	36	32
n03126707_86.JPEG	18	4	63	48
n03126707_87.JPEG	15	0	63	63
n03126707_88.JPEG	10	0	48	63
n03126707_89.JPEG	15	14	41	63
n03126707_90.JPEG	28	1	63	63
n03126707_91.JPEG	9	0	46	63
n03126707_92.JPEG	16	1	46	63
n03126707_93.JPEG	0	0	63	63
n03126707_94.JPEG	28	0	55	58
n03126707_95.JPEG	8	3	54	57
n03126707_96.JPEG	5	0	63	63
n03126707_97.JPEG	48	1	55	29
n03126707_98.JPEG	29	1	58	55
n03126707_99.JPEG	25	14	36	58
n03126707_100.JPEG	0	0	63	63
n03126707_101.JPEG	0	16	63	52
n03126707_102.JPEG	0	3	63	63
n03126707_103.JPEG	1	9	63	63
n03126707_104.JPEG	38	14	61	48
n03126707_105.JPEG	13	39	63	63
n03126707_106.JPEG	3	1	53	26
n03126707_107.JPEG	20	0	46	53
n03126707_108.JPEG	20	0	49	61
n03126707_109.JPEG	16	10	54	42
n03126707_110.JPEG	15	0	60	63
n03126707_111.JPEG	0	6	63	61
n03126707_112.JPEG	14	0	43	63
n03126707_113.JPEG	4	0	43	63
n03126707_114.JPEG	0	20	63	31
n03126707_115.JPEG	25	0	53	63
n03126707_116.JPEG	0	2	63	63
n03126707_117.JPEG	1	3	36	43
n03126707_118.JPEG	6	0	61	63
n03126707_119.JPEG	0	16	63	63
n03126707_120.JPEG	21	38	58	63
n03126707_121.JPEG	1	0	32	63
n03126707_122.JPEG	0	0	63	63
n03126707_123.JPEG	3	0	63	63
n03126707_124.JPEG	10	43	63	63
n03126707_125.JPEG	7	0	63	63
n03126707_126.JPEG	4	0	60	63
n03126707_127.JPEG	0	46	37	63
n03126707_128.JPEG	1	0	63	63
n03126707_129.JPEG	3	0	61	63
n03126707_130.JPEG	1	0	63	63
n03126707_131.JPEG	0	0	63	63
n03126707_132.JPEG	1	0	55	63
n03126707_133.JPEG	2	0	30	63
n03126707_134.JPEG	9	0	54	63
n03126707_135.JPEG	0	9	63	31
n03126707_136.JPEG	23	29	42	40
n03126707_137.JPEG	41	3	63	63
n03126707_138.JPEG	11	0	27	0
n03126707_139.JPEG	14	0	41	63
n03126707_140.JPEG	19	1	47	59
n03126707_141.JPEG	2	0	63	63
n03126707_142.JPEG	0	1	39	63
n03126707_143.JPEG	5	9	63	49
n03126707_144.JPEG	0	0	63	63
n03126707_145.JPEG	0	7	63	63
n03126707_146.JPEG	22	0	56	63
n03126707_147.JPEG	1	0	63	56
n03126707_148.JPEG	28	0	42	63
n03126707_149.JPEG	23	0	46	63
n03126707_150.JPEG	7	5	63	54
n03126707_151.JPEG	33	32	55	53
n03126707_152.JPEG	19	0	45	51
n03126707_153.JPEG	0	17	63	63
n03126707_154.JPEG	15	0	49	47
n03126707_155.JPEG	3	4	63	54
n03126707_156.JPEG	0	10	63	63
n03126707_157.JPEG	15	34	63	52
n03126707_158.JPEG	1	16	55	63
n03126707_159.JPEG	1	0	63	63
n03126707_160.JPEG	7	1	40	61
n03126707_161.JPEG	0	2	63	62
n03126707_162.JPEG	9	0	46	63
n03126707_163.JPEG	6	31	54	55
n03126707_164.JPEG	0	12	63	63
n03126707_165.JPEG	0	1	38	47
n03126707_166.JPEG	5	13	36	62
n03126707_167.JPEG	1	0	63	63
n03126707_168.JPEG	0	2	55	45
n03126707_169.JPEG	10	0	37	63
n03126707_170.JPEG	5	0	63	52
n03126707_171.JPEG	34	0	56	32
n03126707_172.JPEG	13	0	47	63
n03126707_173.JPEG	0	6	63	50
n03126707_174.JPEG	44	0	63	63
n03126707_175.JPEG	0	6	63	46
n03126707_176.JPEG	26	12	41	61
n03126707_177.JPEG	8	10	63	63
n03126707_178.JPEG	0	6	63	62
n03126707_179.JPEG	8	13	63	63
n03126707_180.JPEG	8	12	63	58
n03126707_181.JPEG	18	1	41	62
n03126707_182.JPEG	0	1	63	51
n03126707_183.JPEG	23	0	52	52
n03126707_184.JPEG	0	3	63	61
n03126707_185.JPEG	0	4	63	62
n03126707_186.JPEG	0	1	63	63
n03126707_187.JPEG	0	0	42	45
n03126707_188.JPEG	0	4	53	54
n03126707_189.JPEG	10	0	61	63
n03126707_190.JPEG	20	0	48	63
n03126707_191.JPEG	8	1	63	63
n03126707_192.JPEG	0	0	63	61
n03126707_193.JPEG	40	0	55	63
n03126707_194.JPEG	24	23	39	44
n03126707_195.JPEG	9	3	63	63
n03126707_196.JPEG	22	0	39	58
n03126707_197.JPEG	5	2	61	63
n03126707_198.JPEG	0	3	63	63
n03126707_199.JPEG	0	13	63	63
n03126707_200.JPEG	0	1	39	38
n03126707_201.JPEG	3	0	48	63
n03126707_202.JPEG	2	0	63	63
n03126707_203.JPEG	2	3	63	63
n03126707_204.JPEG	0	19	54	63
n03126707_205.JPEG	14	0	47	63
n03126707_206.JPEG	0	0	63	62
n03126707_207.JPEG	27	0	59	63
n03126707_208.JPEG	22	30	63	63
n03126707_209.JPEG	0	38	63	45
n03126707_210.JPEG	8	0	59	61
n03126707_211.JPEG	21	8	63	41
n03126707_212.JPEG	1	3	63	40
n03126707_213.JPEG	12	0	51	63
n03126707_214.JPEG	57	1	63	34
n03126707_215.JPEG	3	0	63	63
n03126707_216.JPEG	29	1	61	44
n03126707_217.JPEG	0	10	63	63
n03126707_218.JPEG	0	1	30	46
n03126707_219.JPEG	42	0	63	63
n03126707_220.JPEG	23	4	63	31
n03126707_221.JPEG	9	0	57	63
n03126707_222.JPEG	30	5	63	63
n03126707_223.JPEG	0	1	63	52
n03126707_224.JPEG	7	1	45	61
n03126707_225.JPEG	14	0	63	63
n03126707_226.JPEG	24	1	63	56
n03126707_227.JPEG	18	1	63	63
n03126707_228.JPEG	25	22	30	42
n03126707_229.JPEG	27	0	37	63
n03126707_230.JPEG	5	0	45	63
n03126707_231.JPEG	0	2	49	43
n03126707_232.JPEG	29	14	63	63
n03126707_233.JPEG	12	0	63	63
n03126707_234.JPEG	0	15	50	63
n03126707_235.JPEG	43	25	56	56
n03126707_236.JPEG	0	1	63	63
n03126707_237.JPEG	2	0	63	63
n03126707_238.JPEG	28	29	63	57
n03126707_239.JPEG	3	0	63	63
n03126707_240.JPEG	16	6	37	39
n03126707_241.JPEG	21	7	63	63
n03126707_242.JPEG	13	1	52	49
n03126707_243.JPEG	0	1	62	61
n03126707_244.JPEG	0	2	59	54
n03126707_245.JPEG	0	30	6	55
n03126707_246.JPEG	10	5	48	61
n03126707_247.JPEG	14	1	36	56
n03126707_248.JPEG	7	0	60	50
n03126707_249.JPEG	0	21	35	63
n03126707_250.JPEG	10	0	62	63
n03126707_251.JPEG	4	0	63	63
n03126707_252.JPEG	5	0	43	57
n03126707_253.JPEG	0	14	35	63
n03126707_254.JPEG	13	17	29	60
n03126707_255.JPEG	24	2	43	54
n03126707_256.JPEG	5	0	59	63
n03126707_257.JPEG	6	0	63	63
n03126707_258.JPEG	0	0	60	63
n03126707_259.JPEG	0	4	63	55
n03126707_260.JPEG	26	1	52	42
n03126707_261.JPEG	0	8	63	63
n03126707_262.JPEG	0	6	30	63
n03126707_263.JPEG	0	0	63	63
n03126707_264.JPEG	6	0	59	30
n03126707_265.JPEG	1	7	27	63
n03126707_266.JPEG	7	6	61	61
n03126707_267.JPEG	0	4	63	63
n03126707_268.JPEG	0	1	52	63
n03126707_269.JPEG	32	4	63	53
n03126707_270.JPEG	17	3	61	46
n03126707_271.JPEG	0	0	63	63
n03126707_272.JPEG	0	7	63	63
n03126707_273.JPEG	35	20	63	37
n03126707_274.JPEG	0	0	13	63
n03126707_275.JPEG	5	0	55	63
n03126707_276.JPEG	23	14	54	43
n03126707_277.JPEG	17	0	52	63
n03126707_278.JPEG	21	8	52	57
n03126707_279.JPEG	55	33	63	62
n03126707_280.JPEG	5	0	30	63
n03126707_281.JPEG	57	0	63	63
n03126707_282.JPEG	0	0	63	63
n03126707_283.JPEG	0	15	63	58
n03126707_284.JPEG	0	0	51	63
n03126707_285.JPEG	48	45	63	62
n03126707_286.JPEG	16	0	50	63
n03126707_287.JPEG	0	1	60	53
n03126707_288.JPEG	0	6	42	63
n03126707_289.JPEG	0	18	48	39
n03126707_290.JPEG	5	0	63	28
n03126707_291.JPEG	0	0	63	63
n03126707_292.JPEG	10	0	48	63
n03126707_293.JPEG	27	27	53	63
n03126707_294.JPEG	13	4	63	28
n03126707_295.JPEG	24	12	49	58
n03126707_296.JPEG	12	6	63	53
n03126707_297.JPEG	0	0	63	63
n03126707_298.JPEG	0	1	63	63
n03126707_299.JPEG	0	2	57	58
n03126707_300.JPEG	0	0	63	59
n03126707_301.JPEG	5	0	38	63
n03126707_302.JPEG	17	5	63	53
n03126707_303.JPEG	0	3	63	57
n03126707_304.JPEG	0	0	59	63
n03126707_305.JPEG	15	0	50	63
n03126707_306.JPEG	14	0	52	63
n03126707_307.JPEG	0	11	18	27
n03126707_308.JPEG	28	13	63	63
n03126707_309.JPEG	15	0	54	63
n03126707_310.JPEG	26	12	63	47
n03126707_311.JPEG	0	7	31	41
n03126707_312.JPEG	0	1	63	63
n03126707_313.JPEG	7	5	63	63
n03126707_314.JPEG	0	3	63	58
n03126707_315.JPEG	12	0	57	55
n03126707_316.JPEG	17	20	41	39
n03126707_317.JPEG	1	6	63	53
n03126707_318.JPEG	26	2	57	58
n03126707_319.JPEG	0	0	63	63
n03126707_320.JPEG	7	0	27	8
n03126707_321.JPEG	0	15	24	32
n03126707_322.JPEG	35	0	63	31
n03126707_323.JPEG	14	0	49	56
n03126707_324.JPEG	33	23	45	34
n03126707_325.JPEG	8	16	60	48
n03126707_326.JPEG	24	8	63	53
n03126707_327.JPEG	26	10	45	56
n03126707_328.JPEG	33	23	63	43
n03126707_329.JPEG	0	0	63	63
n03126707_330.JPEG	0	1	63	63
n03126707_331.JPEG	5	6	63	60
n03126707_332.JPEG	13	19	45	52
n03126707_333.JPEG	43	35	57	55
n03126707_334.JPEG	0	9	63	63
n03126707_335.JPEG	14	0	63	63
n03126707_336.JPEG	0	6	58	56
n03126707_337.JPEG	0	13	63	63
n03126707_338.JPEG	13	12	26	47
n03126707_339.JPEG	25	6	63	17
n03126707_340.JPEG	35	0	58	61
n03126707_341.JPEG	2	0	63	63
n03126707_342.JPEG	0	0	63	63
n03126707_343.JPEG	0	2	59	49
n03126707_344.JPEG	17	2	57	63
n03126707_345.JPEG	7	0	44	63
n03126707_346.JPEG	11	0	58	63
n03126707_347.JPEG	20	8	63	63
n03126707_348.JPEG	34	3	63	49
n03126707_349.JPEG	16	4	53	63
n03126707_350.JPEG	10	4	63	50
n03126707_351.JPEG	0	0	63	63
n03126707_352.JPEG	2	14	18	63
n03126707_353.JPEG	12	0	37	63
n03126707_354.JPEG	9	0	54	63
n03126707_355.JPEG	0	0	63	50
n03126707_356.JPEG	14	8	51	56
n03126707_357.JPEG	11	0	55	63
n03126707_358.JPEG	10	0	63	52
n03126707_359.JPEG	0	0	63	63
n03126707_360.JPEG	0	26	33	63
n03126707_361.JPEG	20	18	63	46
n03126707_362.JPEG	3	6	49	43
n03126707_363.JPEG	0	14	37	48
n03126707_364.JPEG	25	12	39	43
n03126707_365.JPEG	0	0	63	63
n03126707_366.JPEG	0	0	60	63
n03126707_367.JPEG	0	12	63	59
n03126707_368.JPEG	24	0	63	63
n03126707_369.JPEG	0	2	63	63
n03126707_370.JPEG	46	12	63	41
n03126707_371.JPEG	15	8	28	31
n03126707_372.JPEG	16	3	57	61
n03126707_373.JPEG	0	2	63	63
n03126707_374.JPEG	0	1	63	56
n03126707_375.JPEG	49	2	63	63
n03126707_376.JPEG	8	0	38	63
n03126707_377.JPEG	43	13	63	63
n03126707_378.JPEG	0	13	63	63
n03126707_379.JPEG	20	6	55	57
n03126707_380.JPEG	0	14	63	48
n03126707_381.JPEG	22	4	63	58
n03126707_382.JPEG	0	2	56	62
n03126707_383.JPEG	6	0	63	20
n03126707_384.JPEG	0	11	63	49
n03126707_385.JPEG	0	3	63	63
n03126707_386.JPEG	0	32	63	63
n03126707_387.JPEG	7	0	54	63
n03126707_388.JPEG	11	0	52	59
n03126707_389.JPEG	0	5	63	49
n03126707_390.JPEG	14	1	63	63
n03126707_391.JPEG	0	10	63	39
n03126707_392.JPEG	0	0	34	55
n03126707_393.JPEG	32	38	40	49
n03126707_394.JPEG	3	0	31	37
n03126707_395.JPEG	44	0	63	63
n03126707_396.JPEG	0	7	63	48
n03126707_397.JPEG	0	16	63	60
n03126707_398.JPEG	0	1	63	60
n03126707_399.JPEG	25	0	39	63
n03126707_400.JPEG	50	9	63	43
n03126707_401.JPEG	4	28	41	63
n03126707_402.JPEG	1	20	41	43
n03126707_403.JPEG	0	4	63	59
n03126707_404.JPEG	0	0	63	63
n03126707_405.JPEG	47	1	63	56
n03126707_406.JPEG	33	32	63	43
n03126707_407.JPEG	0	0	23	30
n03126707_408.JPEG	8	4	63	63
n03126707_409.JPEG	39	21	55	63
n03126707_410.JPEG	9	0	63	63
n03126707_411.JPEG	0	0	63	61
n03126707_412.JPEG	0	0	63	63
n03126707_413.JPEG	25	0	56	63
n03126707_414.JPEG	4	0	63	32
n03126707_415.JPEG	15	27	30	63
n03126707_416.JPEG	0	6	62	45
n03126707_417.JPEG	22	0	59	63
n03126707_418.JPEG	0	1	38	61
n03126707_419.JPEG	0	9	63	61
n03126707_420.JPEG	8	3	63	63
n03126707_421.JPEG	20	38	49	53
n03126707_422.JPEG	0	1	63	33
n03126707_423.JPEG	22	2	45	63
n03126707_424.JPEG	4	0	61	63
n03126707_425.JPEG	2	0	61	63
n03126707_426.JPEG	11	8	57	56
n03126707_427.JPEG	3	11	63	51
n03126707_428.JPEG	9	6	63	50
n03126707_429.JPEG	0	1	63	46
n03126707_430.JPEG	0	0	63	63
n03126707_431.JPEG	0	9	63	62
n03126707_432.JPEG	0	9	63	62
n03126707_433.JPEG	24	6	43	63
n03126707_434.JPEG	16	3	41	52
n03126707_435.JPEG	0	1	63	63
n03126707_436.JPEG	50	10	63	49
n03126707_437.JPEG	23	14	46	37
n03126707_438.JPEG	37	13	63	63
n03126707_439.JPEG	30	45	35	63
n03126707_440.JPEG	8	5	51	41
n03126707_441.JPEG	0	4	63	60
n03126707_442.JPEG	25	0	59	60
n03126707_443.JPEG	26	6	36	26
n03126707_444.JPEG	29	0	63	63
n03126707_445.JPEG	5	3	53	63
n03126707_446.JPEG	10	14	63	51
n03126707_447.JPEG	33	13	63	50
n03126707_448.JPEG	18	0	35	63
n03126707_449.JPEG	0	0	63	45
n03126707_450.JPEG	0	0	63	63
n03126707_451.JPEG	0	0	32	63
n03126707_452.JPEG	0	0	63	63
n03126707_453.JPEG	13	0	63	43
n03126707_454.JPEG	0	19	63	63
n03126707_455.JPEG	8	15	54	63
n03126707_456.JPEG	22	8	53	34
n03126707_457.JPEG	17	6	63	33
n03126707_458.JPEG	2	2	63	62
n03126707_459.JPEG	0	28	63	47
n03126707_460.JPEG	0	1	63	63
n03126707_461.JPEG	0	19	30	43
n03126707_462.JPEG	1	0	63	63
n03126707_463.JPEG	30	20	38	43
n03126707_464.JPEG	36	30	51	58
n03126707_465.JPEG	28	9	38	42
n03126707_466.JPEG	1	0	63	63
n03126707_467.JPEG	5	14	63	56
n03126707_468.JPEG	13	0	19	5
n03126707_469.JPEG	12	0	63	63
n03126707_470.JPEG	24	9	59	40
n03126707_471.JPEG	18	5	55	58
n03126707_472.JPEG	4	0	58	63
n03126707_473.JPEG	7	0	52	53
n03126707_474.JPEG	5	0	57	63
n03126707_475.JPEG	0	10	63	63
n03126707_476.JPEG	51	10	63	54
n03126707_477.JPEG	0	15	63	62
n03126707_478.JPEG	30	0	43	60
n03126707_479.JPEG	16	4	59	44
n03126707_480.JPEG	0	30	33	63
n03126707_481.JPEG	0	10	63	56
n03126707_482.JPEG	3	0	60	63
n03126707_483.JPEG	33	13	57	58
n03126707_484.JPEG	0	42	63	63
n03126707_485.JPEG	0	0	42	63
n03126707_486.JPEG	0	0	63	63
n03126707_487.JPEG	36	0	63	50
n03126707_488.JPEG	0	0	63	63
n03126707_489.JPEG	1	0	63	63
n03126707_490.JPEG	24	7	50	52
n03126707_491.JPEG	24	4	47	63
n03126707_492.JPEG	5	0	63	63
n03126707_493.JPEG	1	12	63	63
n03126707_494.JPEG	0	10	63	40
n03126707_495.JPEG	1	0	55	63
n03126707_496.JPEG	0	2	63	63
n03126707_497.JPEG	0	0	63	54
n03126707_498.JPEG	10	0	24	29
n03126707_499.JPEG	14	0	59	63
