n03085013_0.JPEG	0	0	63	63
n03085013_1.JPEG	0	8	37	58
n03085013_2.JPEG	0	16	63	63
n03085013_3.JPEG	3	40	63	63
n03085013_4.JPEG	18	35	63	51
n03085013_5.JPEG	0	0	49	63
n03085013_6.JPEG	0	0	63	63
n03085013_7.JPEG	0	5	63	58
n03085013_8.JPEG	1	9	57	63
n03085013_9.JPEG	0	4	25	24
n03085013_10.JPEG	0	0	62	63
n03085013_11.JPEG	0	0	63	63
n03085013_12.JPEG	0	9	63	63
n03085013_13.JPEG	20	36	63	52
n03085013_14.JPEG	0	3	63	55
n03085013_15.JPEG	0	0	63	63
n03085013_16.JPEG	0	43	14	63
n03085013_17.JPEG	0	0	63	63
n03085013_18.JPEG	0	0	63	63
n03085013_19.JPEG	0	13	63	52
n03085013_20.JPEG	0	0	63	63
n03085013_21.JPEG	0	0	59	63
n03085013_22.JPEG	0	1	63	63
n03085013_23.JPEG	0	8	63	63
n03085013_24.JPEG	0	0	63	63
n03085013_25.JPEG	0	1	63	63
n03085013_26.JPEG	3	21	63	48
n03085013_27.JPEG	0	0	63	63
n03085013_28.JPEG	0	9	63	35
n03085013_29.JPEG	0	18	63	52
n03085013_30.JPEG	0	0	63	63
n03085013_31.JPEG	0	0	63	63
n03085013_32.JPEG	0	0	63	46
n03085013_33.JPEG	0	0	63	63
n03085013_34.JPEG	0	11	63	63
n03085013_35.JPEG	0	1	63	63
n03085013_36.JPEG	0	3	63	35
n03085013_37.JPEG	0	0	63	63
n03085013_38.JPEG	0	0	31	63
n03085013_39.JPEG	31	35	63	63
n03085013_40.JPEG	0	0	63	63
n03085013_41.JPEG	0	0	63	63
n03085013_42.JPEG	0	0	63	63
n03085013_43.JPEG	29	50	62	56
n03085013_44.JPEG	0	16	56	41
n03085013_45.JPEG	0	11	31	50
n03085013_46.JPEG	0	0	63	63
n03085013_47.JPEG	0	0	63	63
n03085013_48.JPEG	0	0	63	63
n03085013_49.JPEG	0	0	63	63
n03085013_50.JPEG	4	18	63	60
n03085013_51.JPEG	0	1	63	63
n03085013_52.JPEG	0	1	63	63
n03085013_53.JPEG	0	0	63	63
n03085013_54.JPEG	0	15	63	63
n03085013_55.JPEG	0	53	56	63
n03085013_56.JPEG	0	51	63	63
n03085013_57.JPEG	0	15	63	63
n03085013_58.JPEG	0	1	63	63
n03085013_59.JPEG	0	1	63	63
n03085013_60.JPEG	10	10	55	63
n03085013_61.JPEG	0	29	63	63
n03085013_62.JPEG	0	29	59	47
n03085013_63.JPEG	0	12	63	42
n03085013_64.JPEG	0	37	63	63
n03085013_65.JPEG	0	4	63	63
n03085013_66.JPEG	0	2	63	63
n03085013_67.JPEG	25	26	63	63
n03085013_68.JPEG	0	1	63	63
n03085013_69.JPEG	0	0	63	63
n03085013_70.JPEG	0	1	63	63
n03085013_71.JPEG	0	8	63	52
n03085013_72.JPEG	0	22	63	54
n03085013_73.JPEG	0	27	63	63
n03085013_74.JPEG	9	23	29	29
n03085013_75.JPEG	0	0	63	63
n03085013_76.JPEG	0	18	63	47
n03085013_77.JPEG	0	0	63	63
n03085013_78.JPEG	0	1	63	63
n03085013_79.JPEG	0	25	63	63
n03085013_80.JPEG	3	7	63	35
n03085013_81.JPEG	0	1	63	63
n03085013_82.JPEG	0	37	53	63
n03085013_83.JPEG	6	45	55	60
n03085013_84.JPEG	0	6	63	63
n03085013_85.JPEG	0	0	63	63
n03085013_86.JPEG	0	14	63	59
n03085013_87.JPEG	0	1	63	63
n03085013_88.JPEG	0	17	63	62
n03085013_89.JPEG	0	0	63	63
n03085013_90.JPEG	0	27	63	54
n03085013_91.JPEG	0	46	63	63
n03085013_92.JPEG	0	0	63	63
n03085013_93.JPEG	36	32	62	39
n03085013_94.JPEG	0	18	63	52
n03085013_95.JPEG	18	62	63	63
n03085013_96.JPEG	7	0	59	21
n03085013_97.JPEG	0	7	63	63
n03085013_98.JPEG	0	1	63	63
n03085013_99.JPEG	0	0	63	63
n03085013_100.JPEG	0	6	63	63
n03085013_101.JPEG	0	35	63	63
n03085013_102.JPEG	0	0	63	63
n03085013_103.JPEG	0	3	63	63
n03085013_104.JPEG	0	0	63	63
n03085013_105.JPEG	0	1	63	41
n03085013_106.JPEG	0	12	63	63
n03085013_107.JPEG	0	27	44	57
n03085013_108.JPEG	0	18	63	49
n03085013_109.JPEG	0	0	63	63
n03085013_110.JPEG	0	0	63	63
n03085013_111.JPEG	0	12	63	63
n03085013_112.JPEG	0	0	63	63
n03085013_113.JPEG	0	33	63	63
n03085013_114.JPEG	0	15	60	52
n03085013_115.JPEG	0	1	63	63
n03085013_116.JPEG	2	21	63	44
n03085013_117.JPEG	0	21	63	46
n03085013_118.JPEG	28	31	63	60
n03085013_119.JPEG	0	0	63	51
n03085013_120.JPEG	0	8	63	63
n03085013_121.JPEG	0	0	63	63
n03085013_122.JPEG	11	14	63	55
n03085013_123.JPEG	0	5	63	63
n03085013_124.JPEG	0	0	63	63
n03085013_125.JPEG	0	0	63	63
n03085013_126.JPEG	4	35	59	47
n03085013_127.JPEG	14	32	38	46
n03085013_128.JPEG	50	45	63	63
n03085013_129.JPEG	20	32	63	63
n03085013_130.JPEG	11	0	63	45
n03085013_131.JPEG	0	0	63	63
n03085013_132.JPEG	1	0	63	63
n03085013_133.JPEG	0	1	63	63
n03085013_134.JPEG	0	1	63	63
n03085013_135.JPEG	0	15	63	34
n03085013_136.JPEG	0	2	63	55
n03085013_137.JPEG	0	30	55	60
n03085013_138.JPEG	0	0	63	63
n03085013_139.JPEG	31	15	63	60
n03085013_140.JPEG	0	1	63	63
n03085013_141.JPEG	30	26	63	58
n03085013_142.JPEG	11	47	58	61
n03085013_143.JPEG	0	0	63	63
n03085013_144.JPEG	0	0	63	63
n03085013_145.JPEG	0	4	63	63
n03085013_146.JPEG	20	43	57	63
n03085013_147.JPEG	1	16	63	49
n03085013_148.JPEG	0	24	63	60
n03085013_149.JPEG	0	1	63	63
n03085013_150.JPEG	18	32	38	35
n03085013_151.JPEG	0	1	63	63
n03085013_152.JPEG	0	0	63	63
n03085013_153.JPEG	0	0	63	63
n03085013_154.JPEG	0	1	63	63
n03085013_155.JPEG	1	0	63	63
n03085013_156.JPEG	0	33	63	63
n03085013_157.JPEG	15	59	60	63
n03085013_158.JPEG	0	44	54	59
n03085013_159.JPEG	0	0	63	63
n03085013_160.JPEG	23	16	39	52
n03085013_161.JPEG	0	0	63	63
n03085013_162.JPEG	0	7	63	63
n03085013_163.JPEG	0	0	63	63
n03085013_164.JPEG	0	1	63	63
n03085013_165.JPEG	0	24	63	55
n03085013_166.JPEG	0	0	63	63
n03085013_167.JPEG	0	33	63	63
n03085013_168.JPEG	0	22	50	38
n03085013_169.JPEG	0	1	63	63
n03085013_170.JPEG	16	24	63	63
n03085013_171.JPEG	0	47	38	63
n03085013_172.JPEG	20	40	37	63
n03085013_173.JPEG	0	39	63	63
n03085013_174.JPEG	0	1	63	63
n03085013_175.JPEG	0	0	63	58
n03085013_176.JPEG	0	11	63	63
n03085013_177.JPEG	0	0	63	63
n03085013_178.JPEG	0	9	63	43
n03085013_179.JPEG	0	6	63	63
n03085013_180.JPEG	21	34	50	49
n03085013_181.JPEG	0	3	63	63
n03085013_182.JPEG	0	0	63	61
n03085013_183.JPEG	0	0	63	63
n03085013_184.JPEG	0	0	41	15
n03085013_185.JPEG	0	1	63	63
n03085013_186.JPEG	18	40	47	46
n03085013_187.JPEG	0	0	63	63
n03085013_188.JPEG	14	30	25	40
n03085013_189.JPEG	0	0	63	63
n03085013_190.JPEG	13	27	63	63
n03085013_191.JPEG	1	5	25	46
n03085013_192.JPEG	0	2	63	63
n03085013_193.JPEG	0	0	63	63
n03085013_194.JPEG	0	1	63	63
n03085013_195.JPEG	0	1	63	63
n03085013_196.JPEG	0	20	63	55
n03085013_197.JPEG	0	3	63	44
n03085013_198.JPEG	0	0	63	63
n03085013_199.JPEG	0	1	63	63
n03085013_200.JPEG	0	0	63	63
n03085013_201.JPEG	0	1	63	63
n03085013_202.JPEG	0	1	63	63
n03085013_203.JPEG	1	0	63	37
n03085013_204.JPEG	0	29	63	63
n03085013_205.JPEG	0	41	63	61
n03085013_206.JPEG	0	1	63	63
n03085013_207.JPEG	0	0	63	63
n03085013_208.JPEG	0	24	63	63
n03085013_209.JPEG	0	0	63	47
n03085013_210.JPEG	0	0	63	63
n03085013_211.JPEG	2	30	63	52
n03085013_212.JPEG	20	29	63	62
n03085013_213.JPEG	0	1	63	63
n03085013_214.JPEG	0	0	63	63
n03085013_215.JPEG	1	0	63	63
n03085013_216.JPEG	0	12	63	55
n03085013_217.JPEG	0	6	63	63
n03085013_218.JPEG	1	0	63	63
n03085013_219.JPEG	0	1	63	63
n03085013_220.JPEG	0	2	63	63
n03085013_221.JPEG	0	0	63	63
n03085013_222.JPEG	0	0	63	63
n03085013_223.JPEG	0	0	63	63
n03085013_224.JPEG	0	34	63	63
n03085013_225.JPEG	0	1	63	63
n03085013_226.JPEG	0	40	63	63
n03085013_227.JPEG	0	3	63	57
n03085013_228.JPEG	0	1	63	63
n03085013_229.JPEG	0	53	63	63
n03085013_230.JPEG	0	5	63	58
n03085013_231.JPEG	0	15	63	63
n03085013_232.JPEG	0	15	63	60
n03085013_233.JPEG	6	8	63	57
n03085013_234.JPEG	0	0	63	63
n03085013_235.JPEG	0	16	63	63
n03085013_236.JPEG	0	0	63	63
n03085013_237.JPEG	5	32	59	51
n03085013_238.JPEG	0	1	48	63
n03085013_239.JPEG	0	1	63	63
n03085013_240.JPEG	0	39	28	53
n03085013_241.JPEG	0	0	63	63
n03085013_242.JPEG	0	40	63	63
n03085013_243.JPEG	0	18	63	40
n03085013_244.JPEG	0	27	9	50
n03085013_245.JPEG	25	8	63	57
n03085013_246.JPEG	0	1	63	63
n03085013_247.JPEG	0	1	63	63
n03085013_248.JPEG	0	37	63	62
n03085013_249.JPEG	0	1	63	63
n03085013_250.JPEG	0	38	25	53
n03085013_251.JPEG	7	37	59	52
n03085013_252.JPEG	0	1	63	63
n03085013_253.JPEG	0	1	63	43
n03085013_254.JPEG	0	0	63	63
n03085013_255.JPEG	0	12	63	63
n03085013_256.JPEG	0	9	63	43
n03085013_257.JPEG	0	0	63	63
n03085013_258.JPEG	0	0	63	63
n03085013_259.JPEG	0	0	63	63
n03085013_260.JPEG	0	4	63	63
n03085013_261.JPEG	0	16	63	63
n03085013_262.JPEG	0	4	63	63
n03085013_263.JPEG	0	4	63	63
n03085013_264.JPEG	0	41	61	62
n03085013_265.JPEG	0	0	63	63
n03085013_266.JPEG	0	20	63	63
n03085013_267.JPEG	0	0	63	63
n03085013_268.JPEG	0	0	63	63
n03085013_269.JPEG	1	0	63	63
n03085013_270.JPEG	0	10	63	63
n03085013_271.JPEG	0	0	63	63
n03085013_272.JPEG	0	22	63	63
n03085013_273.JPEG	0	0	63	57
n03085013_274.JPEG	0	23	63	63
n03085013_275.JPEG	0	9	58	63
n03085013_276.JPEG	0	0	63	63
n03085013_277.JPEG	0	3	63	57
n03085013_278.JPEG	0	1	63	63
n03085013_279.JPEG	15	39	46	50
n03085013_280.JPEG	0	0	63	63
n03085013_281.JPEG	0	16	63	63
n03085013_282.JPEG	11	38	57	63
n03085013_283.JPEG	0	1	63	63
n03085013_284.JPEG	0	0	63	63
n03085013_285.JPEG	0	10	63	63
n03085013_286.JPEG	0	1	63	63
n03085013_287.JPEG	0	0	63	63
n03085013_288.JPEG	0	0	63	63
n03085013_289.JPEG	0	12	63	36
n03085013_290.JPEG	0	0	63	63
n03085013_291.JPEG	0	33	54	63
n03085013_292.JPEG	0	5	63	57
n03085013_293.JPEG	0	21	60	41
n03085013_294.JPEG	0	0	35	38
n03085013_295.JPEG	1	51	37	60
n03085013_296.JPEG	0	0	63	63
n03085013_297.JPEG	0	28	15	45
n03085013_298.JPEG	0	1	63	63
n03085013_299.JPEG	0	10	63	63
n03085013_300.JPEG	0	16	61	41
n03085013_301.JPEG	0	26	32	45
n03085013_302.JPEG	20	48	61	61
n03085013_303.JPEG	0	24	63	53
n03085013_304.JPEG	0	50	58	63
n03085013_305.JPEG	51	43	63	57
n03085013_306.JPEG	0	24	25	63
n03085013_307.JPEG	0	12	62	58
n03085013_308.JPEG	0	12	63	63
n03085013_309.JPEG	0	39	63	63
n03085013_310.JPEG	9	1	63	63
n03085013_311.JPEG	0	3	63	61
n03085013_312.JPEG	0	21	63	47
n03085013_313.JPEG	0	8	63	58
n03085013_314.JPEG	0	1	63	63
n03085013_315.JPEG	18	38	44	48
n03085013_316.JPEG	6	46	63	63
n03085013_317.JPEG	6	35	36	55
n03085013_318.JPEG	0	0	63	63
n03085013_319.JPEG	0	13	63	63
n03085013_320.JPEG	0	11	63	46
n03085013_321.JPEG	0	9	63	41
n03085013_322.JPEG	0	13	63	46
n03085013_323.JPEG	0	29	63	57
n03085013_324.JPEG	0	0	63	63
n03085013_325.JPEG	0	0	63	63
n03085013_326.JPEG	1	0	63	63
n03085013_327.JPEG	0	4	63	47
n03085013_328.JPEG	7	47	48	63
n03085013_329.JPEG	3	33	29	49
n03085013_330.JPEG	0	7	63	63
n03085013_331.JPEG	22	44	63	55
n03085013_332.JPEG	0	13	63	41
n03085013_333.JPEG	0	39	63	63
n03085013_334.JPEG	0	8	63	63
n03085013_335.JPEG	0	6	63	59
n03085013_336.JPEG	16	37	46	46
n03085013_337.JPEG	27	47	63	63
n03085013_338.JPEG	0	5	63	62
n03085013_339.JPEG	27	5	63	47
n03085013_340.JPEG	0	27	63	54
n03085013_341.JPEG	0	26	63	63
n03085013_342.JPEG	0	0	63	63
n03085013_343.JPEG	0	0	63	63
n03085013_344.JPEG	0	1	63	63
n03085013_345.JPEG	0	0	63	63
n03085013_346.JPEG	8	8	52	63
n03085013_347.JPEG	7	50	44	62
n03085013_348.JPEG	5	47	44	63
n03085013_349.JPEG	0	13	63	52
n03085013_350.JPEG	0	0	63	63
n03085013_351.JPEG	16	41	63	63
n03085013_352.JPEG	0	11	63	63
n03085013_353.JPEG	0	0	63	63
n03085013_354.JPEG	0	26	63	63
n03085013_355.JPEG	0	0	63	53
n03085013_356.JPEG	0	8	63	63
n03085013_357.JPEG	0	39	63	63
n03085013_358.JPEG	0	1	63	63
n03085013_359.JPEG	0	9	63	37
n03085013_360.JPEG	0	1	63	63
n03085013_361.JPEG	0	45	63	63
n03085013_362.JPEG	6	41	37	63
n03085013_363.JPEG	18	29	61	63
n03085013_364.JPEG	0	6	63	63
n03085013_365.JPEG	0	14	63	62
n03085013_366.JPEG	0	0	63	63
n03085013_367.JPEG	0	0	63	63
n03085013_368.JPEG	0	16	63	63
n03085013_369.JPEG	17	17	58	63
n03085013_370.JPEG	0	21	63	63
n03085013_371.JPEG	0	1	63	63
n03085013_372.JPEG	0	0	63	63
n03085013_373.JPEG	0	0	63	63
n03085013_374.JPEG	0	4	63	63
n03085013_375.JPEG	0	3	63	63
n03085013_376.JPEG	0	3	63	61
n03085013_377.JPEG	43	47	63	63
n03085013_378.JPEG	0	1	63	63
n03085013_379.JPEG	0	1	63	63
n03085013_380.JPEG	0	19	63	63
n03085013_381.JPEG	0	1	63	63
n03085013_382.JPEG	1	0	63	63
n03085013_383.JPEG	0	1	63	49
n03085013_384.JPEG	0	0	63	21
n03085013_385.JPEG	0	1	63	63
n03085013_386.JPEG	0	9	63	28
n03085013_387.JPEG	0	0	63	63
n03085013_388.JPEG	0	0	63	63
n03085013_389.JPEG	0	0	63	63
n03085013_390.JPEG	0	11	63	63
n03085013_391.JPEG	8	46	49	58
n03085013_392.JPEG	0	24	63	63
n03085013_393.JPEG	0	32	43	63
n03085013_394.JPEG	0	10	52	63
n03085013_395.JPEG	11	41	47	53
n03085013_396.JPEG	0	1	52	60
n03085013_397.JPEG	19	17	53	39
n03085013_398.JPEG	0	2	63	57
n03085013_399.JPEG	0	1	63	63
n03085013_400.JPEG	0	0	63	63
n03085013_401.JPEG	0	8	63	59
n03085013_402.JPEG	0	14	63	52
n03085013_403.JPEG	0	7	63	63
n03085013_404.JPEG	0	36	47	50
n03085013_405.JPEG	0	16	63	63
n03085013_406.JPEG	0	34	63	63
n03085013_407.JPEG	0	0	63	63
n03085013_408.JPEG	0	14	63	63
n03085013_409.JPEG	0	0	63	63
n03085013_410.JPEG	0	25	49	62
n03085013_411.JPEG	0	19	63	49
n03085013_412.JPEG	0	0	63	63
n03085013_413.JPEG	0	0	63	63
n03085013_414.JPEG	0	25	51	53
n03085013_415.JPEG	0	1	63	63
n03085013_416.JPEG	30	58	41	63
n03085013_417.JPEG	0	0	63	63
n03085013_418.JPEG	0	1	63	63
n03085013_419.JPEG	0	32	25	44
n03085013_420.JPEG	0	13	63	33
n03085013_421.JPEG	0	9	63	42
n03085013_422.JPEG	0	7	63	63
n03085013_423.JPEG	0	0	63	63
n03085013_424.JPEG	0	9	63	63
n03085013_425.JPEG	0	19	63	48
n03085013_426.JPEG	21	14	63	33
n03085013_427.JPEG	0	0	63	63
n03085013_428.JPEG	0	3	61	28
n03085013_429.JPEG	15	43	63	63
n03085013_430.JPEG	0	0	63	63
n03085013_431.JPEG	0	29	63	49
n03085013_432.JPEG	0	1	63	63
n03085013_433.JPEG	0	18	63	63
n03085013_434.JPEG	25	14	61	63
n03085013_435.JPEG	0	0	63	63
n03085013_436.JPEG	45	1	63	63
n03085013_437.JPEG	0	13	63	63
n03085013_438.JPEG	0	6	63	63
n03085013_439.JPEG	0	15	63	52
n03085013_440.JPEG	0	0	63	63
n03085013_441.JPEG	0	0	63	63
n03085013_442.JPEG	0	1	63	63
n03085013_443.JPEG	0	17	63	59
n03085013_444.JPEG	0	0	63	63
n03085013_445.JPEG	0	1	63	63
n03085013_446.JPEG	0	0	63	63
n03085013_447.JPEG	0	0	63	63
n03085013_448.JPEG	0	0	63	63
n03085013_449.JPEG	0	1	63	51
n03085013_450.JPEG	0	9	63	56
n03085013_451.JPEG	1	0	63	53
n03085013_452.JPEG	0	1	63	63
n03085013_453.JPEG	0	0	63	63
n03085013_454.JPEG	0	48	63	63
n03085013_455.JPEG	0	0	63	63
n03085013_456.JPEG	11	53	63	63
n03085013_457.JPEG	0	43	51	63
n03085013_458.JPEG	0	0	63	63
n03085013_459.JPEG	1	0	63	63
n03085013_460.JPEG	0	0	63	63
n03085013_461.JPEG	0	0	63	63
n03085013_462.JPEG	2	19	63	63
n03085013_463.JPEG	0	13	63	63
n03085013_464.JPEG	0	1	63	63
n03085013_465.JPEG	0	14	63	61
n03085013_466.JPEG	0	0	63	63
n03085013_467.JPEG	0	0	63	63
n03085013_468.JPEG	0	0	63	63
n03085013_469.JPEG	15	38	40	47
n03085013_470.JPEG	21	0	63	49
n03085013_471.JPEG	0	1	63	63
n03085013_472.JPEG	20	32	62	45
n03085013_473.JPEG	18	30	42	35
n03085013_474.JPEG	0	0	63	63
n03085013_475.JPEG	0	21	63	54
n03085013_476.JPEG	0	0	63	63
n03085013_477.JPEG	0	1	63	63
n03085013_478.JPEG	0	37	44	63
n03085013_479.JPEG	0	0	63	63
n03085013_480.JPEG	32	1	63	38
n03085013_481.JPEG	0	13	63	42
n03085013_482.JPEG	0	1	63	63
n03085013_483.JPEG	8	23	18	31
n03085013_484.JPEG	0	1	63	63
n03085013_485.JPEG	0	0	63	63
n03085013_486.JPEG	0	46	63	63
n03085013_487.JPEG	0	15	63	63
n03085013_488.JPEG	0	2	63	60
n03085013_489.JPEG	0	0	63	63
n03085013_490.JPEG	51	21	63	44
n03085013_491.JPEG	0	1	63	63
n03085013_492.JPEG	0	14	63	60
n03085013_493.JPEG	0	35	62	48
n03085013_494.JPEG	0	1	63	37
n03085013_495.JPEG	0	0	63	63
n03085013_496.JPEG	0	15	63	42
n03085013_497.JPEG	0	21	63	63
n03085013_498.JPEG	0	4	63	61
n03085013_499.JPEG	0	1	63	63
