n02699494_0.JPEG	0	30	63	60
n02699494_1.JPEG	2	0	62	63
n02699494_2.JPEG	16	20	53	63
n02699494_3.JPEG	12	44	53	63
n02699494_4.JPEG	22	7	45	22
n02699494_5.JPEG	21	23	42	42
n02699494_6.JPEG	0	1	63	58
n02699494_7.JPEG	17	25	48	63
n02699494_8.JPEG	0	0	63	63
n02699494_9.JPEG	24	38	44	63
n02699494_10.JPEG	0	2	63	62
n02699494_11.JPEG	0	0	63	63
n02699494_12.JPEG	14	0	58	63
n02699494_13.JPEG	23	54	40	63
n02699494_14.JPEG	18	16	53	52
n02699494_15.JPEG	21	24	44	63
n02699494_16.JPEG	17	37	45	57
n02699494_17.JPEG	12	32	51	56
n02699494_18.JPEG	0	0	63	63
n02699494_19.JPEG	18	0	45	46
n02699494_20.JPEG	20	10	57	63
n02699494_21.JPEG	0	37	63	63
n02699494_22.JPEG	7	0	58	63
n02699494_23.JPEG	11	52	55	63
n02699494_24.JPEG	17	23	47	49
n02699494_25.JPEG	2	53	63	62
n02699494_26.JPEG	18	18	43	58
n02699494_27.JPEG	15	9	46	58
n02699494_28.JPEG	0	0	63	63
n02699494_29.JPEG	17	14	49	59
n02699494_30.JPEG	25	48	38	57
n02699494_31.JPEG	0	0	63	63
n02699494_32.JPEG	19	1	44	59
n02699494_33.JPEG	1	0	62	63
n02699494_34.JPEG	21	38	44	47
n02699494_35.JPEG	6	57	59	63
n02699494_36.JPEG	26	28	38	49
n02699494_37.JPEG	17	55	50	63
n02699494_38.JPEG	0	46	63	63
n02699494_39.JPEG	18	10	44	45
n02699494_40.JPEG	6	1	63	63
n02699494_41.JPEG	0	62	63	63
n02699494_42.JPEG	1	8	63	63
n02699494_43.JPEG	12	38	58	63
n02699494_44.JPEG	30	10	40	43
n02699494_45.JPEG	6	3	59	40
n02699494_46.JPEG	3	56	63	63
n02699494_47.JPEG	0	11	63	63
n02699494_48.JPEG	26	29	39	43
n02699494_49.JPEG	22	43	44	51
n02699494_50.JPEG	13	11	49	45
n02699494_51.JPEG	13	47	59	63
n02699494_52.JPEG	0	0	63	63
n02699494_53.JPEG	0	0	63	63
n02699494_54.JPEG	0	31	63	63
n02699494_55.JPEG	0	20	63	60
n02699494_56.JPEG	10	35	55	60
n02699494_57.JPEG	18	53	44	63
n02699494_58.JPEG	15	8	49	63
n02699494_59.JPEG	0	0	63	63
n02699494_60.JPEG	13	4	54	54
n02699494_61.JPEG	0	2	63	63
n02699494_62.JPEG	24	3	40	56
n02699494_63.JPEG	18	19	46	48
n02699494_64.JPEG	0	27	63	63
n02699494_65.JPEG	29	0	39	3
n02699494_66.JPEG	1	8	63	63
n02699494_67.JPEG	35	63	63	63
n02699494_68.JPEG	46	35	63	63
n02699494_69.JPEG	34	27	39	36
n02699494_70.JPEG	3	0	61	63
n02699494_71.JPEG	14	38	48	57
n02699494_72.JPEG	10	0	55	63
n02699494_73.JPEG	14	0	41	54
n02699494_74.JPEG	1	0	63	63
n02699494_75.JPEG	9	40	53	58
n02699494_76.JPEG	23	56	46	60
n02699494_77.JPEG	19	30	45	42
n02699494_78.JPEG	0	27	63	63
n02699494_79.JPEG	0	0	63	63
n02699494_80.JPEG	0	1	63	63
n02699494_81.JPEG	18	0	46	63
n02699494_82.JPEG	1	0	63	63
n02699494_83.JPEG	21	12	46	63
n02699494_84.JPEG	0	0	63	63
n02699494_85.JPEG	1	54	59	63
n02699494_86.JPEG	9	0	52	63
n02699494_87.JPEG	1	0	63	63
n02699494_88.JPEG	5	63	60	63
n02699494_89.JPEG	1	0	63	63
n02699494_90.JPEG	0	38	63	61
n02699494_91.JPEG	10	50	29	61
n02699494_92.JPEG	36	20	48	26
n02699494_93.JPEG	0	38	63	63
n02699494_94.JPEG	18	56	47	63
n02699494_95.JPEG	18	50	46	63
n02699494_96.JPEG	6	32	56	63
n02699494_97.JPEG	8	0	55	63
n02699494_98.JPEG	25	30	37	47
n02699494_99.JPEG	11	49	56	63
n02699494_100.JPEG	18	11	42	55
n02699494_101.JPEG	11	0	54	63
n02699494_102.JPEG	0	0	63	63
n02699494_103.JPEG	20	21	47	53
n02699494_104.JPEG	0	1	63	63
n02699494_105.JPEG	24	1	41	31
n02699494_106.JPEG	17	42	46	62
n02699494_107.JPEG	21	57	40	62
n02699494_108.JPEG	0	1	63	63
n02699494_109.JPEG	11	9	17	21
n02699494_110.JPEG	23	24	40	36
n02699494_111.JPEG	24	31	38	42
n02699494_112.JPEG	10	39	55	63
n02699494_113.JPEG	0	0	63	63
n02699494_114.JPEG	1	0	63	63
n02699494_115.JPEG	24	59	44	63
n02699494_116.JPEG	12	33	53	54
n02699494_117.JPEG	9	54	54	63
n02699494_118.JPEG	58	13	63	33
n02699494_119.JPEG	13	20	55	63
n02699494_120.JPEG	0	35	63	60
n02699494_121.JPEG	19	49	45	59
n02699494_122.JPEG	1	0	63	63
n02699494_123.JPEG	4	0	61	63
n02699494_124.JPEG	0	5	63	63
n02699494_125.JPEG	22	63	40	63
n02699494_126.JPEG	26	53	41	61
n02699494_127.JPEG	21	23	39	35
n02699494_128.JPEG	12	5	63	62
n02699494_129.JPEG	11	13	46	63
n02699494_130.JPEG	0	0	63	63
n02699494_131.JPEG	18	10	39	48
n02699494_132.JPEG	14	33	34	46
n02699494_133.JPEG	0	13	63	63
n02699494_134.JPEG	1	0	63	63
n02699494_135.JPEG	17	0	44	28
n02699494_136.JPEG	6	0	62	63
n02699494_137.JPEG	0	0	63	63
n02699494_138.JPEG	31	31	38	49
n02699494_139.JPEG	11	40	63	55
n02699494_140.JPEG	1	0	63	63
n02699494_141.JPEG	23	63	40	63
n02699494_142.JPEG	57	43	63	57
n02699494_143.JPEG	20	34	46	51
n02699494_144.JPEG	5	36	40	61
n02699494_145.JPEG	16	9	49	60
n02699494_146.JPEG	17	51	47	63
n02699494_147.JPEG	25	54	43	63
n02699494_148.JPEG	0	4	63	43
n02699494_149.JPEG	10	43	56	63
n02699494_150.JPEG	0	0	63	63
n02699494_151.JPEG	2	60	51	63
n02699494_152.JPEG	15	50	29	55
n02699494_153.JPEG	7	0	57	63
n02699494_154.JPEG	13	1	53	60
n02699494_155.JPEG	19	51	40	60
n02699494_156.JPEG	6	28	61	63
n02699494_157.JPEG	17	0	50	59
n02699494_158.JPEG	17	13	47	55
n02699494_159.JPEG	7	51	62	63
n02699494_160.JPEG	15	43	40	53
n02699494_161.JPEG	16	0	50	63
n02699494_162.JPEG	17	46	49	59
n02699494_163.JPEG	1	8	61	60
n02699494_164.JPEG	6	15	60	61
n02699494_165.JPEG	10	63	52	63
n02699494_166.JPEG	0	0	63	63
n02699494_167.JPEG	23	43	41	54
n02699494_168.JPEG	1	0	63	63
n02699494_169.JPEG	6	24	55	59
n02699494_170.JPEG	32	40	46	49
n02699494_171.JPEG	11	3	63	63
n02699494_172.JPEG	9	51	49	63
n02699494_173.JPEG	0	16	63	52
n02699494_174.JPEG	12	55	55	63
n02699494_175.JPEG	0	9	63	63
n02699494_176.JPEG	0	3	63	61
n02699494_177.JPEG	13	0	57	58
n02699494_178.JPEG	11	1	51	58
n02699494_179.JPEG	3	1	57	63
n02699494_180.JPEG	8	0	51	63
n02699494_181.JPEG	24	47	42	53
n02699494_182.JPEG	10	26	53	63
n02699494_183.JPEG	6	30	55	63
n02699494_184.JPEG	0	1	63	63
n02699494_185.JPEG	24	24	47	40
n02699494_186.JPEG	1	6	61	63
n02699494_187.JPEG	0	0	63	63
n02699494_188.JPEG	5	63	49	63
n02699494_189.JPEG	2	8	43	37
n02699494_190.JPEG	1	0	63	63
n02699494_191.JPEG	0	1	63	63
n02699494_192.JPEG	26	61	42	63
n02699494_193.JPEG	1	51	62	63
n02699494_194.JPEG	5	22	40	42
n02699494_195.JPEG	0	0	63	63
n02699494_196.JPEG	1	0	63	63
n02699494_197.JPEG	24	14	41	43
n02699494_198.JPEG	22	44	38	53
n02699494_199.JPEG	10	0	55	59
n02699494_200.JPEG	0	0	63	63
n02699494_201.JPEG	0	53	63	63
n02699494_202.JPEG	24	51	47	63
n02699494_203.JPEG	9	4	52	36
n02699494_204.JPEG	26	24	39	44
n02699494_205.JPEG	0	32	61	60
n02699494_206.JPEG	24	35	52	55
n02699494_207.JPEG	23	53	51	62
n02699494_208.JPEG	9	0	56	58
n02699494_209.JPEG	10	30	51	46
n02699494_210.JPEG	8	32	56	56
n02699494_211.JPEG	4	58	56	63
n02699494_212.JPEG	10	14	63	49
n02699494_213.JPEG	29	47	43	55
n02699494_214.JPEG	22	40	41	56
n02699494_215.JPEG	20	12	51	39
n02699494_216.JPEG	3	40	63	63
n02699494_217.JPEG	0	41	63	55
n02699494_218.JPEG	21	0	46	50
n02699494_219.JPEG	0	0	63	63
n02699494_220.JPEG	11	40	53	62
n02699494_221.JPEG	13	3	48	59
n02699494_222.JPEG	0	0	63	63
n02699494_223.JPEG	14	33	50	50
n02699494_224.JPEG	0	2	63	63
n02699494_225.JPEG	7	0	61	63
n02699494_226.JPEG	14	54	47	63
n02699494_227.JPEG	0	0	63	63
n02699494_228.JPEG	0	40	55	63
n02699494_229.JPEG	30	44	44	49
n02699494_230.JPEG	25	7	39	49
n02699494_231.JPEG	24	17	53	61
n02699494_232.JPEG	0	1	63	51
n02699494_233.JPEG	26	48	38	55
n02699494_234.JPEG	23	29	42	63
n02699494_235.JPEG	0	6	63	63
n02699494_236.JPEG	29	34	37	42
n02699494_237.JPEG	1	0	62	63
n02699494_238.JPEG	19	18	46	51
n02699494_239.JPEG	0	1	63	63
n02699494_240.JPEG	1	42	63	63
n02699494_241.JPEG	21	51	43	63
n02699494_242.JPEG	17	41	46	59
n02699494_243.JPEG	23	54	43	60
n02699494_244.JPEG	19	33	50	52
n02699494_245.JPEG	0	3	63	63
n02699494_246.JPEG	0	0	63	63
n02699494_247.JPEG	38	36	42	44
n02699494_248.JPEG	26	63	40	63
n02699494_249.JPEG	13	2	57	59
n02699494_250.JPEG	16	55	52	63
n02699494_251.JPEG	18	53	45	61
n02699494_252.JPEG	23	51	41	58
n02699494_253.JPEG	16	36	47	63
n02699494_254.JPEG	0	2	63	63
n02699494_255.JPEG	0	11	60	55
n02699494_256.JPEG	7	57	63	63
n02699494_257.JPEG	13	26	52	41
n02699494_258.JPEG	24	18	37	39
n02699494_259.JPEG	20	13	45	21
n02699494_260.JPEG	0	0	63	63
n02699494_261.JPEG	0	2	45	53
n02699494_262.JPEG	12	1	55	63
n02699494_263.JPEG	0	50	63	63
n02699494_264.JPEG	0	0	63	63
n02699494_265.JPEG	11	4	56	58
n02699494_266.JPEG	2	41	63	63
n02699494_267.JPEG	24	46	40	63
n02699494_268.JPEG	16	38	51	60
n02699494_269.JPEG	16	3	49	53
n02699494_270.JPEG	24	63	41	63
n02699494_271.JPEG	30	25	39	33
n02699494_272.JPEG	6	54	58	63
n02699494_273.JPEG	0	0	63	63
n02699494_274.JPEG	20	2	39	24
n02699494_275.JPEG	0	0	63	63
n02699494_276.JPEG	20	50	55	63
n02699494_277.JPEG	28	43	37	47
n02699494_278.JPEG	0	1	63	63
n02699494_279.JPEG	0	28	15	53
n02699494_280.JPEG	28	53	39	58
n02699494_281.JPEG	31	55	43	59
n02699494_282.JPEG	8	39	56	52
n02699494_283.JPEG	14	37	63	63
n02699494_284.JPEG	13	42	52	63
n02699494_285.JPEG	0	12	63	63
n02699494_286.JPEG	16	2	48	62
n02699494_287.JPEG	24	10	38	39
n02699494_288.JPEG	0	23	63	63
n02699494_289.JPEG	1	15	63	55
n02699494_290.JPEG	0	0	63	63
n02699494_291.JPEG	10	28	21	53
n02699494_292.JPEG	18	30	48	48
n02699494_293.JPEG	2	51	56	63
n02699494_294.JPEG	25	45	41	63
n02699494_295.JPEG	0	12	63	55
n02699494_296.JPEG	25	25	40	46
n02699494_297.JPEG	0	17	63	63
n02699494_298.JPEG	14	11	47	50
n02699494_299.JPEG	23	51	32	53
n02699494_300.JPEG	1	0	61	55
n02699494_301.JPEG	6	0	58	63
n02699494_302.JPEG	22	49	63	63
n02699494_303.JPEG	3	10	63	63
n02699494_304.JPEG	1	36	63	58
n02699494_305.JPEG	0	42	63	60
n02699494_306.JPEG	7	8	63	60
n02699494_307.JPEG	19	22	41	40
n02699494_308.JPEG	0	1	63	63
n02699494_309.JPEG	40	25	44	31
n02699494_310.JPEG	12	20	48	63
n02699494_311.JPEG	23	44	54	57
n02699494_312.JPEG	0	16	63	52
n02699494_313.JPEG	3	31	63	59
n02699494_314.JPEG	7	48	42	63
n02699494_315.JPEG	29	23	35	34
n02699494_316.JPEG	0	23	63	63
n02699494_317.JPEG	0	0	63	63
n02699494_318.JPEG	9	0	57	63
n02699494_319.JPEG	0	0	63	63
n02699494_320.JPEG	22	12	30	22
n02699494_321.JPEG	16	1	48	29
n02699494_322.JPEG	51	23	63	44
n02699494_323.JPEG	2	0	63	63
n02699494_324.JPEG	24	41	40	62
n02699494_325.JPEG	0	0	63	63
n02699494_326.JPEG	0	1	63	61
n02699494_327.JPEG	4	54	41	63
n02699494_328.JPEG	0	29	63	63
n02699494_329.JPEG	24	49	39	63
n02699494_330.JPEG	23	62	42	63
n02699494_331.JPEG	0	14	61	63
n02699494_332.JPEG	2	0	54	63
n02699494_333.JPEG	0	1	63	63
n02699494_334.JPEG	2	51	34	63
n02699494_335.JPEG	0	10	63	62
n02699494_336.JPEG	10	26	53	39
n02699494_337.JPEG	0	0	63	63
n02699494_338.JPEG	0	25	63	63
n02699494_339.JPEG	18	1	45	63
n02699494_340.JPEG	16	9	45	51
n02699494_341.JPEG	2	18	58	54
n02699494_342.JPEG	7	37	62	63
n02699494_343.JPEG	15	0	51	45
n02699494_344.JPEG	7	0	59	63
n02699494_345.JPEG	10	63	53	63
n02699494_346.JPEG	1	3	63	63
n02699494_347.JPEG	11	33	54	62
n02699494_348.JPEG	27	27	39	43
n02699494_349.JPEG	17	61	30	63
n02699494_350.JPEG	0	30	63	63
n02699494_351.JPEG	0	1	63	63
n02699494_352.JPEG	27	23	63	43
n02699494_353.JPEG	14	47	50	58
n02699494_354.JPEG	2	0	61	63
n02699494_355.JPEG	0	4	63	63
n02699494_356.JPEG	2	18	61	49
n02699494_357.JPEG	0	0	62	55
n02699494_358.JPEG	3	57	63	63
n02699494_359.JPEG	0	38	47	63
n02699494_360.JPEG	0	0	63	63
n02699494_361.JPEG	0	41	63	63
n02699494_362.JPEG	15	10	45	63
n02699494_363.JPEG	0	0	63	63
n02699494_364.JPEG	3	33	62	63
n02699494_365.JPEG	0	0	27	43
n02699494_366.JPEG	17	9	45	63
n02699494_367.JPEG	11	43	63	63
n02699494_368.JPEG	0	43	63	63
n02699494_369.JPEG	0	2	63	34
n02699494_370.JPEG	0	0	63	63
n02699494_371.JPEG	23	54	42	63
n02699494_372.JPEG	17	40	42	56
n02699494_373.JPEG	16	0	46	62
n02699494_374.JPEG	14	42	47	58
n02699494_375.JPEG	29	43	50	54
n02699494_376.JPEG	27	55	37	63
n02699494_377.JPEG	23	41	48	58
n02699494_378.JPEG	0	4	63	50
n02699494_379.JPEG	22	15	53	63
n02699494_380.JPEG	0	7	57	63
n02699494_381.JPEG	22	9	42	43
n02699494_382.JPEG	0	0	63	63
n02699494_383.JPEG	2	0	63	63
n02699494_384.JPEG	13	47	53	63
n02699494_385.JPEG	0	1	63	63
n02699494_386.JPEG	8	34	56	63
n02699494_387.JPEG	3	35	63	58
n02699494_388.JPEG	6	6	52	63
n02699494_389.JPEG	13	0	51	63
n02699494_390.JPEG	13	3	44	51
n02699494_391.JPEG	13	60	53	63
n02699494_392.JPEG	0	42	38	63
n02699494_393.JPEG	9	0	63	63
n02699494_394.JPEG	0	0	63	63
n02699494_395.JPEG	0	52	63	63
n02699494_396.JPEG	10	54	50	63
n02699494_397.JPEG	0	1	63	63
n02699494_398.JPEG	0	42	63	63
n02699494_399.JPEG	21	52	43	60
n02699494_400.JPEG	0	0	63	63
n02699494_401.JPEG	0	10	63	61
n02699494_402.JPEG	24	24	42	40
n02699494_403.JPEG	14	12	53	48
n02699494_404.JPEG	0	34	63	63
n02699494_405.JPEG	0	0	63	63
n02699494_406.JPEG	20	43	43	58
n02699494_407.JPEG	0	13	63	63
n02699494_408.JPEG	11	47	25	63
n02699494_409.JPEG	0	27	58	63
n02699494_410.JPEG	3	57	63	63
n02699494_411.JPEG	22	40	39	53
n02699494_412.JPEG	16	15	49	63
n02699494_413.JPEG	4	0	63	63
n02699494_414.JPEG	19	63	48	63
n02699494_415.JPEG	25	57	42	63
n02699494_416.JPEG	16	14	41	63
n02699494_417.JPEG	21	4	44	37
n02699494_418.JPEG	0	22	56	54
n02699494_419.JPEG	22	29	44	39
n02699494_420.JPEG	0	27	63	63
n02699494_421.JPEG	0	3	63	62
n02699494_422.JPEG	19	53	52	63
n02699494_423.JPEG	8	20	13	26
n02699494_424.JPEG	45	23	50	27
n02699494_425.JPEG	14	3	51	52
n02699494_426.JPEG	4	24	63	63
n02699494_427.JPEG	16	47	63	59
n02699494_428.JPEG	17	46	48	56
n02699494_429.JPEG	24	0	37	59
n02699494_430.JPEG	13	7	56	60
n02699494_431.JPEG	1	0	63	63
n02699494_432.JPEG	0	11	6	39
n02699494_433.JPEG	15	46	50	63
n02699494_434.JPEG	0	47	63	63
n02699494_435.JPEG	2	16	57	50
n02699494_436.JPEG	22	55	46	63
n02699494_437.JPEG	3	0	60	63
n02699494_438.JPEG	20	4	48	63
n02699494_439.JPEG	17	22	38	34
n02699494_440.JPEG	0	0	63	63
n02699494_441.JPEG	19	56	40	62
n02699494_442.JPEG	15	50	48	62
n02699494_443.JPEG	0	16	63	52
n02699494_444.JPEG	19	35	42	63
n02699494_445.JPEG	17	36	45	53
n02699494_446.JPEG	21	39	44	50
n02699494_447.JPEG	0	11	63	63
n02699494_448.JPEG	12	24	55	48
n02699494_449.JPEG	6	0	57	63
n02699494_450.JPEG	21	43	43	59
n02699494_451.JPEG	17	49	46	56
n02699494_452.JPEG	0	43	29	63
n02699494_453.JPEG	5	42	61	57
n02699494_454.JPEG	2	13	53	56
n02699494_455.JPEG	0	0	63	63
n02699494_456.JPEG	26	33	39	51
n02699494_457.JPEG	18	62	46	63
n02699494_458.JPEG	17	38	45	57
n02699494_459.JPEG	32	27	42	41
n02699494_460.JPEG	12	2	56	50
n02699494_461.JPEG	0	0	14	41
n02699494_462.JPEG	6	51	63	63
n02699494_463.JPEG	1	0	63	63
n02699494_464.JPEG	12	49	50	63
n02699494_465.JPEG	28	62	44	63
n02699494_466.JPEG	0	63	63	63
n02699494_467.JPEG	6	57	63	63
n02699494_468.JPEG	9	17	57	34
n02699494_469.JPEG	6	0	51	63
n02699494_470.JPEG	2	0	61	63
n02699494_471.JPEG	10	42	63	63
n02699494_472.JPEG	17	63	43	63
n02699494_473.JPEG	8	1	59	25
n02699494_474.JPEG	4	0	63	63
n02699494_475.JPEG	16	22	62	59
n02699494_476.JPEG	0	0	63	63
n02699494_477.JPEG	16	21	48	45
n02699494_478.JPEG	0	0	63	63
n02699494_479.JPEG	2	44	58	63
n02699494_480.JPEG	14	0	58	55
n02699494_481.JPEG	0	32	59	53
n02699494_482.JPEG	13	32	63	63
n02699494_483.JPEG	19	1	56	58
n02699494_484.JPEG	0	1	63	63
n02699494_485.JPEG	1	0	63	63
n02699494_486.JPEG	0	0	63	62
n02699494_487.JPEG	1	0	63	63
n02699494_488.JPEG	0	6	63	63
n02699494_489.JPEG	16	17	40	53
n02699494_490.JPEG	0	0	63	63
n02699494_491.JPEG	44	49	63	57
n02699494_492.JPEG	18	31	23	40
n02699494_493.JPEG	47	11	59	26
n02699494_494.JPEG	16	11	56	61
n02699494_495.JPEG	8	44	56	63
n02699494_496.JPEG	7	0	61	63
n02699494_497.JPEG	23	16	57	46
n02699494_498.JPEG	3	0	62	63
n02699494_499.JPEG	13	41	61	63
