n04311004_0.JPEG	38	22	63	63
n04311004_1.JPEG	0	16	63	44
n04311004_2.JPEG	0	0	63	63
n04311004_3.JPEG	0	20	63	63
n04311004_4.JPEG	15	0	63	35
n04311004_5.JPEG	0	21	63	46
n04311004_6.JPEG	10	5	63	63
n04311004_7.JPEG	0	1	63	49
n04311004_8.JPEG	0	21	58	43
n04311004_9.JPEG	1	16	63	44
n04311004_10.JPEG	0	16	63	38
n04311004_11.JPEG	0	28	63	48
n04311004_12.JPEG	0	7	62	44
n04311004_13.JPEG	0	0	63	63
n04311004_14.JPEG	0	30	63	45
n04311004_15.JPEG	0	1	63	39
n04311004_16.JPEG	0	11	63	31
n04311004_17.JPEG	0	9	63	63
n04311004_18.JPEG	3	6	63	63
n04311004_19.JPEG	16	20	48	47
n04311004_20.JPEG	0	0	63	60
n04311004_21.JPEG	5	0	63	63
n04311004_22.JPEG	0	1	63	63
n04311004_23.JPEG	7	0	63	63
n04311004_24.JPEG	0	17	63	49
n04311004_25.JPEG	24	0	63	54
n04311004_26.JPEG	0	1	63	63
n04311004_27.JPEG	0	0	63	63
n04311004_28.JPEG	14	12	63	63
n04311004_29.JPEG	1	0	63	63
n04311004_30.JPEG	0	24	63	42
n04311004_31.JPEG	0	0	63	61
n04311004_32.JPEG	1	0	63	46
n04311004_33.JPEG	0	3	63	51
n04311004_34.JPEG	0	3	63	57
n04311004_35.JPEG	3	4	63	54
n04311004_36.JPEG	0	17	63	49
n04311004_37.JPEG	0	28	63	44
n04311004_38.JPEG	0	9	63	63
n04311004_39.JPEG	0	12	63	38
n04311004_40.JPEG	0	22	63	45
n04311004_41.JPEG	0	26	63	63
n04311004_42.JPEG	0	10	63	40
n04311004_43.JPEG	0	30	63	63
n04311004_44.JPEG	0	20	63	48
n04311004_45.JPEG	6	0	63	54
n04311004_46.JPEG	0	1	63	63
n04311004_47.JPEG	0	10	63	40
n04311004_48.JPEG	0	17	63	34
n04311004_49.JPEG	16	4	63	60
n04311004_50.JPEG	14	13	63	29
n04311004_51.JPEG	0	8	42	56
n04311004_52.JPEG	0	12	63	63
n04311004_53.JPEG	0	14	63	37
n04311004_54.JPEG	2	0	63	63
n04311004_55.JPEG	0	1	63	57
n04311004_56.JPEG	0	1	47	63
n04311004_57.JPEG	0	1	63	63
n04311004_58.JPEG	0	8	39	63
n04311004_59.JPEG	0	14	63	43
n04311004_60.JPEG	0	21	63	47
n04311004_61.JPEG	0	1	63	39
n04311004_62.JPEG	0	0	63	63
n04311004_63.JPEG	0	3	63	54
n04311004_64.JPEG	2	20	63	37
n04311004_65.JPEG	23	16	63	49
n04311004_66.JPEG	0	23	63	40
n04311004_67.JPEG	0	1	63	53
n04311004_68.JPEG	31	31	40	40
n04311004_69.JPEG	0	1	63	60
n04311004_70.JPEG	0	15	63	63
n04311004_71.JPEG	15	9	63	56
n04311004_72.JPEG	0	0	63	51
n04311004_73.JPEG	0	6	63	59
n04311004_74.JPEG	0	7	63	52
n04311004_75.JPEG	0	0	63	52
n04311004_76.JPEG	17	26	63	51
n04311004_77.JPEG	0	5	12	37
n04311004_78.JPEG	9	16	63	27
n04311004_79.JPEG	15	11	63	56
n04311004_80.JPEG	0	21	63	63
n04311004_81.JPEG	3	15	59	26
n04311004_82.JPEG	30	26	49	41
n04311004_83.JPEG	2	20	61	36
n04311004_84.JPEG	40	26	63	46
n04311004_85.JPEG	0	6	63	38
n04311004_86.JPEG	0	20	63	54
n04311004_87.JPEG	21	27	63	63
n04311004_88.JPEG	0	22	59	32
n04311004_89.JPEG	0	21	63	42
n04311004_90.JPEG	0	4	63	49
n04311004_91.JPEG	11	26	63	59
n04311004_92.JPEG	0	20	63	50
n04311004_93.JPEG	0	18	63	51
n04311004_94.JPEG	0	0	63	63
n04311004_95.JPEG	27	9	63	42
n04311004_96.JPEG	0	19	63	44
n04311004_97.JPEG	0	5	63	54
n04311004_98.JPEG	0	0	41	46
n04311004_99.JPEG	0	0	63	63
n04311004_100.JPEG	0	24	63	46
n04311004_101.JPEG	0	32	63	49
n04311004_102.JPEG	0	0	63	63
n04311004_103.JPEG	0	20	63	46
n04311004_104.JPEG	0	14	63	42
n04311004_105.JPEG	0	14	63	35
n04311004_106.JPEG	0	5	63	52
n04311004_107.JPEG	0	1	63	55
n04311004_108.JPEG	0	1	34	63
n04311004_109.JPEG	0	6	63	38
n04311004_110.JPEG	0	4	63	58
n04311004_111.JPEG	0	4	63	63
n04311004_112.JPEG	0	15	63	61
n04311004_113.JPEG	0	3	63	35
n04311004_114.JPEG	0	32	53	44
n04311004_115.JPEG	0	10	63	49
n04311004_116.JPEG	0	6	63	30
n04311004_117.JPEG	1	0	54	63
n04311004_118.JPEG	23	20	63	47
n04311004_119.JPEG	0	0	63	59
n04311004_120.JPEG	0	29	63	63
n04311004_121.JPEG	0	1	63	45
n04311004_122.JPEG	9	0	63	59
n04311004_123.JPEG	1	17	63	55
n04311004_124.JPEG	27	15	63	46
n04311004_125.JPEG	6	0	63	63
n04311004_126.JPEG	0	15	63	50
n04311004_127.JPEG	0	1	63	56
n04311004_128.JPEG	0	13	63	63
n04311004_129.JPEG	2	11	61	36
n04311004_130.JPEG	36	5	63	48
n04311004_131.JPEG	0	27	63	63
n04311004_132.JPEG	0	1	63	63
n04311004_133.JPEG	27	15	63	63
n04311004_134.JPEG	0	15	63	41
n04311004_135.JPEG	0	10	54	39
n04311004_136.JPEG	3	11	58	29
n04311004_137.JPEG	0	0	63	50
n04311004_138.JPEG	5	20	46	32
n04311004_139.JPEG	9	0	63	63
n04311004_140.JPEG	0	1	63	56
n04311004_141.JPEG	0	22	53	40
n04311004_142.JPEG	0	25	63	40
n04311004_143.JPEG	0	0	63	63
n04311004_144.JPEG	0	22	63	63
n04311004_145.JPEG	0	18	63	59
n04311004_146.JPEG	9	22	63	53
n04311004_147.JPEG	0	18	63	49
n04311004_148.JPEG	0	10	63	51
n04311004_149.JPEG	0	4	63	36
n04311004_150.JPEG	0	9	63	32
n04311004_151.JPEG	15	0	61	35
n04311004_152.JPEG	1	17	63	63
n04311004_153.JPEG	0	2	63	40
n04311004_154.JPEG	0	3	63	43
n04311004_155.JPEG	0	1	63	56
n04311004_156.JPEG	0	15	63	39
n04311004_157.JPEG	0	0	63	31
n04311004_158.JPEG	16	0	48	51
n04311004_159.JPEG	0	18	63	54
n04311004_160.JPEG	4	20	63	41
n04311004_161.JPEG	0	20	63	47
n04311004_162.JPEG	0	26	19	42
n04311004_163.JPEG	5	7	63	63
n04311004_164.JPEG	0	0	63	55
n04311004_165.JPEG	0	1	55	50
n04311004_166.JPEG	0	16	63	43
n04311004_167.JPEG	0	21	63	49
n04311004_168.JPEG	0	18	63	37
n04311004_169.JPEG	0	9	63	44
n04311004_170.JPEG	0	26	63	40
n04311004_171.JPEG	0	6	63	32
n04311004_172.JPEG	0	10	63	63
n04311004_173.JPEG	0	0	59	45
n04311004_174.JPEG	0	0	63	63
n04311004_175.JPEG	8	0	63	63
n04311004_176.JPEG	0	5	52	55
n04311004_177.JPEG	5	1	63	36
n04311004_178.JPEG	0	24	29	60
n04311004_179.JPEG	2	29	63	53
n04311004_180.JPEG	0	2	63	49
n04311004_181.JPEG	3	0	51	63
n04311004_182.JPEG	0	4	63	55
n04311004_183.JPEG	0	11	63	51
n04311004_184.JPEG	0	22	58	63
n04311004_185.JPEG	23	20	63	62
n04311004_186.JPEG	9	20	52	39
n04311004_187.JPEG	15	23	56	36
n04311004_188.JPEG	2	4	63	39
n04311004_189.JPEG	17	31	63	63
n04311004_190.JPEG	7	23	62	56
n04311004_191.JPEG	2	13	61	34
n04311004_192.JPEG	0	0	63	56
n04311004_193.JPEG	31	24	49	33
n04311004_194.JPEG	0	11	63	63
n04311004_195.JPEG	0	24	63	47
n04311004_196.JPEG	0	12	63	51
n04311004_197.JPEG	0	35	63	53
n04311004_198.JPEG	0	14	63	63
n04311004_199.JPEG	9	17	52	57
n04311004_200.JPEG	0	1	63	63
n04311004_201.JPEG	24	23	59	39
n04311004_202.JPEG	0	28	63	46
n04311004_203.JPEG	0	12	63	63
n04311004_204.JPEG	0	3	63	63
n04311004_205.JPEG	0	14	63	36
n04311004_206.JPEG	0	30	57	47
n04311004_207.JPEG	0	5	63	63
n04311004_208.JPEG	1	0	63	63
n04311004_209.JPEG	0	7	63	63
n04311004_210.JPEG	0	24	63	42
n04311004_211.JPEG	0	18	63	42
n04311004_212.JPEG	0	5	63	63
n04311004_213.JPEG	0	15	60	47
n04311004_214.JPEG	0	11	63	63
n04311004_215.JPEG	0	0	63	63
n04311004_216.JPEG	0	15	63	46
n04311004_217.JPEG	0	23	63	44
n04311004_218.JPEG	0	9	63	63
n04311004_219.JPEG	0	19	63	43
n04311004_220.JPEG	8	31	63	53
n04311004_221.JPEG	12	29	36	43
n04311004_222.JPEG	9	17	40	32
n04311004_223.JPEG	7	5	63	52
n04311004_224.JPEG	0	17	63	45
n04311004_225.JPEG	0	38	63	57
n04311004_226.JPEG	0	9	49	25
n04311004_227.JPEG	0	0	63	63
n04311004_228.JPEG	14	11	63	53
n04311004_229.JPEG	0	1	63	56
n04311004_230.JPEG	0	5	63	19
n04311004_231.JPEG	0	7	63	54
n04311004_232.JPEG	0	2	63	63
n04311004_233.JPEG	13	15	63	48
n04311004_234.JPEG	0	8	63	63
n04311004_235.JPEG	0	5	63	63
n04311004_236.JPEG	0	9	52	24
n04311004_237.JPEG	0	11	63	47
n04311004_238.JPEG	0	22	47	47
n04311004_239.JPEG	9	24	37	57
n04311004_240.JPEG	16	0	63	63
n04311004_241.JPEG	7	24	63	60
n04311004_242.JPEG	7	9	63	39
n04311004_243.JPEG	1	0	57	50
n04311004_244.JPEG	17	11	63	46
n04311004_245.JPEG	0	28	63	54
n04311004_246.JPEG	9	15	34	35
n04311004_247.JPEG	0	2	63	63
n04311004_248.JPEG	0	6	63	56
n04311004_249.JPEG	0	16	63	35
n04311004_250.JPEG	0	0	63	63
n04311004_251.JPEG	0	3	63	63
n04311004_252.JPEG	0	22	53	39
n04311004_253.JPEG	0	8	63	63
n04311004_254.JPEG	8	1	63	59
n04311004_255.JPEG	0	1	63	38
n04311004_256.JPEG	0	15	63	51
n04311004_257.JPEG	15	22	44	48
n04311004_258.JPEG	0	0	63	63
n04311004_259.JPEG	0	12	63	40
n04311004_260.JPEG	0	5	63	50
n04311004_261.JPEG	0	1	63	51
n04311004_262.JPEG	15	18	63	36
n04311004_263.JPEG	14	7	63	63
n04311004_264.JPEG	0	23	63	50
n04311004_265.JPEG	12	6	51	26
n04311004_266.JPEG	0	13	63	63
n04311004_267.JPEG	0	47	60	63
n04311004_268.JPEG	0	19	63	40
n04311004_269.JPEG	17	30	41	63
n04311004_270.JPEG	0	0	63	34
n04311004_271.JPEG	0	1	63	58
n04311004_272.JPEG	0	1	63	63
n04311004_273.JPEG	0	0	63	54
n04311004_274.JPEG	0	27	63	39
n04311004_275.JPEG	0	15	63	39
n04311004_276.JPEG	0	38	34	48
n04311004_277.JPEG	0	0	63	53
n04311004_278.JPEG	0	13	54	40
n04311004_279.JPEG	0	0	63	26
n04311004_280.JPEG	0	28	63	47
n04311004_281.JPEG	0	1	63	55
n04311004_282.JPEG	0	5	63	32
n04311004_283.JPEG	0	26	63	46
n04311004_284.JPEG	0	24	63	60
n04311004_285.JPEG	0	20	63	39
n04311004_286.JPEG	4	30	49	57
n04311004_287.JPEG	3	21	60	39
n04311004_288.JPEG	30	0	63	63
n04311004_289.JPEG	0	1	63	63
n04311004_290.JPEG	0	20	48	59
n04311004_291.JPEG	0	0	63	63
n04311004_292.JPEG	0	14	63	39
n04311004_293.JPEG	0	20	63	55
n04311004_294.JPEG	0	0	48	52
n04311004_295.JPEG	0	19	63	45
n04311004_296.JPEG	30	24	48	37
n04311004_297.JPEG	33	26	63	50
n04311004_298.JPEG	0	7	63	63
n04311004_299.JPEG	15	28	59	43
n04311004_300.JPEG	0	10	63	50
n04311004_301.JPEG	0	27	63	52
n04311004_302.JPEG	0	17	63	36
n04311004_303.JPEG	11	12	63	63
n04311004_304.JPEG	0	2	63	54
n04311004_305.JPEG	8	6	63	63
n04311004_306.JPEG	0	1	63	63
n04311004_307.JPEG	3	7	59	47
n04311004_308.JPEG	0	11	63	38
n04311004_309.JPEG	0	34	63	63
n04311004_310.JPEG	0	12	63	44
n04311004_311.JPEG	0	25	63	59
n04311004_312.JPEG	0	3	63	63
n04311004_313.JPEG	5	16	63	63
n04311004_314.JPEG	0	0	63	63
n04311004_315.JPEG	0	7	63	63
n04311004_316.JPEG	2	18	63	50
n04311004_317.JPEG	10	10	63	43
n04311004_318.JPEG	0	5	63	60
n04311004_319.JPEG	0	26	63	40
n04311004_320.JPEG	8	44	63	63
n04311004_321.JPEG	1	15	63	49
n04311004_322.JPEG	12	31	63	57
n04311004_323.JPEG	44	30	62	59
n04311004_324.JPEG	0	27	61	40
n04311004_325.JPEG	0	1	52	59
n04311004_326.JPEG	21	17	41	35
n04311004_327.JPEG	0	9	63	48
n04311004_328.JPEG	0	7	63	37
n04311004_329.JPEG	0	8	63	63
n04311004_330.JPEG	16	18	62	37
n04311004_331.JPEG	8	26	63	38
n04311004_332.JPEG	8	0	63	49
n04311004_333.JPEG	18	10	63	42
n04311004_334.JPEG	1	0	63	63
n04311004_335.JPEG	0	6	63	63
n04311004_336.JPEG	0	1	63	43
n04311004_337.JPEG	5	10	63	63
n04311004_338.JPEG	0	13	63	39
n04311004_339.JPEG	35	34	60	63
n04311004_340.JPEG	0	6	63	34
n04311004_341.JPEG	4	34	63	52
n04311004_342.JPEG	0	12	63	45
n04311004_343.JPEG	6	1	63	63
n04311004_344.JPEG	3	18	63	49
n04311004_345.JPEG	0	12	63	29
n04311004_346.JPEG	0	0	51	63
n04311004_347.JPEG	2	28	63	48
n04311004_348.JPEG	0	3	63	46
n04311004_349.JPEG	0	3	63	28
n04311004_350.JPEG	0	30	63	45
n04311004_351.JPEG	0	9	63	49
n04311004_352.JPEG	17	12	49	52
n04311004_353.JPEG	0	3	63	60
n04311004_354.JPEG	0	10	63	56
n04311004_355.JPEG	22	29	44	45
n04311004_356.JPEG	0	16	63	51
n04311004_357.JPEG	0	18	63	56
n04311004_358.JPEG	0	34	63	58
n04311004_359.JPEG	3	9	61	57
n04311004_360.JPEG	10	16	63	51
n04311004_361.JPEG	4	23	49	35
n04311004_362.JPEG	0	13	63	62
n04311004_363.JPEG	0	1	63	61
n04311004_364.JPEG	0	10	63	63
n04311004_365.JPEG	0	6	49	24
n04311004_366.JPEG	0	8	63	53
n04311004_367.JPEG	0	7	63	58
n04311004_368.JPEG	0	14	63	39
n04311004_369.JPEG	3	20	45	44
n04311004_370.JPEG	0	11	63	41
n04311004_371.JPEG	0	34	42	46
n04311004_372.JPEG	0	3	63	62
n04311004_373.JPEG	5	13	56	34
n04311004_374.JPEG	0	1	63	61
n04311004_375.JPEG	0	0	63	63
n04311004_376.JPEG	0	7	50	63
n04311004_377.JPEG	0	14	63	63
n04311004_378.JPEG	0	14	63	44
n04311004_379.JPEG	0	19	63	57
n04311004_380.JPEG	0	21	58	51
n04311004_381.JPEG	0	12	63	39
n04311004_382.JPEG	0	4	63	48
n04311004_383.JPEG	0	1	63	63
n04311004_384.JPEG	0	8	63	63
n04311004_385.JPEG	0	31	63	47
n04311004_386.JPEG	0	0	63	63
n04311004_387.JPEG	0	12	52	34
n04311004_388.JPEG	0	1	63	63
n04311004_389.JPEG	13	16	57	33
n04311004_390.JPEG	0	19	63	61
n04311004_391.JPEG	0	21	63	39
n04311004_392.JPEG	0	27	63	48
n04311004_393.JPEG	0	19	63	44
n04311004_394.JPEG	0	8	63	63
n04311004_395.JPEG	0	14	63	53
n04311004_396.JPEG	0	1	63	63
n04311004_397.JPEG	0	11	63	43
n04311004_398.JPEG	11	7	52	47
n04311004_399.JPEG	0	27	63	61
n04311004_400.JPEG	23	35	41	58
n04311004_401.JPEG	5	30	58	56
n04311004_402.JPEG	0	5	63	63
n04311004_403.JPEG	38	28	63	37
n04311004_404.JPEG	3	17	63	63
n04311004_405.JPEG	0	22	63	44
n04311004_406.JPEG	0	18	63	49
n04311004_407.JPEG	0	0	63	63
n04311004_408.JPEG	0	1	63	63
n04311004_409.JPEG	34	0	63	63
n04311004_410.JPEG	0	19	63	39
n04311004_411.JPEG	0	0	63	61
n04311004_412.JPEG	4	20	63	40
n04311004_413.JPEG	0	24	63	53
n04311004_414.JPEG	0	0	63	39
n04311004_415.JPEG	0	17	63	33
n04311004_416.JPEG	0	17	63	36
n04311004_417.JPEG	0	3	63	42
n04311004_418.JPEG	0	11	58	55
n04311004_419.JPEG	0	23	53	59
n04311004_420.JPEG	1	0	63	63
n04311004_421.JPEG	0	33	63	50
n04311004_422.JPEG	0	22	63	40
n04311004_423.JPEG	0	17	63	40
n04311004_424.JPEG	1	0	63	63
n04311004_425.JPEG	0	12	63	53
n04311004_426.JPEG	3	21	63	38
n04311004_427.JPEG	3	7	57	20
n04311004_428.JPEG	0	0	63	63
n04311004_429.JPEG	0	19	63	38
n04311004_430.JPEG	0	0	63	41
n04311004_431.JPEG	18	19	63	46
n04311004_432.JPEG	0	16	63	47
n04311004_433.JPEG	39	12	63	47
n04311004_434.JPEG	0	9	63	63
n04311004_435.JPEG	0	8	60	48
n04311004_436.JPEG	10	1	51	63
n04311004_437.JPEG	0	8	63	63
n04311004_438.JPEG	0	13	63	58
n04311004_439.JPEG	0	15	63	50
n04311004_440.JPEG	0	38	63	54
n04311004_441.JPEG	0	1	63	60
n04311004_442.JPEG	0	17	35	31
n04311004_443.JPEG	0	17	63	52
n04311004_444.JPEG	0	16	63	37
n04311004_445.JPEG	0	10	63	30
n04311004_446.JPEG	4	6	63	35
n04311004_447.JPEG	0	27	63	46
n04311004_448.JPEG	0	4	63	41
n04311004_449.JPEG	0	18	63	40
n04311004_450.JPEG	0	20	63	44
n04311004_451.JPEG	0	37	63	47
n04311004_452.JPEG	0	7	63	52
n04311004_453.JPEG	0	11	63	55
n04311004_454.JPEG	0	18	63	38
n04311004_455.JPEG	0	1	63	63
n04311004_456.JPEG	0	0	63	63
n04311004_457.JPEG	6	4	63	41
n04311004_458.JPEG	21	0	63	63
n04311004_459.JPEG	0	23	63	49
n04311004_460.JPEG	0	20	63	39
n04311004_461.JPEG	0	23	63	32
n04311004_462.JPEG	5	9	63	39
n04311004_463.JPEG	14	0	46	63
n04311004_464.JPEG	0	2	63	53
n04311004_465.JPEG	13	10	53	48
n04311004_466.JPEG	0	1	21	39
n04311004_467.JPEG	0	13	63	36
n04311004_468.JPEG	0	6	63	63
n04311004_469.JPEG	0	1	63	58
n04311004_470.JPEG	7	8	63	53
n04311004_471.JPEG	0	20	63	54
n04311004_472.JPEG	0	10	63	52
n04311004_473.JPEG	16	28	56	40
n04311004_474.JPEG	0	16	63	48
n04311004_475.JPEG	0	0	60	63
n04311004_476.JPEG	0	16	35	38
n04311004_477.JPEG	0	0	63	63
n04311004_478.JPEG	0	21	63	41
n04311004_479.JPEG	1	0	63	9
n04311004_480.JPEG	0	17	58	42
n04311004_481.JPEG	0	8	63	45
n04311004_482.JPEG	0	6	63	24
n04311004_483.JPEG	0	6	63	46
n04311004_484.JPEG	0	1	63	63
n04311004_485.JPEG	0	1	63	35
n04311004_486.JPEG	0	0	63	63
n04311004_487.JPEG	0	5	63	63
n04311004_488.JPEG	0	1	63	63
n04311004_489.JPEG	0	32	63	48
n04311004_490.JPEG	2	4	63	16
n04311004_491.JPEG	0	2	63	41
n04311004_492.JPEG	0	5	63	63
n04311004_493.JPEG	12	17	63	49
n04311004_494.JPEG	25	18	63	45
n04311004_495.JPEG	26	38	55	47
n04311004_496.JPEG	0	0	63	63
n04311004_497.JPEG	0	11	63	54
n04311004_498.JPEG	0	14	48	59
n04311004_499.JPEG	0	15	63	46
