n04254777_0.JPEG	32	10	58	63
n04254777_1.JPEG	0	2	41	58
n04254777_2.JPEG	0	1	63	63
n04254777_3.JPEG	12	1	55	63
n04254777_4.JPEG	7	7	61	56
n04254777_5.JPEG	33	20	54	63
n04254777_6.JPEG	11	27	21	55
n04254777_7.JPEG	9	1	47	63
n04254777_8.JPEG	0	7	63	59
n04254777_9.JPEG	0	9	57	59
n04254777_10.JPEG	0	0	43	63
n04254777_11.JPEG	27	3	63	41
n04254777_12.JPEG	41	41	60	63
n04254777_13.JPEG	2	11	49	63
n04254777_14.JPEG	0	15	63	51
n04254777_15.JPEG	0	0	63	63
n04254777_16.JPEG	0	29	63	63
n04254777_17.JPEG	30	14	45	60
n04254777_18.JPEG	1	20	63	38
n04254777_19.JPEG	19	0	61	63
n04254777_20.JPEG	10	9	57	63
n04254777_21.JPEG	0	1	56	62
n04254777_22.JPEG	0	0	61	63
n04254777_23.JPEG	19	0	52	53
n04254777_24.JPEG	0	11	53	61
n04254777_25.JPEG	25	1	63	61
n04254777_26.JPEG	30	4	63	40
n04254777_27.JPEG	45	8	63	56
n04254777_28.JPEG	34	0	63	63
n04254777_29.JPEG	24	0	63	63
n04254777_30.JPEG	21	4	43	46
n04254777_31.JPEG	7	1	37	63
n04254777_32.JPEG	19	8	46	63
n04254777_33.JPEG	0	10	63	57
n04254777_34.JPEG	4	17	43	42
n04254777_35.JPEG	0	3	63	58
n04254777_36.JPEG	0	11	17	44
n04254777_37.JPEG	12	10	40	60
n04254777_38.JPEG	6	22	59	63
n04254777_39.JPEG	24	4	62	62
n04254777_40.JPEG	5	0	28	63
n04254777_41.JPEG	33	5	63	63
n04254777_42.JPEG	27	0	63	63
n04254777_43.JPEG	28	0	62	63
n04254777_44.JPEG	1	0	47	63
n04254777_45.JPEG	10	17	55	57
n04254777_46.JPEG	3	0	63	63
n04254777_47.JPEG	1	0	36	63
n04254777_48.JPEG	3	0	52	63
n04254777_49.JPEG	15	0	62	37
n04254777_50.JPEG	2	0	28	44
n04254777_51.JPEG	13	0	34	63
n04254777_52.JPEG	0	5	26	63
n04254777_53.JPEG	27	0	62	31
n04254777_54.JPEG	34	13	50	56
n04254777_55.JPEG	4	14	49	63
n04254777_56.JPEG	11	4	54	61
n04254777_57.JPEG	33	34	40	48
n04254777_58.JPEG	32	30	49	63
n04254777_59.JPEG	32	0	63	63
n04254777_60.JPEG	2	7	62	62
n04254777_61.JPEG	3	0	57	49
n04254777_62.JPEG	0	12	33	47
n04254777_63.JPEG	23	15	43	63
n04254777_64.JPEG	0	21	63	52
n04254777_65.JPEG	0	1	44	49
n04254777_66.JPEG	5	0	63	63
n04254777_67.JPEG	42	33	63	56
n04254777_68.JPEG	0	9	63	56
n04254777_69.JPEG	32	7	63	58
n04254777_70.JPEG	1	25	31	61
n04254777_71.JPEG	31	4	63	63
n04254777_72.JPEG	31	11	55	63
n04254777_73.JPEG	34	7	63	63
n04254777_74.JPEG	2	0	63	63
n04254777_75.JPEG	0	17	16	61
n04254777_76.JPEG	6	9	47	63
n04254777_77.JPEG	29	0	63	63
n04254777_78.JPEG	11	0	63	63
n04254777_79.JPEG	2	0	63	25
n04254777_80.JPEG	1	0	33	63
n04254777_81.JPEG	0	19	44	50
n04254777_82.JPEG	0	9	63	57
n04254777_83.JPEG	0	28	24	40
n04254777_84.JPEG	39	0	63	56
n04254777_85.JPEG	32	0	63	63
n04254777_86.JPEG	0	0	63	63
n04254777_87.JPEG	0	3	31	61
n04254777_88.JPEG	1	3	55	63
n04254777_89.JPEG	0	1	63	61
n04254777_90.JPEG	5	0	26	58
n04254777_91.JPEG	29	8	63	59
n04254777_92.JPEG	16	0	32	63
n04254777_93.JPEG	0	21	41	60
n04254777_94.JPEG	26	14	45	63
n04254777_95.JPEG	2	0	62	60
n04254777_96.JPEG	12	1	30	42
n04254777_97.JPEG	0	0	16	53
n04254777_98.JPEG	2	0	63	63
n04254777_99.JPEG	43	3	63	63
n04254777_100.JPEG	6	0	51	63
n04254777_101.JPEG	0	37	61	63
n04254777_102.JPEG	21	0	63	63
n04254777_103.JPEG	34	1	63	63
n04254777_104.JPEG	27	43	37	62
n04254777_105.JPEG	60	44	63	62
n04254777_106.JPEG	0	16	63	63
n04254777_107.JPEG	28	12	63	63
n04254777_108.JPEG	0	15	63	47
n04254777_109.JPEG	34	33	55	43
n04254777_110.JPEG	26	0	57	63
n04254777_111.JPEG	0	0	31	63
n04254777_112.JPEG	0	1	63	38
n04254777_113.JPEG	2	0	51	39
n04254777_114.JPEG	2	0	63	63
n04254777_115.JPEG	34	17	46	41
n04254777_116.JPEG	10	0	45	62
n04254777_117.JPEG	38	0	59	62
n04254777_118.JPEG	14	10	32	45
n04254777_119.JPEG	3	22	62	63
n04254777_120.JPEG	31	0	47	28
n04254777_121.JPEG	28	9	44	44
n04254777_122.JPEG	23	12	44	53
n04254777_123.JPEG	30	33	53	62
n04254777_124.JPEG	33	1	63	61
n04254777_125.JPEG	48	49	60	63
n04254777_126.JPEG	8	11	29	63
n04254777_127.JPEG	39	9	63	53
n04254777_128.JPEG	21	19	63	63
n04254777_129.JPEG	0	1	19	63
n04254777_130.JPEG	63	9	63	63
n04254777_131.JPEG	33	13	63	63
n04254777_132.JPEG	6	1	63	42
n04254777_133.JPEG	33	0	60	63
n04254777_134.JPEG	0	15	63	56
n04254777_135.JPEG	11	1	49	46
n04254777_136.JPEG	30	0	55	63
n04254777_137.JPEG	0	0	63	63
n04254777_138.JPEG	21	15	63	63
n04254777_139.JPEG	28	10	44	53
n04254777_140.JPEG	45	9	63	63
n04254777_141.JPEG	9	0	60	51
n04254777_142.JPEG	31	16	52	58
n04254777_143.JPEG	23	10	55	55
n04254777_144.JPEG	28	10	61	55
n04254777_145.JPEG	2	3	48	63
n04254777_146.JPEG	8	4	40	63
n04254777_147.JPEG	15	18	63	51
n04254777_148.JPEG	8	4	52	63
n04254777_149.JPEG	0	0	34	46
n04254777_150.JPEG	15	2	36	55
n04254777_151.JPEG	0	0	63	63
n04254777_152.JPEG	3	14	29	63
n04254777_153.JPEG	7	19	63	63
n04254777_154.JPEG	35	0	54	63
n04254777_155.JPEG	9	0	60	63
n04254777_156.JPEG	0	5	63	63
n04254777_157.JPEG	7	1	33	63
n04254777_158.JPEG	6	0	56	63
n04254777_159.JPEG	22	18	50	50
n04254777_160.JPEG	48	54	57	63
n04254777_161.JPEG	7	4	46	59
n04254777_162.JPEG	44	37	52	54
n04254777_163.JPEG	28	0	63	63
n04254777_164.JPEG	17	1	61	63
n04254777_165.JPEG	27	42	35	63
n04254777_166.JPEG	15	3	56	59
n04254777_167.JPEG	0	19	63	63
n04254777_168.JPEG	0	1	63	63
n04254777_169.JPEG	10	1	63	50
n04254777_170.JPEG	7	0	49	63
n04254777_171.JPEG	0	3	63	29
n04254777_172.JPEG	7	0	57	52
n04254777_173.JPEG	0	17	51	63
n04254777_174.JPEG	0	48	34	63
n04254777_175.JPEG	31	1	63	63
n04254777_176.JPEG	6	0	63	60
n04254777_177.JPEG	0	10	63	55
n04254777_178.JPEG	23	26	63	61
n04254777_179.JPEG	30	8	50	63
n04254777_180.JPEG	0	0	39	63
n04254777_181.JPEG	35	3	53	63
n04254777_182.JPEG	45	0	62	31
n04254777_183.JPEG	10	6	35	61
n04254777_184.JPEG	0	2	11	62
n04254777_185.JPEG	12	1	34	60
n04254777_186.JPEG	15	11	34	62
n04254777_187.JPEG	9	0	63	63
n04254777_188.JPEG	31	0	62	63
n04254777_189.JPEG	42	4	63	33
n04254777_190.JPEG	35	27	50	52
n04254777_191.JPEG	0	3	63	62
n04254777_192.JPEG	0	19	63	63
n04254777_193.JPEG	26	12	58	61
n04254777_194.JPEG	35	10	61	59
n04254777_195.JPEG	17	0	63	63
n04254777_196.JPEG	25	0	58	63
n04254777_197.JPEG	29	0	53	63
n04254777_198.JPEG	2	0	58	63
n04254777_199.JPEG	22	32	56	63
n04254777_200.JPEG	24	0	55	50
n04254777_201.JPEG	18	9	47	47
n04254777_202.JPEG	3	0	34	63
n04254777_203.JPEG	0	13	63	61
n04254777_204.JPEG	0	7	35	63
n04254777_205.JPEG	0	5	38	48
n04254777_206.JPEG	6	6	56	63
n04254777_207.JPEG	29	3	59	60
n04254777_208.JPEG	31	1	63	63
n04254777_209.JPEG	7	0	63	63
n04254777_210.JPEG	32	14	63	63
n04254777_211.JPEG	0	4	63	62
n04254777_212.JPEG	3	4	51	27
n04254777_213.JPEG	30	0	55	63
n04254777_214.JPEG	3	30	12	55
n04254777_215.JPEG	0	0	57	63
n04254777_216.JPEG	32	0	63	63
n04254777_217.JPEG	0	6	63	62
n04254777_218.JPEG	22	10	34	54
n04254777_219.JPEG	15	10	63	31
n04254777_220.JPEG	0	19	45	63
n04254777_221.JPEG	36	18	63	63
n04254777_222.JPEG	0	6	63	63
n04254777_223.JPEG	3	19	58	63
n04254777_224.JPEG	16	5	62	63
n04254777_225.JPEG	0	0	63	63
n04254777_226.JPEG	0	0	32	63
n04254777_227.JPEG	14	12	33	61
n04254777_228.JPEG	9	5	40	56
n04254777_229.JPEG	27	2	37	25
n04254777_230.JPEG	21	36	63	63
n04254777_231.JPEG	6	1	50	63
n04254777_232.JPEG	10	0	47	62
n04254777_233.JPEG	29	0	51	35
n04254777_234.JPEG	31	0	62	45
n04254777_235.JPEG	21	13	63	63
n04254777_236.JPEG	0	9	59	62
n04254777_237.JPEG	39	4	61	63
n04254777_238.JPEG	35	4	63	61
n04254777_239.JPEG	27	8	62	63
n04254777_240.JPEG	8	0	63	63
n04254777_241.JPEG	0	1	63	63
n04254777_242.JPEG	0	0	34	63
n04254777_243.JPEG	0	20	55	63
n04254777_244.JPEG	10	4	34	54
n04254777_245.JPEG	29	5	56	50
n04254777_246.JPEG	35	19	58	62
n04254777_247.JPEG	10	0	50	63
n04254777_248.JPEG	7	1	29	63
n04254777_249.JPEG	24	6	46	38
n04254777_250.JPEG	0	2	63	63
n04254777_251.JPEG	13	13	63	63
n04254777_252.JPEG	33	0	62	63
n04254777_253.JPEG	25	17	53	46
n04254777_254.JPEG	40	29	49	50
n04254777_255.JPEG	29	19	52	58
n04254777_256.JPEG	12	17	63	58
n04254777_257.JPEG	12	5	32	63
n04254777_258.JPEG	9	0	56	63
n04254777_259.JPEG	0	14	42	63
n04254777_260.JPEG	38	2	61	54
n04254777_261.JPEG	35	62	39	63
n04254777_262.JPEG	6	0	62	63
n04254777_263.JPEG	0	4	11	62
n04254777_264.JPEG	0	0	31	63
n04254777_265.JPEG	18	5	63	63
n04254777_266.JPEG	17	5	56	60
n04254777_267.JPEG	13	10	63	21
n04254777_268.JPEG	31	4	63	53
n04254777_269.JPEG	14	20	37	45
n04254777_270.JPEG	0	30	63	60
n04254777_271.JPEG	29	20	63	63
n04254777_272.JPEG	17	16	63	61
n04254777_273.JPEG	4	1	43	55
n04254777_274.JPEG	22	3	63	31
n04254777_275.JPEG	18	2	58	63
n04254777_276.JPEG	14	52	37	63
n04254777_277.JPEG	0	0	61	61
n04254777_278.JPEG	3	2	57	53
n04254777_279.JPEG	11	22	63	59
n04254777_280.JPEG	0	32	63	63
n04254777_281.JPEG	37	11	63	51
n04254777_282.JPEG	2	0	62	63
n04254777_283.JPEG	11	7	35	63
n04254777_284.JPEG	10	16	41	59
n04254777_285.JPEG	32	18	49	62
n04254777_286.JPEG	13	11	42	61
n04254777_287.JPEG	31	1	63	63
n04254777_288.JPEG	63	5	63	48
n04254777_289.JPEG	0	9	49	63
n04254777_290.JPEG	2	0	38	63
n04254777_291.JPEG	0	3	62	63
n04254777_292.JPEG	30	14	53	63
n04254777_293.JPEG	34	4	63	63
n04254777_294.JPEG	37	52	44	63
n04254777_295.JPEG	35	1	63	63
n04254777_296.JPEG	9	3	63	63
n04254777_297.JPEG	16	6	63	60
n04254777_298.JPEG	21	0	47	63
n04254777_299.JPEG	0	0	58	34
n04254777_300.JPEG	1	14	48	63
n04254777_301.JPEG	32	0	55	63
n04254777_302.JPEG	9	1	37	63
n04254777_303.JPEG	9	18	29	59
n04254777_304.JPEG	0	0	45	63
n04254777_305.JPEG	17	55	23	63
n04254777_306.JPEG	0	0	63	63
n04254777_307.JPEG	7	0	63	60
n04254777_308.JPEG	11	0	57	63
n04254777_309.JPEG	37	19	63	40
n04254777_310.JPEG	37	0	57	63
n04254777_311.JPEG	2	4	63	56
n04254777_312.JPEG	17	7	63	51
n04254777_313.JPEG	3	11	63	58
n04254777_314.JPEG	9	0	44	63
n04254777_315.JPEG	6	20	58	63
n04254777_316.JPEG	11	0	24	30
n04254777_317.JPEG	7	2	63	63
n04254777_318.JPEG	3	8	52	63
n04254777_319.JPEG	12	1	54	57
n04254777_320.JPEG	48	13	63	55
n04254777_321.JPEG	0	14	46	59
n04254777_322.JPEG	44	6	63	20
n04254777_323.JPEG	9	3	59	51
n04254777_324.JPEG	6	8	45	62
n04254777_325.JPEG	0	0	38	63
n04254777_326.JPEG	0	0	56	63
n04254777_327.JPEG	2	4	63	52
n04254777_328.JPEG	0	0	32	63
n04254777_329.JPEG	0	0	61	63
n04254777_330.JPEG	30	1	63	63
n04254777_331.JPEG	63	8	63	54
n04254777_332.JPEG	16	1	63	63
n04254777_333.JPEG	6	11	63	63
n04254777_334.JPEG	0	1	63	58
n04254777_335.JPEG	17	15	63	58
n04254777_336.JPEG	38	0	60	49
n04254777_337.JPEG	38	0	60	63
n04254777_338.JPEG	0	2	63	36
n04254777_339.JPEG	1	0	62	63
n04254777_340.JPEG	0	0	52	63
n04254777_341.JPEG	7	2	63	58
n04254777_342.JPEG	27	0	63	62
n04254777_343.JPEG	30	6	58	63
n04254777_344.JPEG	21	0	49	55
n04254777_345.JPEG	14	0	34	63
n04254777_346.JPEG	16	23	46	53
n04254777_347.JPEG	14	1	39	63
n04254777_348.JPEG	34	0	61	54
n04254777_349.JPEG	12	3	41	57
n04254777_350.JPEG	0	0	63	63
n04254777_351.JPEG	31	2	63	63
n04254777_352.JPEG	0	12	39	63
n04254777_353.JPEG	13	6	59	35
n04254777_354.JPEG	6	0	55	63
n04254777_355.JPEG	19	6	63	63
n04254777_356.JPEG	33	20	56	46
n04254777_357.JPEG	0	17	63	62
n04254777_358.JPEG	1	5	39	63
n04254777_359.JPEG	10	1	38	63
n04254777_360.JPEG	7	3	63	63
n04254777_361.JPEG	0	0	30	63
n04254777_362.JPEG	26	31	46	61
n04254777_363.JPEG	3	0	63	63
n04254777_364.JPEG	26	0	63	63
n04254777_365.JPEG	0	1	63	49
n04254777_366.JPEG	1	0	55	63
n04254777_367.JPEG	9	1	50	63
n04254777_368.JPEG	8	0	35	63
n04254777_369.JPEG	35	0	63	63
n04254777_370.JPEG	24	0	51	63
n04254777_371.JPEG	42	33	62	63
n04254777_372.JPEG	0	1	35	63
n04254777_373.JPEG	3	0	39	63
n04254777_374.JPEG	35	20	63	63
n04254777_375.JPEG	7	25	40	63
n04254777_376.JPEG	34	4	63	63
n04254777_377.JPEG	0	0	63	63
n04254777_378.JPEG	41	5	63	47
n04254777_379.JPEG	20	2	48	58
n04254777_380.JPEG	0	7	63	63
n04254777_381.JPEG	9	6	63	41
n04254777_382.JPEG	33	18	61	63
n04254777_383.JPEG	0	7	61	52
n04254777_384.JPEG	11	2	56	34
n04254777_385.JPEG	17	0	53	63
n04254777_386.JPEG	7	9	36	63
n04254777_387.JPEG	3	4	33	63
n04254777_388.JPEG	0	0	24	51
n04254777_389.JPEG	10	3	54	47
n04254777_390.JPEG	31	2	63	62
n04254777_391.JPEG	3	0	56	57
n04254777_392.JPEG	32	0	60	63
n04254777_393.JPEG	30	3	44	59
n04254777_394.JPEG	43	11	63	56
n04254777_395.JPEG	7	0	60	63
n04254777_396.JPEG	44	10	62	52
n04254777_397.JPEG	5	0	32	63
n04254777_398.JPEG	5	0	63	63
n04254777_399.JPEG	0	0	43	63
n04254777_400.JPEG	0	9	60	42
n04254777_401.JPEG	30	0	58	63
n04254777_402.JPEG	34	17	47	40
n04254777_403.JPEG	47	36	63	56
n04254777_404.JPEG	28	9	55	63
n04254777_405.JPEG	14	4	34	63
n04254777_406.JPEG	31	1	57	52
n04254777_407.JPEG	1	17	61	63
n04254777_408.JPEG	10	9	59	33
n04254777_409.JPEG	32	41	61	63
n04254777_410.JPEG	0	0	33	63
n04254777_411.JPEG	30	0	63	63
n04254777_412.JPEG	0	1	63	63
n04254777_413.JPEG	9	4	51	53
n04254777_414.JPEG	40	6	63	40
n04254777_415.JPEG	13	0	32	49
n04254777_416.JPEG	14	0	63	63
n04254777_417.JPEG	16	0	63	63
n04254777_418.JPEG	3	4	29	58
n04254777_419.JPEG	26	0	63	63
n04254777_420.JPEG	35	51	42	63
n04254777_421.JPEG	20	19	63	60
n04254777_422.JPEG	35	0	63	63
n04254777_423.JPEG	0	5	63	44
n04254777_424.JPEG	0	6	31	56
n04254777_425.JPEG	7	2	63	40
n04254777_426.JPEG	34	3	63	63
n04254777_427.JPEG	0	4	15	39
n04254777_428.JPEG	11	0	36	39
n04254777_429.JPEG	0	24	63	60
n04254777_430.JPEG	17	10	41	54
n04254777_431.JPEG	9	14	63	63
n04254777_432.JPEG	13	0	38	63
n04254777_433.JPEG	21	10	63	54
n04254777_434.JPEG	30	7	63	56
n04254777_435.JPEG	42	10	63	57
n04254777_436.JPEG	46	0	60	63
n04254777_437.JPEG	12	28	33	63
n04254777_438.JPEG	2	0	63	46
n04254777_439.JPEG	7	0	34	63
n04254777_440.JPEG	0	6	38	61
n04254777_441.JPEG	0	23	33	61
n04254777_442.JPEG	11	5	49	63
n04254777_443.JPEG	0	0	19	61
n04254777_444.JPEG	24	5	63	63
n04254777_445.JPEG	12	34	45	63
n04254777_446.JPEG	8	16	35	51
n04254777_447.JPEG	17	2	40	62
n04254777_448.JPEG	38	0	63	35
n04254777_449.JPEG	13	3	34	63
n04254777_450.JPEG	37	0	56	30
n04254777_451.JPEG	16	0	63	63
n04254777_452.JPEG	5	8	53	58
n04254777_453.JPEG	6	0	60	50
n04254777_454.JPEG	23	10	50	58
n04254777_455.JPEG	0	6	35	63
n04254777_456.JPEG	1	3	48	45
n04254777_457.JPEG	14	0	63	63
n04254777_458.JPEG	6	1	38	41
n04254777_459.JPEG	36	0	60	63
n04254777_460.JPEG	32	2	50	63
n04254777_461.JPEG	0	0	63	39
n04254777_462.JPEG	38	4	63	51
n04254777_463.JPEG	26	1	63	63
n04254777_464.JPEG	0	0	28	63
n04254777_465.JPEG	20	4	59	59
n04254777_466.JPEG	28	0	62	63
n04254777_467.JPEG	3	0	63	51
n04254777_468.JPEG	29	0	50	50
n04254777_469.JPEG	28	4	63	62
n04254777_470.JPEG	19	0	63	63
n04254777_471.JPEG	0	9	63	63
n04254777_472.JPEG	14	39	41	60
n04254777_473.JPEG	8	13	57	48
n04254777_474.JPEG	7	30	27	54
n04254777_475.JPEG	0	0	33	63
n04254777_476.JPEG	39	0	63	33
n04254777_477.JPEG	32	8	50	63
n04254777_478.JPEG	23	25	32	61
n04254777_479.JPEG	34	0	63	63
n04254777_480.JPEG	0	3	33	63
n04254777_481.JPEG	22	1	63	63
n04254777_482.JPEG	14	0	49	63
n04254777_483.JPEG	0	11	61	31
n04254777_484.JPEG	5	0	63	63
n04254777_485.JPEG	0	1	63	63
n04254777_486.JPEG	2	4	63	50
n04254777_487.JPEG	0	9	63	59
n04254777_488.JPEG	12	2	31	45
n04254777_489.JPEG	3	13	33	63
n04254777_490.JPEG	13	2	36	51
n04254777_491.JPEG	0	6	63	60
n04254777_492.JPEG	6	8	35	59
n04254777_493.JPEG	21	9	63	63
n04254777_494.JPEG	0	1	63	55
n04254777_495.JPEG	38	29	61	38
n04254777_496.JPEG	2	0	36	51
n04254777_497.JPEG	34	0	63	58
n04254777_498.JPEG	12	9	43	44
n04254777_499.JPEG	11	1	53	63
