n02190166_0.JPEG	0	2	63	63
n02190166_1.JPEG	0	15	63	62
n02190166_2.JPEG	0	0	63	63
n02190166_3.JPEG	13	19	53	45
n02190166_4.JPEG	0	13	39	39
n02190166_5.JPEG	0	15	63	57
n02190166_6.JPEG	0	8	63	63
n02190166_7.JPEG	26	23	38	34
n02190166_8.JPEG	13	22	60	56
n02190166_9.JPEG	16	19	45	44
n02190166_10.JPEG	0	12	35	53
n02190166_11.JPEG	14	16	55	53
n02190166_12.JPEG	0	24	48	59
n02190166_13.JPEG	20	1	57	33
n02190166_14.JPEG	18	9	56	54
n02190166_15.JPEG	4	11	58	47
n02190166_16.JPEG	0	2	63	63
n02190166_17.JPEG	7	17	56	55
n02190166_18.JPEG	20	10	58	46
n02190166_19.JPEG	16	10	50	54
n02190166_20.JPEG	22	2	63	48
n02190166_21.JPEG	0	11	63	63
n02190166_22.JPEG	0	10	63	62
n02190166_23.JPEG	16	17	63	53
n02190166_24.JPEG	0	1	58	63
n02190166_25.JPEG	0	11	63	59
n02190166_26.JPEG	12	15	55	47
n02190166_27.JPEG	7	12	58	54
n02190166_28.JPEG	17	15	42	43
n02190166_29.JPEG	18	14	47	48
n02190166_30.JPEG	28	28	38	34
n02190166_31.JPEG	17	26	48	44
n02190166_32.JPEG	8	5	31	30
n02190166_33.JPEG	0	6	63	60
n02190166_34.JPEG	0	0	51	63
n02190166_35.JPEG	35	22	63	62
n02190166_36.JPEG	5	10	59	55
n02190166_37.JPEG	0	6	63	63
n02190166_38.JPEG	8	12	52	63
n02190166_39.JPEG	0	0	63	63
n02190166_40.JPEG	0	0	48	63
n02190166_41.JPEG	3	10	45	49
n02190166_42.JPEG	13	13	50	58
n02190166_43.JPEG	24	3	55	44
n02190166_44.JPEG	14	18	49	54
n02190166_45.JPEG	0	13	63	51
n02190166_46.JPEG	12	15	31	42
n02190166_47.JPEG	18	1	63	42
n02190166_48.JPEG	30	33	37	41
n02190166_49.JPEG	0	1	63	63
n02190166_50.JPEG	24	16	56	56
n02190166_51.JPEG	3	6	54	63
n02190166_52.JPEG	18	17	58	52
n02190166_53.JPEG	0	5	31	63
n02190166_54.JPEG	10	17	42	44
n02190166_55.JPEG	0	10	26	50
n02190166_56.JPEG	7	17	34	48
n02190166_57.JPEG	11	14	56	42
n02190166_58.JPEG	0	1	56	63
n02190166_59.JPEG	0	25	60	62
n02190166_60.JPEG	0	3	54	63
n02190166_61.JPEG	11	5	57	55
n02190166_62.JPEG	6	8	30	39
n02190166_63.JPEG	0	13	63	63
n02190166_64.JPEG	0	21	48	47
n02190166_65.JPEG	0	16	14	39
n02190166_66.JPEG	0	11	43	54
n02190166_67.JPEG	14	2	53	52
n02190166_68.JPEG	6	16	40	48
n02190166_69.JPEG	9	0	55	61
n02190166_70.JPEG	8	0	63	63
n02190166_71.JPEG	18	11	63	53
n02190166_72.JPEG	1	5	63	59
n02190166_73.JPEG	0	7	63	59
n02190166_74.JPEG	0	5	63	63
n02190166_75.JPEG	24	20	63	63
n02190166_76.JPEG	4	13	33	49
n02190166_77.JPEG	29	30	63	49
n02190166_78.JPEG	2	27	26	41
n02190166_79.JPEG	0	10	57	46
n02190166_80.JPEG	7	15	62	53
n02190166_81.JPEG	6	22	53	50
n02190166_82.JPEG	14	6	46	55
n02190166_83.JPEG	0	9	63	63
n02190166_84.JPEG	0	10	63	59
n02190166_85.JPEG	9	14	63	60
n02190166_86.JPEG	10	19	51	48
n02190166_87.JPEG	0	18	63	63
n02190166_88.JPEG	20	19	48	45
n02190166_89.JPEG	6	3	63	63
n02190166_90.JPEG	6	5	63	60
n02190166_91.JPEG	22	12	63	51
n02190166_92.JPEG	0	29	28	47
n02190166_93.JPEG	4	23	58	53
n02190166_94.JPEG	0	7	46	40
n02190166_95.JPEG	0	12	63	58
n02190166_96.JPEG	4	4	55	62
n02190166_97.JPEG	15	12	51	40
n02190166_98.JPEG	2	0	62	63
n02190166_99.JPEG	0	1	58	55
n02190166_100.JPEG	0	1	59	58
n02190166_101.JPEG	16	19	62	58
n02190166_102.JPEG	14	16	53	54
n02190166_103.JPEG	8	20	39	40
n02190166_104.JPEG	42	12	60	33
n02190166_105.JPEG	0	5	62	63
n02190166_106.JPEG	6	13	34	58
n02190166_107.JPEG	14	8	45	63
n02190166_108.JPEG	10	23	58	63
n02190166_109.JPEG	6	13	48	35
n02190166_110.JPEG	0	1	47	50
n02190166_111.JPEG	15	21	54	45
n02190166_112.JPEG	0	2	47	53
n02190166_113.JPEG	9	18	46	52
n02190166_114.JPEG	21	28	44	47
n02190166_115.JPEG	26	19	41	49
n02190166_116.JPEG	17	10	59	54
n02190166_117.JPEG	0	0	56	63
n02190166_118.JPEG	0	6	38	43
n02190166_119.JPEG	0	9	59	57
n02190166_120.JPEG	23	55	31	62
n02190166_121.JPEG	4	8	63	61
n02190166_122.JPEG	15	8	63	44
n02190166_123.JPEG	8	13	54	51
n02190166_124.JPEG	3	8	59	56
n02190166_125.JPEG	5	0	60	59
n02190166_126.JPEG	19	24	42	42
n02190166_127.JPEG	2	16	56	62
n02190166_128.JPEG	0	4	63	61
n02190166_129.JPEG	0	6	50	58
n02190166_130.JPEG	16	18	63	61
n02190166_131.JPEG	2	14	63	54
n02190166_132.JPEG	11	34	36	45
n02190166_133.JPEG	0	7	50	50
n02190166_134.JPEG	0	10	61	63
n02190166_135.JPEG	7	5	47	47
n02190166_136.JPEG	0	5	54	63
n02190166_137.JPEG	0	6	63	59
n02190166_138.JPEG	12	19	43	45
n02190166_139.JPEG	0	0	63	63
n02190166_140.JPEG	16	0	58	63
n02190166_141.JPEG	9	39	34	57
n02190166_142.JPEG	3	12	56	48
n02190166_143.JPEG	8	1	46	51
n02190166_144.JPEG	34	9	63	53
n02190166_145.JPEG	26	29	40	42
n02190166_146.JPEG	34	18	53	37
n02190166_147.JPEG	2	4	63	63
n02190166_148.JPEG	32	0	62	30
n02190166_149.JPEG	19	27	36	44
n02190166_150.JPEG	28	20	63	49
n02190166_151.JPEG	26	16	63	49
n02190166_152.JPEG	0	13	47	62
n02190166_153.JPEG	0	10	60	58
n02190166_154.JPEG	9	18	41	45
n02190166_155.JPEG	0	1	63	63
n02190166_156.JPEG	9	8	63	60
n02190166_157.JPEG	27	12	47	49
n02190166_158.JPEG	0	8	63	51
n02190166_159.JPEG	0	8	48	53
n02190166_160.JPEG	43	39	57	49
n02190166_161.JPEG	2	11	59	56
n02190166_162.JPEG	15	3	57	59
n02190166_163.JPEG	18	12	50	49
n02190166_164.JPEG	3	7	63	63
n02190166_165.JPEG	20	23	47	51
n02190166_166.JPEG	0	3	63	63
n02190166_167.JPEG	0	12	48	40
n02190166_168.JPEG	23	14	47	48
n02190166_169.JPEG	0	6	36	59
n02190166_170.JPEG	5	14	63	63
n02190166_171.JPEG	9	17	33	35
n02190166_172.JPEG	7	15	53	58
n02190166_173.JPEG	2	15	50	42
n02190166_174.JPEG	0	0	63	63
n02190166_175.JPEG	5	10	55	54
n02190166_176.JPEG	0	15	63	62
n02190166_177.JPEG	22	23	37	40
n02190166_178.JPEG	3	0	49	34
n02190166_179.JPEG	15	11	43	45
n02190166_180.JPEG	20	20	45	43
n02190166_181.JPEG	23	18	53	36
n02190166_182.JPEG	0	25	29	54
n02190166_183.JPEG	2	13	63	63
n02190166_184.JPEG	13	21	59	52
n02190166_185.JPEG	1	9	62	63
n02190166_186.JPEG	0	14	53	63
n02190166_187.JPEG	14	20	52	55
n02190166_188.JPEG	7	0	47	51
n02190166_189.JPEG	14	20	47	43
n02190166_190.JPEG	1	16	44	54
n02190166_191.JPEG	34	10	63	47
n02190166_192.JPEG	32	30	60	50
n02190166_193.JPEG	32	40	45	54
n02190166_194.JPEG	0	5	63	63
n02190166_195.JPEG	20	0	63	63
n02190166_196.JPEG	9	5	55	61
n02190166_197.JPEG	3	13	63	52
n02190166_198.JPEG	1	0	63	63
n02190166_199.JPEG	6	23	62	53
n02190166_200.JPEG	0	0	50	56
n02190166_201.JPEG	9	9	55	58
n02190166_202.JPEG	0	0	63	63
n02190166_203.JPEG	6	1	63	61
n02190166_204.JPEG	7	9	55	54
n02190166_205.JPEG	0	5	63	63
n02190166_206.JPEG	0	2	63	63
n02190166_207.JPEG	9	7	47	59
n02190166_208.JPEG	12	13	63	62
n02190166_209.JPEG	16	17	63	52
n02190166_210.JPEG	0	7	38	50
n02190166_211.JPEG	11	26	36	56
n02190166_212.JPEG	16	4	49	58
n02190166_213.JPEG	0	12	63	48
n02190166_214.JPEG	7	0	63	63
n02190166_215.JPEG	16	10	49	51
n02190166_216.JPEG	0	0	63	63
n02190166_217.JPEG	6	1	60	63
n02190166_218.JPEG	0	6	60	59
n02190166_219.JPEG	11	15	61	44
n02190166_220.JPEG	17	26	38	41
n02190166_221.JPEG	0	12	50	57
n02190166_222.JPEG	0	17	43	53
n02190166_223.JPEG	1	0	63	61
n02190166_224.JPEG	15	3	49	27
n02190166_225.JPEG	16	2	53	63
n02190166_226.JPEG	22	20	38	39
n02190166_227.JPEG	0	0	63	63
n02190166_228.JPEG	12	5	47	33
n02190166_229.JPEG	4	11	41	41
n02190166_230.JPEG	0	4	63	63
n02190166_231.JPEG	0	1	63	62
n02190166_232.JPEG	1	4	63	63
n02190166_233.JPEG	0	1	63	63
n02190166_234.JPEG	17	25	36	37
n02190166_235.JPEG	6	29	42	51
n02190166_236.JPEG	0	6	63	57
n02190166_237.JPEG	3	1	52	52
n02190166_238.JPEG	27	18	63	63
n02190166_239.JPEG	0	6	63	61
n02190166_240.JPEG	4	13	62	53
n02190166_241.JPEG	13	17	52	57
n02190166_242.JPEG	13	24	44	39
n02190166_243.JPEG	19	23	62	54
n02190166_244.JPEG	3	10	63	53
n02190166_245.JPEG	0	13	58	53
n02190166_246.JPEG	3	3	61	60
n02190166_247.JPEG	16	5	63	52
n02190166_248.JPEG	0	17	55	57
n02190166_249.JPEG	0	0	63	58
n02190166_250.JPEG	0	10	63	63
n02190166_251.JPEG	0	10	63	63
n02190166_252.JPEG	0	15	55	50
n02190166_253.JPEG	9	25	31	39
n02190166_254.JPEG	13	23	47	38
n02190166_255.JPEG	0	7	61	59
n02190166_256.JPEG	4	32	18	43
n02190166_257.JPEG	11	15	57	54
n02190166_258.JPEG	1	8	63	63
n02190166_259.JPEG	0	19	50	63
n02190166_260.JPEG	6	38	23	48
n02190166_261.JPEG	12	11	61	56
n02190166_262.JPEG	22	31	37	44
n02190166_263.JPEG	18	16	56	58
n02190166_264.JPEG	0	0	63	63
n02190166_265.JPEG	12	10	48	59
n02190166_266.JPEG	0	5	63	63
n02190166_267.JPEG	3	3	49	52
n02190166_268.JPEG	2	7	63	61
n02190166_269.JPEG	9	5	63	47
n02190166_270.JPEG	0	5	49	59
n02190166_271.JPEG	15	12	48	49
n02190166_272.JPEG	5	18	44	45
n02190166_273.JPEG	1	11	63	55
n02190166_274.JPEG	13	20	51	42
n02190166_275.JPEG	0	0	63	63
n02190166_276.JPEG	0	3	63	58
n02190166_277.JPEG	19	13	50	57
n02190166_278.JPEG	5	18	49	50
n02190166_279.JPEG	11	24	63	55
n02190166_280.JPEG	0	1	59	63
n02190166_281.JPEG	15	9	59	62
n02190166_282.JPEG	10	3	57	62
n02190166_283.JPEG	24	18	42	36
n02190166_284.JPEG	0	24	25	56
n02190166_285.JPEG	8	11	55	47
n02190166_286.JPEG	3	11	60	58
n02190166_287.JPEG	4	9	63	39
n02190166_288.JPEG	0	22	28	51
n02190166_289.JPEG	0	12	63	53
n02190166_290.JPEG	0	2	63	58
n02190166_291.JPEG	1	0	61	63
n02190166_292.JPEG	0	40	63	63
n02190166_293.JPEG	11	19	56	52
n02190166_294.JPEG	18	20	57	55
n02190166_295.JPEG	53	6	63	34
n02190166_296.JPEG	0	25	57	63
n02190166_297.JPEG	3	17	54	54
n02190166_298.JPEG	16	19	63	52
n02190166_299.JPEG	16	22	49	44
n02190166_300.JPEG	7	3	59	59
n02190166_301.JPEG	19	26	46	46
n02190166_302.JPEG	0	0	63	63
n02190166_303.JPEG	0	20	28	37
n02190166_304.JPEG	6	10	63	63
n02190166_305.JPEG	16	6	45	21
n02190166_306.JPEG	0	20	51	59
n02190166_307.JPEG	18	9	53	60
n02190166_308.JPEG	12	11	49	41
n02190166_309.JPEG	0	0	63	63
n02190166_310.JPEG	0	1	63	63
n02190166_311.JPEG	0	7	63	63
n02190166_312.JPEG	11	12	56	49
n02190166_313.JPEG	0	0	63	63
n02190166_314.JPEG	29	7	56	39
n02190166_315.JPEG	0	0	63	62
n02190166_316.JPEG	0	16	63	59
n02190166_317.JPEG	1	3	63	62
n02190166_318.JPEG	10	5	59	62
n02190166_319.JPEG	2	2	63	63
n02190166_320.JPEG	1	1	63	63
n02190166_321.JPEG	0	12	46	57
n02190166_322.JPEG	15	17	63	54
n02190166_323.JPEG	0	0	63	63
n02190166_324.JPEG	12	19	60	40
n02190166_325.JPEG	24	25	39	43
n02190166_326.JPEG	0	0	63	63
n02190166_327.JPEG	26	25	40	40
n02190166_328.JPEG	10	8	55	56
n02190166_329.JPEG	25	25	53	39
n02190166_330.JPEG	0	9	63	63
n02190166_331.JPEG	11	22	39	47
n02190166_332.JPEG	25	14	40	31
n02190166_333.JPEG	24	7	55	45
n02190166_334.JPEG	1	1	63	52
n02190166_335.JPEG	17	5	62	50
n02190166_336.JPEG	15	7	47	53
n02190166_337.JPEG	0	18	57	51
n02190166_338.JPEG	21	8	50	30
n02190166_339.JPEG	10	5	61	59
n02190166_340.JPEG	0	17	63	62
n02190166_341.JPEG	9	16	62	57
n02190166_342.JPEG	0	27	36	51
n02190166_343.JPEG	6	10	45	55
n02190166_344.JPEG	18	4	63	47
n02190166_345.JPEG	11	2	56	59
n02190166_346.JPEG	6	18	52	54
n02190166_347.JPEG	14	13	34	33
n02190166_348.JPEG	8	7	63	57
n02190166_349.JPEG	0	11	63	43
n02190166_350.JPEG	9	5	63	51
n02190166_351.JPEG	6	14	57	55
n02190166_352.JPEG	0	0	57	63
n02190166_353.JPEG	13	0	63	63
n02190166_354.JPEG	3	8	63	53
n02190166_355.JPEG	0	6	63	63
n02190166_356.JPEG	12	18	58	48
n02190166_357.JPEG	11	7	63	58
n02190166_358.JPEG	12	21	43	61
n02190166_359.JPEG	19	32	48	61
n02190166_360.JPEG	2	14	63	63
n02190166_361.JPEG	0	2	51	63
n02190166_362.JPEG	0	0	63	63
n02190166_363.JPEG	20	23	63	53
n02190166_364.JPEG	22	31	32	38
n02190166_365.JPEG	0	10	63	63
n02190166_366.JPEG	0	6	63	60
n02190166_367.JPEG	0	6	50	38
n02190166_368.JPEG	0	4	56	63
n02190166_369.JPEG	34	0	58	25
n02190166_370.JPEG	0	3	54	63
n02190166_371.JPEG	21	18	41	47
n02190166_372.JPEG	5	8	62	60
n02190166_373.JPEG	0	15	21	63
n02190166_374.JPEG	0	15	57	57
n02190166_375.JPEG	17	5	61	44
n02190166_376.JPEG	6	3	55	63
n02190166_377.JPEG	25	18	48	39
n02190166_378.JPEG	11	0	63	63
n02190166_379.JPEG	0	0	63	63
n02190166_380.JPEG	0	14	63	52
n02190166_381.JPEG	22	18	63	53
n02190166_382.JPEG	0	37	21	59
n02190166_383.JPEG	11	14	57	59
n02190166_384.JPEG	0	1	63	63
n02190166_385.JPEG	4	17	63	53
n02190166_386.JPEG	6	10	63	63
n02190166_387.JPEG	3	11	63	59
n02190166_388.JPEG	12	20	63	59
n02190166_389.JPEG	10	17	63	46
n02190166_390.JPEG	20	19	63	54
n02190166_391.JPEG	8	0	63	62
n02190166_392.JPEG	0	11	44	50
n02190166_393.JPEG	0	5	63	51
n02190166_394.JPEG	10	24	44	49
n02190166_395.JPEG	0	0	63	63
n02190166_396.JPEG	2	11	45	54
n02190166_397.JPEG	24	23	37	34
n02190166_398.JPEG	6	13	57	49
n02190166_399.JPEG	0	0	63	63
n02190166_400.JPEG	1	0	63	63
n02190166_401.JPEG	1	0	63	63
n02190166_402.JPEG	2	19	60	51
n02190166_403.JPEG	11	10	53	58
n02190166_404.JPEG	0	27	22	48
n02190166_405.JPEG	5	17	32	41
n02190166_406.JPEG	15	9	53	45
n02190166_407.JPEG	24	6	42	55
n02190166_408.JPEG	21	20	51	47
n02190166_409.JPEG	23	17	44	48
n02190166_410.JPEG	10	0	61	63
n02190166_411.JPEG	24	15	63	49
n02190166_412.JPEG	0	25	46	56
n02190166_413.JPEG	16	14	63	50
n02190166_414.JPEG	11	1	63	63
n02190166_415.JPEG	1	24	56	53
n02190166_416.JPEG	0	32	30	61
n02190166_417.JPEG	10	5	63	59
n02190166_418.JPEG	6	21	59	63
n02190166_419.JPEG	8	22	40	55
n02190166_420.JPEG	3	0	63	63
n02190166_421.JPEG	0	8	63	63
n02190166_422.JPEG	0	4	63	63
n02190166_423.JPEG	0	8	63	63
n02190166_424.JPEG	14	9	51	52
n02190166_425.JPEG	2	8	49	58
n02190166_426.JPEG	0	26	20	48
n02190166_427.JPEG	8	16	57	51
n02190166_428.JPEG	24	25	51	48
n02190166_429.JPEG	48	33	63	51
n02190166_430.JPEG	21	19	62	63
n02190166_431.JPEG	7	4	56	56
n02190166_432.JPEG	0	1	63	63
n02190166_433.JPEG	0	14	49	46
n02190166_434.JPEG	0	6	54	63
n02190166_435.JPEG	5	0	50	56
n02190166_436.JPEG	10	9	63	51
n02190166_437.JPEG	21	25	63	59
n02190166_438.JPEG	7	14	59	61
n02190166_439.JPEG	0	1	63	63
n02190166_440.JPEG	21	7	63	43
n02190166_441.JPEG	4	5	63	59
n02190166_442.JPEG	21	4	63	49
n02190166_443.JPEG	0	1	63	63
n02190166_444.JPEG	0	1	63	63
n02190166_445.JPEG	16	5	60	48
n02190166_446.JPEG	0	27	55	59
n02190166_447.JPEG	0	3	51	63
n02190166_448.JPEG	31	14	59	37
n02190166_449.JPEG	24	19	57	43
n02190166_450.JPEG	10	24	62	63
n02190166_451.JPEG	0	26	63	56
n02190166_452.JPEG	22	13	63	53
n02190166_453.JPEG	15	14	56	52
n02190166_454.JPEG	0	1	63	63
n02190166_455.JPEG	29	21	44	35
n02190166_456.JPEG	0	19	63	58
n02190166_457.JPEG	21	27	41	40
n02190166_458.JPEG	0	3	63	61
n02190166_459.JPEG	0	9	63	63
n02190166_460.JPEG	0	14	53	59
n02190166_461.JPEG	11	10	56	63
n02190166_462.JPEG	0	18	54	56
n02190166_463.JPEG	0	16	63	63
n02190166_464.JPEG	12	27	37	49
n02190166_465.JPEG	0	9	56	46
n02190166_466.JPEG	0	12	63	62
n02190166_467.JPEG	16	12	63	60
n02190166_468.JPEG	1	0	63	49
n02190166_469.JPEG	5	28	40	57
n02190166_470.JPEG	5	12	57	43
n02190166_471.JPEG	0	2	63	63
n02190166_472.JPEG	1	3	55	60
n02190166_473.JPEG	0	2	63	63
n02190166_474.JPEG	3	10	25	37
n02190166_475.JPEG	0	6	63	61
n02190166_476.JPEG	11	2	63	57
n02190166_477.JPEG	11	14	56	51
n02190166_478.JPEG	0	17	57	63
n02190166_479.JPEG	5	17	63	56
n02190166_480.JPEG	15	25	63	63
n02190166_481.JPEG	2	19	41	52
n02190166_482.JPEG	8	8	45	44
n02190166_483.JPEG	0	1	63	62
n02190166_484.JPEG	9	25	54	52
n02190166_485.JPEG	8	12	58	55
n02190166_486.JPEG	14	16	40	50
n02190166_487.JPEG	0	14	63	55
n02190166_488.JPEG	14	23	48	53
n02190166_489.JPEG	13	6	60	52
n02190166_490.JPEG	1	14	60	55
n02190166_491.JPEG	11	28	34	50
n02190166_492.JPEG	0	13	44	60
n02190166_493.JPEG	6	11	63	55
n02190166_494.JPEG	0	0	51	63
n02190166_495.JPEG	37	26	52	40
n02190166_496.JPEG	13	7	63	51
n02190166_497.JPEG	0	4	63	58
n02190166_498.JPEG	7	0	58	48
n02190166_499.JPEG	1	18	49	60
