n07720875_0.JPEG	3	5	61	59
n07720875_1.JPEG	15	12	49	56
n07720875_2.JPEG	30	30	63	63
n07720875_3.JPEG	36	23	63	51
n07720875_4.JPEG	31	0	63	58
n07720875_5.JPEG	15	9	56	53
n07720875_6.JPEG	8	31	63	63
n07720875_7.JPEG	7	6	34	51
n07720875_8.JPEG	4	4	60	61
n07720875_9.JPEG	0	27	30	63
n07720875_10.JPEG	9	7	55	55
n07720875_11.JPEG	0	11	53	63
n07720875_12.JPEG	12	21	35	45
n07720875_13.JPEG	27	14	47	52
n07720875_14.JPEG	21	2	48	39
n07720875_15.JPEG	2	0	63	49
n07720875_16.JPEG	0	15	30	49
n07720875_17.JPEG	14	7	55	62
n07720875_18.JPEG	6	0	47	63
n07720875_19.JPEG	11	32	33	49
n07720875_20.JPEG	19	0	49	60
n07720875_21.JPEG	54	18	63	42
n07720875_22.JPEG	0	2	62	63
n07720875_23.JPEG	0	1	63	58
n07720875_24.JPEG	9	3	63	62
n07720875_25.JPEG	12	2	60	59
n07720875_26.JPEG	2	0	62	63
n07720875_27.JPEG	8	38	33	63
n07720875_28.JPEG	0	0	63	63
n07720875_29.JPEG	4	0	59	63
n07720875_30.JPEG	28	20	63	58
n07720875_31.JPEG	30	1	63	59
n07720875_32.JPEG	14	36	33	62
n07720875_33.JPEG	0	1	63	63
n07720875_34.JPEG	20	38	53	63
n07720875_35.JPEG	11	11	43	44
n07720875_36.JPEG	0	12	36	54
n07720875_37.JPEG	0	0	63	63
n07720875_38.JPEG	27	0	54	20
n07720875_39.JPEG	24	14	54	46
n07720875_40.JPEG	3	0	52	63
n07720875_41.JPEG	5	1	63	60
n07720875_42.JPEG	35	26	59	45
n07720875_43.JPEG	4	11	52	57
n07720875_44.JPEG	23	35	48	63
n07720875_45.JPEG	53	51	63	63
n07720875_46.JPEG	0	0	63	63
n07720875_47.JPEG	0	0	63	63
n07720875_48.JPEG	3	0	60	63
n07720875_49.JPEG	0	2	63	63
n07720875_50.JPEG	15	29	52	63
n07720875_51.JPEG	5	0	61	63
n07720875_52.JPEG	7	3	63	56
n07720875_53.JPEG	17	10	46	52
n07720875_54.JPEG	8	1	34	35
n07720875_55.JPEG	41	9	63	33
n07720875_56.JPEG	0	1	63	63
n07720875_57.JPEG	1	5	53	57
n07720875_58.JPEG	8	5	56	63
n07720875_59.JPEG	0	0	63	63
n07720875_60.JPEG	0	28	63	63
n07720875_61.JPEG	31	4	51	36
n07720875_62.JPEG	2	5	63	62
n07720875_63.JPEG	26	34	51	63
n07720875_64.JPEG	25	25	43	58
n07720875_65.JPEG	4	9	57	63
n07720875_66.JPEG	22	23	42	43
n07720875_67.JPEG	43	9	63	43
n07720875_68.JPEG	2	0	63	63
n07720875_69.JPEG	9	16	57	63
n07720875_70.JPEG	1	2	63	63
n07720875_71.JPEG	26	0	63	63
n07720875_72.JPEG	6	4	58	58
n07720875_73.JPEG	14	18	50	57
n07720875_74.JPEG	35	40	55	63
n07720875_75.JPEG	7	0	57	49
n07720875_76.JPEG	20	17	45	46
n07720875_77.JPEG	7	18	17	30
n07720875_78.JPEG	21	12	47	40
n07720875_79.JPEG	23	30	53	63
n07720875_80.JPEG	0	5	37	57
n07720875_81.JPEG	3	0	62	63
n07720875_82.JPEG	0	19	56	63
n07720875_83.JPEG	0	15	56	63
n07720875_84.JPEG	40	6	63	32
n07720875_85.JPEG	13	0	63	57
n07720875_86.JPEG	19	12	54	58
n07720875_87.JPEG	32	59	52	63
n07720875_88.JPEG	10	15	50	58
n07720875_89.JPEG	63	0	63	28
n07720875_90.JPEG	3	11	52	48
n07720875_91.JPEG	0	0	63	63
n07720875_92.JPEG	0	0	61	63
n07720875_93.JPEG	10	8	57	56
n07720875_94.JPEG	13	18	43	57
n07720875_95.JPEG	7	6	54	59
n07720875_96.JPEG	26	16	36	28
n07720875_97.JPEG	0	0	62	63
n07720875_98.JPEG	0	8	63	63
n07720875_99.JPEG	8	10	42	53
n07720875_100.JPEG	9	6	55	49
n07720875_101.JPEG	11	34	41	58
n07720875_102.JPEG	23	0	53	58
n07720875_103.JPEG	34	10	63	63
n07720875_104.JPEG	20	16	44	62
n07720875_105.JPEG	32	20	56	49
n07720875_106.JPEG	9	9	52	51
n07720875_107.JPEG	35	17	60	40
n07720875_108.JPEG	2	3	63	60
n07720875_109.JPEG	10	18	45	46
n07720875_110.JPEG	21	36	58	63
n07720875_111.JPEG	0	17	45	47
n07720875_112.JPEG	3	20	36	44
n07720875_113.JPEG	10	0	63	63
n07720875_114.JPEG	44	39	63	61
n07720875_115.JPEG	26	4	51	49
n07720875_116.JPEG	1	14	30	51
n07720875_117.JPEG	13	21	54	63
n07720875_118.JPEG	6	27	47	58
n07720875_119.JPEG	42	20	63	56
n07720875_120.JPEG	26	3	46	28
n07720875_121.JPEG	0	4	63	63
n07720875_122.JPEG	10	6	63	63
n07720875_123.JPEG	0	1	63	62
n07720875_124.JPEG	26	17	63	63
n07720875_125.JPEG	48	15	63	47
n07720875_126.JPEG	2	5	54	61
n07720875_127.JPEG	1	0	63	63
n07720875_128.JPEG	22	1	63	50
n07720875_129.JPEG	0	1	63	63
n07720875_130.JPEG	36	1	53	35
n07720875_131.JPEG	0	0	48	63
n07720875_132.JPEG	25	15	46	49
n07720875_133.JPEG	0	17	28	58
n07720875_134.JPEG	2	2	55	59
n07720875_135.JPEG	0	2	35	60
n07720875_136.JPEG	0	1	13	26
n07720875_137.JPEG	11	34	43	63
n07720875_138.JPEG	10	20	50	59
n07720875_139.JPEG	2	20	61	63
n07720875_140.JPEG	7	10	57	58
n07720875_141.JPEG	6	2	57	63
n07720875_142.JPEG	0	55	15	63
n07720875_143.JPEG	43	14	50	36
n07720875_144.JPEG	0	9	53	63
n07720875_145.JPEG	0	9	9	25
n07720875_146.JPEG	11	13	47	51
n07720875_147.JPEG	12	10	33	29
n07720875_148.JPEG	1	4	63	60
n07720875_149.JPEG	22	23	63	63
n07720875_150.JPEG	18	11	55	56
n07720875_151.JPEG	27	15	63	62
n07720875_152.JPEG	0	0	63	63
n07720875_153.JPEG	0	10	61	52
n07720875_154.JPEG	9	34	32	60
n07720875_155.JPEG	0	1	63	63
n07720875_156.JPEG	0	0	63	63
n07720875_157.JPEG	30	24	41	35
n07720875_158.JPEG	20	19	63	63
n07720875_159.JPEG	0	0	52	56
n07720875_160.JPEG	22	3	52	23
n07720875_161.JPEG	25	31	32	38
n07720875_162.JPEG	32	12	44	32
n07720875_163.JPEG	2	20	32	53
n07720875_164.JPEG	0	0	63	63
n07720875_165.JPEG	6	6	59	61
n07720875_166.JPEG	11	0	63	60
n07720875_167.JPEG	57	56	63	63
n07720875_168.JPEG	17	19	47	57
n07720875_169.JPEG	0	1	43	47
n07720875_170.JPEG	35	5	63	45
n07720875_171.JPEG	13	7	38	52
n07720875_172.JPEG	0	14	11	56
n07720875_173.JPEG	2	7	37	56
n07720875_174.JPEG	28	17	56	55
n07720875_175.JPEG	20	22	46	55
n07720875_176.JPEG	22	23	42	49
n07720875_177.JPEG	35	17	63	49
n07720875_178.JPEG	37	37	61	63
n07720875_179.JPEG	5	10	59	62
n07720875_180.JPEG	0	2	60	63
n07720875_181.JPEG	2	6	35	60
n07720875_182.JPEG	3	0	52	63
n07720875_183.JPEG	18	30	63	63
n07720875_184.JPEG	31	1	63	37
n07720875_185.JPEG	8	6	59	59
n07720875_186.JPEG	39	16	63	45
n07720875_187.JPEG	0	4	63	63
n07720875_188.JPEG	0	1	63	63
n07720875_189.JPEG	35	37	61	63
n07720875_190.JPEG	0	7	46	61
n07720875_191.JPEG	0	2	51	60
n07720875_192.JPEG	15	25	24	38
n07720875_193.JPEG	18	15	49	50
n07720875_194.JPEG	5	2	57	50
n07720875_195.JPEG	0	4	0	60
n07720875_196.JPEG	13	16	41	56
n07720875_197.JPEG	23	30	52	46
n07720875_198.JPEG	44	21	60	38
n07720875_199.JPEG	31	1	63	63
n07720875_200.JPEG	63	35	63	51
n07720875_201.JPEG	25	25	62	63
n07720875_202.JPEG	10	23	51	59
n07720875_203.JPEG	15	10	44	56
n07720875_204.JPEG	35	0	63	35
n07720875_205.JPEG	0	0	63	63
n07720875_206.JPEG	0	12	26	44
n07720875_207.JPEG	0	11	55	63
n07720875_208.JPEG	17	9	63	62
n07720875_209.JPEG	4	17	33	51
n07720875_210.JPEG	26	1	52	42
n07720875_211.JPEG	23	8	63	63
n07720875_212.JPEG	9	13	61	63
n07720875_213.JPEG	22	1	57	32
n07720875_214.JPEG	37	1	63	63
n07720875_215.JPEG	2	5	60	63
n07720875_216.JPEG	4	1	63	63
n07720875_217.JPEG	1	0	59	63
n07720875_218.JPEG	29	28	38	36
n07720875_219.JPEG	0	3	63	63
n07720875_220.JPEG	18	16	46	41
n07720875_221.JPEG	1	2	59	60
n07720875_222.JPEG	39	30	63	57
n07720875_223.JPEG	26	5	63	63
n07720875_224.JPEG	25	5	63	52
n07720875_225.JPEG	1	1	38	48
n07720875_226.JPEG	14	10	51	43
n07720875_227.JPEG	28	45	46	63
n07720875_228.JPEG	0	0	63	63
n07720875_229.JPEG	24	2	46	23
n07720875_230.JPEG	0	26	9	61
n07720875_231.JPEG	24	5	51	29
n07720875_232.JPEG	5	0	58	63
n07720875_233.JPEG	33	10	63	44
n07720875_234.JPEG	14	9	54	61
n07720875_235.JPEG	8	18	52	53
n07720875_236.JPEG	9	14	55	63
n07720875_237.JPEG	11	37	25	52
n07720875_238.JPEG	23	24	34	41
n07720875_239.JPEG	28	15	63	55
n07720875_240.JPEG	23	13	57	52
n07720875_241.JPEG	19	0	63	42
n07720875_242.JPEG	3	15	29	48
n07720875_243.JPEG	0	2	61	63
n07720875_244.JPEG	0	0	41	63
n07720875_245.JPEG	10	19	54	63
n07720875_246.JPEG	1	0	63	63
n07720875_247.JPEG	30	5	63	32
n07720875_248.JPEG	0	1	52	63
n07720875_249.JPEG	20	8	60	47
n07720875_250.JPEG	27	22	63	56
n07720875_251.JPEG	3	0	62	63
n07720875_252.JPEG	35	25	63	63
n07720875_253.JPEG	0	11	63	50
n07720875_254.JPEG	11	16	41	53
n07720875_255.JPEG	43	38	54	50
n07720875_256.JPEG	3	2	50	60
n07720875_257.JPEG	0	23	25	56
n07720875_258.JPEG	16	15	55	54
n07720875_259.JPEG	15	1	50	55
n07720875_260.JPEG	1	2	63	63
n07720875_261.JPEG	28	21	60	59
n07720875_262.JPEG	44	13	63	38
n07720875_263.JPEG	0	24	43	61
n07720875_264.JPEG	8	5	63	63
n07720875_265.JPEG	1	4	63	63
n07720875_266.JPEG	12	8	63	57
n07720875_267.JPEG	23	13	55	54
n07720875_268.JPEG	33	11	63	41
n07720875_269.JPEG	6	7	55	57
n07720875_270.JPEG	0	6	63	58
n07720875_271.JPEG	17	19	41	56
n07720875_272.JPEG	0	26	7	37
n07720875_273.JPEG	8	13	23	26
n07720875_274.JPEG	0	8	63	59
n07720875_275.JPEG	29	24	39	36
n07720875_276.JPEG	4	4	60	59
n07720875_277.JPEG	17	0	63	51
n07720875_278.JPEG	1	2	62	62
n07720875_279.JPEG	0	8	60	63
n07720875_280.JPEG	43	22	63	55
n07720875_281.JPEG	0	1	21	35
n07720875_282.JPEG	35	5	51	29
n07720875_283.JPEG	17	27	63	63
n07720875_284.JPEG	0	19	12	42
n07720875_285.JPEG	3	0	61	63
n07720875_286.JPEG	3	23	63	57
n07720875_287.JPEG	9	3	59	60
n07720875_288.JPEG	13	0	62	44
n07720875_289.JPEG	45	33	62	49
n07720875_290.JPEG	38	0	63	7
n07720875_291.JPEG	31	8	60	55
n07720875_292.JPEG	15	5	42	56
n07720875_293.JPEG	8	5	56	63
n07720875_294.JPEG	41	20	63	46
n07720875_295.JPEG	33	11	57	40
n07720875_296.JPEG	5	1	60	63
n07720875_297.JPEG	23	25	40	42
n07720875_298.JPEG	45	1	63	33
n07720875_299.JPEG	44	30	63	57
n07720875_300.JPEG	4	4	61	63
n07720875_301.JPEG	3	2	44	63
n07720875_302.JPEG	1	4	63	59
n07720875_303.JPEG	19	9	41	39
n07720875_304.JPEG	6	9	50	61
n07720875_305.JPEG	24	26	51	50
n07720875_306.JPEG	30	20	60	50
n07720875_307.JPEG	2	0	56	62
n07720875_308.JPEG	29	38	61	62
n07720875_309.JPEG	7	13	63	63
n07720875_310.JPEG	18	19	54	44
n07720875_311.JPEG	2	0	63	63
n07720875_312.JPEG	33	17	63	50
n07720875_313.JPEG	11	2	54	61
n07720875_314.JPEG	17	9	57	50
n07720875_315.JPEG	5	8	46	38
n07720875_316.JPEG	10	39	40	63
n07720875_317.JPEG	23	1	62	40
n07720875_318.JPEG	0	0	63	63
n07720875_319.JPEG	26	6	58	59
n07720875_320.JPEG	7	8	51	63
n07720875_321.JPEG	10	14	56	55
n07720875_322.JPEG	17	26	52	63
n07720875_323.JPEG	9	0	49	63
n07720875_324.JPEG	19	16	45	47
n07720875_325.JPEG	21	20	49	47
n07720875_326.JPEG	22	21	44	41
n07720875_327.JPEG	24	31	47	57
n07720875_328.JPEG	9	19	44	63
n07720875_329.JPEG	7	10	61	54
n07720875_330.JPEG	31	14	39	27
n07720875_331.JPEG	6	10	29	48
n07720875_332.JPEG	7	0	54	60
n07720875_333.JPEG	31	10	54	63
n07720875_334.JPEG	4	9	38	56
n07720875_335.JPEG	5	0	61	56
n07720875_336.JPEG	32	9	63	48
n07720875_337.JPEG	8	22	25	41
n07720875_338.JPEG	6	4	56	61
n07720875_339.JPEG	3	3	62	63
n07720875_340.JPEG	16	24	35	48
n07720875_341.JPEG	34	41	60	63
n07720875_342.JPEG	6	0	60	63
n07720875_343.JPEG	5	27	33	61
n07720875_344.JPEG	10	0	60	63
n07720875_345.JPEG	8	0	51	11
n07720875_346.JPEG	0	0	63	63
n07720875_347.JPEG	8	18	52	63
n07720875_348.JPEG	10	39	56	63
n07720875_349.JPEG	10	5	60	58
n07720875_350.JPEG	1	0	63	58
n07720875_351.JPEG	47	22	63	58
n07720875_352.JPEG	0	4	63	63
n07720875_353.JPEG	11	0	31	14
n07720875_354.JPEG	0	0	63	63
n07720875_355.JPEG	25	11	40	39
n07720875_356.JPEG	0	0	63	63
n07720875_357.JPEG	28	10	50	39
n07720875_358.JPEG	4	0	62	63
n07720875_359.JPEG	2	30	32	60
n07720875_360.JPEG	3	6	41	50
n07720875_361.JPEG	1	0	61	63
n07720875_362.JPEG	23	33	38	57
n07720875_363.JPEG	14	18	49	57
n07720875_364.JPEG	0	5	42	63
n07720875_365.JPEG	1	1	60	62
n07720875_366.JPEG	47	27	63	63
n07720875_367.JPEG	0	0	63	63
n07720875_368.JPEG	10	7	60	62
n07720875_369.JPEG	5	4	35	63
n07720875_370.JPEG	4	3	63	61
n07720875_371.JPEG	0	1	63	63
n07720875_372.JPEG	16	5	45	56
n07720875_373.JPEG	9	0	63	51
n07720875_374.JPEG	0	5	40	60
n07720875_375.JPEG	21	20	53	50
n07720875_376.JPEG	25	42	32	49
n07720875_377.JPEG	8	10	47	38
n07720875_378.JPEG	0	1	52	47
n07720875_379.JPEG	12	30	63	60
n07720875_380.JPEG	36	24	55	46
n07720875_381.JPEG	0	12	30	63
n07720875_382.JPEG	5	0	49	62
n07720875_383.JPEG	5	0	59	63
n07720875_384.JPEG	6	29	44	63
n07720875_385.JPEG	4	30	33	54
n07720875_386.JPEG	9	25	36	57
n07720875_387.JPEG	34	6	63	53
n07720875_388.JPEG	48	19	63	41
n07720875_389.JPEG	0	0	63	63
n07720875_390.JPEG	8	2	53	63
n07720875_391.JPEG	0	0	49	54
n07720875_392.JPEG	19	2	60	44
n07720875_393.JPEG	29	32	55	58
n07720875_394.JPEG	11	5	58	61
n07720875_395.JPEG	0	18	37	60
n07720875_396.JPEG	0	13	60	45
n07720875_397.JPEG	16	0	63	51
n07720875_398.JPEG	15	16	35	40
n07720875_399.JPEG	21	1	63	42
n07720875_400.JPEG	19	8	48	54
n07720875_401.JPEG	25	10	53	48
n07720875_402.JPEG	4	0	61	63
n07720875_403.JPEG	0	11	35	63
n07720875_404.JPEG	9	5	60	50
n07720875_405.JPEG	39	1	63	35
n07720875_406.JPEG	20	15	56	53
n07720875_407.JPEG	5	10	58	58
n07720875_408.JPEG	17	5	45	39
n07720875_409.JPEG	23	8	50	37
n07720875_410.JPEG	12	26	54	63
n07720875_411.JPEG	22	12	63	58
n07720875_412.JPEG	6	9	54	62
n07720875_413.JPEG	0	7	40	53
n07720875_414.JPEG	0	0	63	63
n07720875_415.JPEG	21	26	48	50
n07720875_416.JPEG	1	21	41	55
n07720875_417.JPEG	0	0	63	63
n07720875_418.JPEG	0	0	63	63
n07720875_419.JPEG	1	0	49	63
n07720875_420.JPEG	0	0	63	63
n07720875_421.JPEG	31	17	63	60
n07720875_422.JPEG	7	5	58	63
n07720875_423.JPEG	2	8	61	58
n07720875_424.JPEG	0	0	63	63
n07720875_425.JPEG	7	1	58	62
n07720875_426.JPEG	0	2	63	63
n07720875_427.JPEG	4	10	63	56
n07720875_428.JPEG	6	9	53	55
n07720875_429.JPEG	0	5	63	58
n07720875_430.JPEG	3	0	38	58
n07720875_431.JPEG	20	14	44	49
n07720875_432.JPEG	31	49	53	63
n07720875_433.JPEG	35	5	63	58
n07720875_434.JPEG	54	26	63	55
n07720875_435.JPEG	22	13	63	59
n07720875_436.JPEG	12	5	59	60
n07720875_437.JPEG	15	0	56	61
n07720875_438.JPEG	0	0	63	63
n07720875_439.JPEG	21	3	42	46
n07720875_440.JPEG	3	10	36	48
n07720875_441.JPEG	24	22	60	60
n07720875_442.JPEG	13	8	50	63
n07720875_443.JPEG	1	10	27	27
n07720875_444.JPEG	12	8	56	61
n07720875_445.JPEG	0	12	63	56
n07720875_446.JPEG	0	0	54	63
n07720875_447.JPEG	0	0	63	63
n07720875_448.JPEG	6	7	32	54
n07720875_449.JPEG	23	23	62	63
n07720875_450.JPEG	31	21	63	61
n07720875_451.JPEG	39	23	63	61
n07720875_452.JPEG	0	10	43	62
n07720875_453.JPEG	0	13	37	53
n07720875_454.JPEG	0	0	63	63
n07720875_455.JPEG	13	4	57	63
n07720875_456.JPEG	4	21	61	63
n07720875_457.JPEG	0	1	63	63
n07720875_458.JPEG	0	5	63	60
n07720875_459.JPEG	37	16	63	50
n07720875_460.JPEG	17	0	49	57
n07720875_461.JPEG	19	4	50	50
n07720875_462.JPEG	22	1	53	28
n07720875_463.JPEG	0	4	24	55
n07720875_464.JPEG	7	32	42	63
n07720875_465.JPEG	0	37	63	63
n07720875_466.JPEG	9	0	53	63
n07720875_467.JPEG	15	25	23	33
n07720875_468.JPEG	14	17	44	55
n07720875_469.JPEG	10	16	52	59
n07720875_470.JPEG	7	13	38	60
n07720875_471.JPEG	33	26	63	56
n07720875_472.JPEG	0	0	63	63
n07720875_473.JPEG	23	23	42	42
n07720875_474.JPEG	8	5	34	55
n07720875_475.JPEG	9	0	63	61
n07720875_476.JPEG	0	0	57	63
n07720875_477.JPEG	15	13	49	55
n07720875_478.JPEG	14	0	48	55
n07720875_479.JPEG	31	19	63	63
n07720875_480.JPEG	22	13	61	54
n07720875_481.JPEG	25	34	43	53
n07720875_482.JPEG	0	6	23	49
n07720875_483.JPEG	25	23	54	44
n07720875_484.JPEG	0	0	63	63
n07720875_485.JPEG	0	7	19	35
n07720875_486.JPEG	0	25	32	63
n07720875_487.JPEG	28	1	63	51
n07720875_488.JPEG	40	32	63	56
n07720875_489.JPEG	0	14	63	56
n07720875_490.JPEG	14	10	33	28
n07720875_491.JPEG	18	43	35	60
n07720875_492.JPEG	3	2	62	63
n07720875_493.JPEG	1	2	63	60
n07720875_494.JPEG	0	1	63	61
n07720875_495.JPEG	23	33	63	61
n07720875_496.JPEG	0	11	47	63
n07720875_497.JPEG	10	14	53	63
n07720875_498.JPEG	5	8	20	23
n07720875_499.JPEG	18	18	43	43
