n02791270_0.JPEG	0	0	63	63
n02791270_1.JPEG	0	0	63	63
n02791270_2.JPEG	1	0	63	63
n02791270_3.JPEG	0	1	63	63
n02791270_4.JPEG	0	0	63	63
n02791270_5.JPEG	0	0	63	63
n02791270_6.JPEG	0	0	63	63
n02791270_7.JPEG	1	1	63	63
n02791270_8.JPEG	0	5	63	58
n02791270_9.JPEG	0	0	63	63
n02791270_10.JPEG	0	1	63	63
n02791270_11.JPEG	0	1	63	63
n02791270_12.JPEG	0	16	63	63
n02791270_13.JPEG	0	0	63	63
n02791270_14.JPEG	0	1	63	63
n02791270_15.JPEG	0	0	63	63
n02791270_16.JPEG	1	0	63	63
n02791270_17.JPEG	45	30	63	63
n02791270_18.JPEG	0	1	63	63
n02791270_19.JPEG	0	0	63	63
n02791270_20.JPEG	0	1	63	63
n02791270_21.JPEG	19	0	63	58
n02791270_22.JPEG	10	18	61	63
n02791270_23.JPEG	3	1	63	62
n02791270_24.JPEG	0	1	63	63
n02791270_25.JPEG	0	2	63	62
n02791270_26.JPEG	0	0	63	63
n02791270_27.JPEG	0	0	63	63
n02791270_28.JPEG	0	0	63	63
n02791270_29.JPEG	0	0	63	63
n02791270_30.JPEG	0	1	63	63
n02791270_31.JPEG	0	1	63	63
n02791270_32.JPEG	0	15	63	51
n02791270_33.JPEG	0	0	63	63
n02791270_34.JPEG	0	18	19	28
n02791270_35.JPEG	0	0	63	63
n02791270_36.JPEG	0	5	55	63
n02791270_37.JPEG	14	13	59	63
n02791270_38.JPEG	0	1	63	63
n02791270_39.JPEG	24	0	48	63
n02791270_40.JPEG	0	0	63	63
n02791270_41.JPEG	2	0	60	63
n02791270_42.JPEG	0	0	63	63
n02791270_43.JPEG	0	22	62	63
n02791270_44.JPEG	0	0	63	63
n02791270_45.JPEG	0	1	63	63
n02791270_46.JPEG	0	16	63	63
n02791270_47.JPEG	0	1	63	63
n02791270_48.JPEG	0	0	63	58
n02791270_49.JPEG	0	2	63	48
n02791270_50.JPEG	0	0	40	63
n02791270_51.JPEG	0	1	63	63
n02791270_52.JPEG	0	0	63	63
n02791270_53.JPEG	0	1	63	63
n02791270_54.JPEG	0	1	63	63
n02791270_55.JPEG	1	0	58	63
n02791270_56.JPEG	4	6	42	23
n02791270_57.JPEG	0	1	63	63
n02791270_58.JPEG	0	0	63	63
n02791270_59.JPEG	0	0	63	63
n02791270_60.JPEG	0	0	63	63
n02791270_61.JPEG	0	1	63	63
n02791270_62.JPEG	0	2	63	63
n02791270_63.JPEG	0	0	63	63
n02791270_64.JPEG	0	0	63	63
n02791270_65.JPEG	0	0	36	63
n02791270_66.JPEG	0	0	63	63
n02791270_67.JPEG	0	0	63	63
n02791270_68.JPEG	0	0	63	63
n02791270_69.JPEG	1	0	63	63
n02791270_70.JPEG	0	6	63	63
n02791270_71.JPEG	0	0	63	63
n02791270_72.JPEG	0	7	63	63
n02791270_73.JPEG	0	0	63	63
n02791270_74.JPEG	0	1	63	63
n02791270_75.JPEG	0	1	55	63
n02791270_76.JPEG	0	1	63	63
n02791270_77.JPEG	1	1	63	63
n02791270_78.JPEG	0	0	63	63
n02791270_79.JPEG	0	0	63	63
n02791270_80.JPEG	0	0	63	63
n02791270_81.JPEG	0	27	39	63
n02791270_82.JPEG	1	1	63	63
n02791270_83.JPEG	0	1	63	63
n02791270_84.JPEG	1	1	63	62
n02791270_85.JPEG	0	0	63	63
n02791270_86.JPEG	1	0	63	63
n02791270_87.JPEG	0	1	63	63
n02791270_88.JPEG	0	0	63	63
n02791270_89.JPEG	1	0	63	63
n02791270_90.JPEG	0	1	63	63
n02791270_91.JPEG	0	0	63	63
n02791270_92.JPEG	0	0	63	63
n02791270_93.JPEG	0	1	63	63
n02791270_94.JPEG	0	0	63	63
n02791270_95.JPEG	0	0	63	63
n02791270_96.JPEG	0	0	63	63
n02791270_97.JPEG	1	19	44	63
n02791270_98.JPEG	0	0	63	63
n02791270_99.JPEG	0	1	63	63
n02791270_100.JPEG	0	0	63	63
n02791270_101.JPEG	0	0	63	63
n02791270_102.JPEG	0	0	63	63
n02791270_103.JPEG	1	0	63	63
n02791270_104.JPEG	0	0	63	63
n02791270_105.JPEG	0	0	63	63
n02791270_106.JPEG	0	0	63	63
n02791270_107.JPEG	13	11	59	48
n02791270_108.JPEG	0	0	63	63
n02791270_109.JPEG	0	1	63	63
n02791270_110.JPEG	0	0	63	63
n02791270_111.JPEG	1	0	63	63
n02791270_112.JPEG	0	0	63	63
n02791270_113.JPEG	0	0	63	63
n02791270_114.JPEG	1	0	63	63
n02791270_115.JPEG	6	15	47	63
n02791270_116.JPEG	1	0	63	63
n02791270_117.JPEG	0	6	63	63
n02791270_118.JPEG	0	0	63	63
n02791270_119.JPEG	0	0	63	63
n02791270_120.JPEG	0	0	63	63
n02791270_121.JPEG	0	1	63	63
n02791270_122.JPEG	0	1	63	63
n02791270_123.JPEG	0	1	63	60
n02791270_124.JPEG	0	0	63	63
n02791270_125.JPEG	0	0	63	63
n02791270_126.JPEG	0	0	63	63
n02791270_127.JPEG	0	0	63	63
n02791270_128.JPEG	0	0	63	63
n02791270_129.JPEG	0	0	63	63
n02791270_130.JPEG	1	0	63	63
n02791270_131.JPEG	0	0	63	63
n02791270_132.JPEG	0	2	63	63
n02791270_133.JPEG	0	1	63	63
n02791270_134.JPEG	1	0	63	63
n02791270_135.JPEG	0	3	63	62
n02791270_136.JPEG	0	0	63	63
n02791270_137.JPEG	0	0	63	63
n02791270_138.JPEG	7	0	59	63
n02791270_139.JPEG	0	0	63	63
n02791270_140.JPEG	0	1	63	63
n02791270_141.JPEG	0	1	63	63
n02791270_142.JPEG	0	0	63	63
n02791270_143.JPEG	1	0	63	63
n02791270_144.JPEG	0	1	63	63
n02791270_145.JPEG	0	1	63	63
n02791270_146.JPEG	0	0	63	63
n02791270_147.JPEG	0	0	38	63
n02791270_148.JPEG	0	0	63	63
n02791270_149.JPEG	0	16	47	58
n02791270_150.JPEG	2	3	62	62
n02791270_151.JPEG	0	0	63	63
n02791270_152.JPEG	23	4	61	63
n02791270_153.JPEG	0	1	63	63
n02791270_154.JPEG	0	0	63	63
n02791270_155.JPEG	0	0	63	63
n02791270_156.JPEG	0	0	63	63
n02791270_157.JPEG	0	1	63	63
n02791270_158.JPEG	0	3	63	63
n02791270_159.JPEG	0	0	63	63
n02791270_160.JPEG	0	0	63	63
n02791270_161.JPEG	0	1	63	63
n02791270_162.JPEG	1	0	63	63
n02791270_163.JPEG	8	2	63	62
n02791270_164.JPEG	0	0	63	63
n02791270_165.JPEG	0	0	63	63
n02791270_166.JPEG	0	1	63	63
n02791270_167.JPEG	0	0	63	63
n02791270_168.JPEG	0	1	63	63
n02791270_169.JPEG	1	0	63	63
n02791270_170.JPEG	0	0	63	63
n02791270_171.JPEG	0	0	63	63
n02791270_172.JPEG	0	7	63	60
n02791270_173.JPEG	0	0	63	63
n02791270_174.JPEG	0	0	63	63
n02791270_175.JPEG	0	16	63	59
n02791270_176.JPEG	14	0	63	63
n02791270_177.JPEG	0	0	63	63
n02791270_178.JPEG	5	0	60	63
n02791270_179.JPEG	0	0	63	63
n02791270_180.JPEG	36	0	63	59
n02791270_181.JPEG	0	0	63	63
n02791270_182.JPEG	6	0	61	57
n02791270_183.JPEG	0	1	63	63
n02791270_184.JPEG	0	0	63	63
n02791270_185.JPEG	0	0	63	63
n02791270_186.JPEG	0	0	63	63
n02791270_187.JPEG	0	0	63	63
n02791270_188.JPEG	0	1	63	63
n02791270_189.JPEG	0	1	63	63
n02791270_190.JPEG	1	0	63	63
n02791270_191.JPEG	0	0	63	63
n02791270_192.JPEG	0	0	63	63
n02791270_193.JPEG	0	1	63	63
n02791270_194.JPEG	2	0	63	63
n02791270_195.JPEG	0	0	63	63
n02791270_196.JPEG	0	0	63	63
n02791270_197.JPEG	0	1	63	63
n02791270_198.JPEG	1	0	63	63
n02791270_199.JPEG	0	0	63	63
n02791270_200.JPEG	0	1	63	63
n02791270_201.JPEG	0	0	63	63
n02791270_202.JPEG	0	0	63	63
n02791270_203.JPEG	12	0	58	55
n02791270_204.JPEG	0	1	63	63
n02791270_205.JPEG	0	0	63	63
n02791270_206.JPEG	0	0	63	63
n02791270_207.JPEG	0	0	63	63
n02791270_208.JPEG	0	0	63	63
n02791270_209.JPEG	0	0	63	63
n02791270_210.JPEG	50	3	63	59
n02791270_211.JPEG	0	0	63	63
n02791270_212.JPEG	0	31	10	63
n02791270_213.JPEG	0	1	63	63
n02791270_214.JPEG	0	0	63	63
n02791270_215.JPEG	0	1	63	63
n02791270_216.JPEG	1	0	63	63
n02791270_217.JPEG	0	1	63	63
n02791270_218.JPEG	0	0	63	63
n02791270_219.JPEG	0	1	63	63
n02791270_220.JPEG	0	1	63	63
n02791270_221.JPEG	12	9	53	63
n02791270_222.JPEG	0	3	63	62
n02791270_223.JPEG	11	0	63	51
n02791270_224.JPEG	0	0	63	63
n02791270_225.JPEG	0	0	63	63
n02791270_226.JPEG	0	0	63	63
n02791270_227.JPEG	0	1	63	63
n02791270_228.JPEG	0	13	63	63
n02791270_229.JPEG	0	0	63	63
n02791270_230.JPEG	1	0	63	63
n02791270_231.JPEG	0	0	63	63
n02791270_232.JPEG	0	0	63	63
n02791270_233.JPEG	0	0	63	63
n02791270_234.JPEG	0	0	63	63
n02791270_235.JPEG	0	0	63	63
n02791270_236.JPEG	0	0	63	63
n02791270_237.JPEG	0	1	63	63
n02791270_238.JPEG	0	1	59	63
n02791270_239.JPEG	6	1	63	63
n02791270_240.JPEG	0	0	63	63
n02791270_241.JPEG	0	0	63	63
n02791270_242.JPEG	0	0	63	63
n02791270_243.JPEG	0	0	63	63
n02791270_244.JPEG	0	1	63	63
n02791270_245.JPEG	0	0	63	63
n02791270_246.JPEG	0	0	63	63
n02791270_247.JPEG	4	1	63	63
n02791270_248.JPEG	0	1	63	63
n02791270_249.JPEG	0	2	63	63
n02791270_250.JPEG	0	0	63	63
n02791270_251.JPEG	20	12	45	48
n02791270_252.JPEG	1	0	63	63
n02791270_253.JPEG	0	0	63	63
n02791270_254.JPEG	4	0	40	63
n02791270_255.JPEG	0	10	63	49
n02791270_256.JPEG	21	4	63	61
n02791270_257.JPEG	0	0	37	63
n02791270_258.JPEG	0	0	63	63
n02791270_259.JPEG	1	0	63	63
n02791270_260.JPEG	0	0	63	61
n02791270_261.JPEG	0	0	63	63
n02791270_262.JPEG	0	0	63	56
n02791270_263.JPEG	8	1	63	63
n02791270_264.JPEG	0	0	63	63
n02791270_265.JPEG	0	4	63	54
n02791270_266.JPEG	0	1	63	63
n02791270_267.JPEG	0	6	63	63
n02791270_268.JPEG	0	0	63	63
n02791270_269.JPEG	0	0	63	63
n02791270_270.JPEG	0	1	63	63
n02791270_271.JPEG	0	1	63	63
n02791270_272.JPEG	0	1	63	63
n02791270_273.JPEG	0	1	63	63
n02791270_274.JPEG	0	1	63	63
n02791270_275.JPEG	0	1	63	63
n02791270_276.JPEG	0	1	63	63
n02791270_277.JPEG	0	1	63	63
n02791270_278.JPEG	1	0	63	63
n02791270_279.JPEG	0	1	63	63
n02791270_280.JPEG	0	0	63	63
n02791270_281.JPEG	12	6	63	63
n02791270_282.JPEG	0	0	63	63
n02791270_283.JPEG	1	0	63	63
n02791270_284.JPEG	28	0	63	63
n02791270_285.JPEG	0	1	63	63
n02791270_286.JPEG	1	0	63	63
n02791270_287.JPEG	2	7	63	63
n02791270_288.JPEG	4	0	60	56
n02791270_289.JPEG	1	0	63	63
n02791270_290.JPEG	0	0	63	63
n02791270_291.JPEG	0	0	63	63
n02791270_292.JPEG	0	1	63	63
n02791270_293.JPEG	0	0	63	63
n02791270_294.JPEG	8	1	63	60
n02791270_295.JPEG	0	9	63	63
n02791270_296.JPEG	7	10	63	56
n02791270_297.JPEG	0	0	63	63
n02791270_298.JPEG	9	6	54	63
n02791270_299.JPEG	0	1	63	63
n02791270_300.JPEG	0	0	63	63
n02791270_301.JPEG	0	1	63	63
n02791270_302.JPEG	1	0	63	63
n02791270_303.JPEG	0	0	63	63
n02791270_304.JPEG	0	0	63	63
n02791270_305.JPEG	0	4	61	40
n02791270_306.JPEG	0	0	60	63
n02791270_307.JPEG	0	1	63	63
n02791270_308.JPEG	1	0	63	63
n02791270_309.JPEG	0	0	63	63
n02791270_310.JPEG	0	0	63	63
n02791270_311.JPEG	0	2	63	63
n02791270_312.JPEG	0	0	63	63
n02791270_313.JPEG	0	1	63	63
n02791270_314.JPEG	0	0	63	63
n02791270_315.JPEG	0	0	63	63
n02791270_316.JPEG	19	27	52	56
n02791270_317.JPEG	0	0	63	63
n02791270_318.JPEG	0	0	63	63
n02791270_319.JPEG	0	0	63	63
n02791270_320.JPEG	0	2	63	63
n02791270_321.JPEG	0	0	63	63
n02791270_322.JPEG	0	1	63	63
n02791270_323.JPEG	0	0	63	63
n02791270_324.JPEG	0	0	63	63
n02791270_325.JPEG	0	26	40	63
n02791270_326.JPEG	0	2	63	63
n02791270_327.JPEG	0	4	63	63
n02791270_328.JPEG	0	0	63	63
n02791270_329.JPEG	0	1	63	63
n02791270_330.JPEG	0	1	63	63
n02791270_331.JPEG	6	1	63	63
n02791270_332.JPEG	0	1	63	63
n02791270_333.JPEG	0	0	63	63
n02791270_334.JPEG	0	0	63	63
n02791270_335.JPEG	16	1	54	53
n02791270_336.JPEG	0	0	63	63
n02791270_337.JPEG	0	1	63	63
n02791270_338.JPEG	0	2	63	63
n02791270_339.JPEG	0	1	63	63
n02791270_340.JPEG	0	0	63	63
n02791270_341.JPEG	0	0	63	63
n02791270_342.JPEG	5	0	51	46
n02791270_343.JPEG	0	1	63	63
n02791270_344.JPEG	4	0	63	63
n02791270_345.JPEG	0	1	63	63
n02791270_346.JPEG	0	0	51	63
n02791270_347.JPEG	0	0	63	63
n02791270_348.JPEG	0	10	63	57
n02791270_349.JPEG	0	2	63	63
n02791270_350.JPEG	32	15	61	44
n02791270_351.JPEG	6	0	50	63
n02791270_352.JPEG	0	0	63	63
n02791270_353.JPEG	0	1	63	63
n02791270_354.JPEG	0	2	63	50
n02791270_355.JPEG	0	23	63	63
n02791270_356.JPEG	1	0	63	63
n02791270_357.JPEG	0	3	63	63
n02791270_358.JPEG	0	0	63	63
n02791270_359.JPEG	0	1	63	63
n02791270_360.JPEG	4	0	63	63
n02791270_361.JPEG	0	0	63	63
n02791270_362.JPEG	0	1	63	63
n02791270_363.JPEG	0	1	63	63
n02791270_364.JPEG	0	1	63	63
n02791270_365.JPEG	0	0	63	63
n02791270_366.JPEG	0	1	63	63
n02791270_367.JPEG	0	1	63	63
n02791270_368.JPEG	0	0	63	62
n02791270_369.JPEG	0	0	63	63
n02791270_370.JPEG	0	1	63	63
n02791270_371.JPEG	0	0	63	63
n02791270_372.JPEG	0	0	63	63
n02791270_373.JPEG	0	0	63	63
n02791270_374.JPEG	0	1	62	63
n02791270_375.JPEG	0	0	63	63
n02791270_376.JPEG	0	1	63	63
n02791270_377.JPEG	0	2	63	63
n02791270_378.JPEG	0	0	63	63
n02791270_379.JPEG	6	0	63	63
n02791270_380.JPEG	0	0	63	63
n02791270_381.JPEG	0	0	63	63
n02791270_382.JPEG	1	0	63	63
n02791270_383.JPEG	1	2	63	63
n02791270_384.JPEG	0	1	63	63
n02791270_385.JPEG	0	0	63	63
n02791270_386.JPEG	0	0	63	63
n02791270_387.JPEG	0	1	63	63
n02791270_388.JPEG	0	0	63	63
n02791270_389.JPEG	0	1	63	63
n02791270_390.JPEG	0	1	63	63
n02791270_391.JPEG	0	0	63	63
n02791270_392.JPEG	0	8	22	49
n02791270_393.JPEG	0	0	63	63
n02791270_394.JPEG	0	0	63	63
n02791270_395.JPEG	0	1	63	63
n02791270_396.JPEG	0	1	63	63
n02791270_397.JPEG	14	1	51	47
n02791270_398.JPEG	0	1	63	63
n02791270_399.JPEG	0	8	63	48
n02791270_400.JPEG	0	0	63	63
n02791270_401.JPEG	0	0	63	63
n02791270_402.JPEG	0	1	63	63
n02791270_403.JPEG	0	1	63	63
n02791270_404.JPEG	1	0	63	63
n02791270_405.JPEG	0	1	63	63
n02791270_406.JPEG	1	0	63	63
n02791270_407.JPEG	0	1	63	63
n02791270_408.JPEG	0	1	63	63
n02791270_409.JPEG	0	0	63	63
n02791270_410.JPEG	0	11	63	58
n02791270_411.JPEG	0	0	63	63
n02791270_412.JPEG	0	1	63	61
n02791270_413.JPEG	0	1	63	63
n02791270_414.JPEG	0	0	63	63
n02791270_415.JPEG	0	0	63	63
n02791270_416.JPEG	0	0	63	63
n02791270_417.JPEG	0	1	63	63
n02791270_418.JPEG	0	0	63	63
n02791270_419.JPEG	0	0	63	63
n02791270_420.JPEG	0	2	63	63
n02791270_421.JPEG	0	1	63	63
n02791270_422.JPEG	0	0	63	63
n02791270_423.JPEG	0	1	63	63
n02791270_424.JPEG	1	12	56	63
n02791270_425.JPEG	0	0	63	63
n02791270_426.JPEG	1	0	63	62
n02791270_427.JPEG	0	0	63	63
n02791270_428.JPEG	9	0	63	63
n02791270_429.JPEG	0	0	63	63
n02791270_430.JPEG	0	0	63	63
n02791270_431.JPEG	0	0	63	63
n02791270_432.JPEG	0	0	63	63
n02791270_433.JPEG	0	0	63	63
n02791270_434.JPEG	0	0	63	63
n02791270_435.JPEG	0	0	63	63
n02791270_436.JPEG	0	1	63	63
n02791270_437.JPEG	0	11	53	62
n02791270_438.JPEG	0	0	63	63
n02791270_439.JPEG	0	0	63	63
n02791270_440.JPEG	0	6	63	58
n02791270_441.JPEG	0	0	63	63
n02791270_442.JPEG	0	1	63	63
n02791270_443.JPEG	0	1	63	63
n02791270_444.JPEG	0	0	63	63
n02791270_445.JPEG	0	0	63	63
n02791270_446.JPEG	0	1	63	63
n02791270_447.JPEG	0	0	63	63
n02791270_448.JPEG	0	1	63	63
n02791270_449.JPEG	0	0	63	63
n02791270_450.JPEG	0	0	63	63
n02791270_451.JPEG	0	1	63	63
n02791270_452.JPEG	0	0	63	63
n02791270_453.JPEG	0	0	63	63
n02791270_454.JPEG	0	0	63	63
n02791270_455.JPEG	0	0	63	63
n02791270_456.JPEG	0	1	63	63
n02791270_457.JPEG	1	0	63	63
n02791270_458.JPEG	1	9	57	62
n02791270_459.JPEG	0	0	63	63
n02791270_460.JPEG	0	0	63	63
n02791270_461.JPEG	0	0	63	63
n02791270_462.JPEG	0	13	63	54
n02791270_463.JPEG	0	0	63	63
n02791270_464.JPEG	0	1	63	63
n02791270_465.JPEG	1	0	63	63
n02791270_466.JPEG	1	0	63	63
n02791270_467.JPEG	0	0	63	63
n02791270_468.JPEG	3	3	63	63
n02791270_469.JPEG	0	1	51	63
n02791270_470.JPEG	13	36	63	63
n02791270_471.JPEG	0	2	63	63
n02791270_472.JPEG	0	0	63	63
n02791270_473.JPEG	0	0	63	63
n02791270_474.JPEG	0	0	63	63
n02791270_475.JPEG	0	1	63	63
n02791270_476.JPEG	5	0	60	63
n02791270_477.JPEG	0	1	63	63
n02791270_478.JPEG	0	1	63	63
n02791270_479.JPEG	0	0	63	63
n02791270_480.JPEG	0	0	63	63
n02791270_481.JPEG	0	0	63	63
n02791270_482.JPEG	0	0	63	63
n02791270_483.JPEG	0	0	63	63
n02791270_484.JPEG	0	0	63	63
n02791270_485.JPEG	0	0	63	63
n02791270_486.JPEG	0	0	63	63
n02791270_487.JPEG	0	1	63	63
n02791270_488.JPEG	0	0	63	63
n02791270_489.JPEG	0	0	56	55
n02791270_490.JPEG	0	4	63	61
n02791270_491.JPEG	0	1	63	57
n02791270_492.JPEG	0	1	63	63
n02791270_493.JPEG	0	0	63	63
n02791270_494.JPEG	0	0	63	63
n02791270_495.JPEG	0	0	63	63
n02791270_496.JPEG	0	2	63	50
n02791270_497.JPEG	0	0	63	63
n02791270_498.JPEG	0	1	63	63
n02791270_499.JPEG	5	4	59	55
