n03670208_0.JPEG	0	20	53	51
n03670208_1.JPEG	0	2	63	62
n03670208_2.JPEG	0	31	63	49
n03670208_3.JPEG	0	25	59	59
n03670208_4.JPEG	0	29	63	48
n03670208_5.JPEG	0	24	63	39
n03670208_6.JPEG	6	35	38	55
n03670208_7.JPEG	0	39	63	60
n03670208_8.JPEG	0	17	63	54
n03670208_9.JPEG	5	8	63	55
n03670208_10.JPEG	0	12	63	51
n03670208_11.JPEG	0	13	63	57
n03670208_12.JPEG	0	31	63	55
n03670208_13.JPEG	41	28	63	63
n03670208_14.JPEG	0	7	63	63
n03670208_15.JPEG	0	12	49	36
n03670208_16.JPEG	4	14	63	63
n03670208_17.JPEG	0	19	63	60
n03670208_18.JPEG	0	17	63	56
n03670208_19.JPEG	0	30	63	60
n03670208_20.JPEG	0	14	63	60
n03670208_21.JPEG	13	28	61	44
n03670208_22.JPEG	0	19	63	55
n03670208_23.JPEG	0	21	63	61
n03670208_24.JPEG	0	32	63	48
n03670208_25.JPEG	0	0	63	63
n03670208_26.JPEG	0	26	59	48
n03670208_27.JPEG	0	25	63	60
n03670208_28.JPEG	2	26	58	44
n03670208_29.JPEG	0	0	63	63
n03670208_30.JPEG	0	24	63	62
n03670208_31.JPEG	0	12	63	50
n03670208_32.JPEG	0	21	63	63
n03670208_33.JPEG	10	25	63	36
n03670208_34.JPEG	0	20	63	46
n03670208_35.JPEG	0	15	63	57
n03670208_36.JPEG	0	22	63	63
n03670208_37.JPEG	0	33	63	51
n03670208_38.JPEG	22	25	63	45
n03670208_39.JPEG	0	9	63	53
n03670208_40.JPEG	0	19	63	56
n03670208_41.JPEG	0	17	63	36
n03670208_42.JPEG	0	16	63	48
n03670208_43.JPEG	0	12	63	59
n03670208_44.JPEG	0	0	63	63
n03670208_45.JPEG	0	19	63	53
n03670208_46.JPEG	0	6	36	63
n03670208_47.JPEG	0	24	63	61
n03670208_48.JPEG	0	23	63	60
n03670208_49.JPEG	0	18	46	44
n03670208_50.JPEG	0	3	63	61
n03670208_51.JPEG	0	3	63	62
n03670208_52.JPEG	33	7	63	25
n03670208_53.JPEG	3	21	63	46
n03670208_54.JPEG	0	8	63	59
n03670208_55.JPEG	0	8	63	63
n03670208_56.JPEG	0	0	63	63
n03670208_57.JPEG	0	19	63	38
n03670208_58.JPEG	13	44	63	60
n03670208_59.JPEG	0	27	63	44
n03670208_60.JPEG	0	17	63	63
n03670208_61.JPEG	0	17	63	49
n03670208_62.JPEG	3	12	61	57
n03670208_63.JPEG	0	22	63	62
n03670208_64.JPEG	0	19	63	48
n03670208_65.JPEG	0	0	63	61
n03670208_66.JPEG	0	1	63	63
n03670208_67.JPEG	0	26	63	49
n03670208_68.JPEG	0	29	63	51
n03670208_69.JPEG	8	26	55	39
n03670208_70.JPEG	0	31	63	46
n03670208_71.JPEG	0	16	63	53
n03670208_72.JPEG	0	42	19	50
n03670208_73.JPEG	0	25	48	39
n03670208_74.JPEG	0	21	63	54
n03670208_75.JPEG	0	0	63	63
n03670208_76.JPEG	0	18	63	50
n03670208_77.JPEG	0	23	63	52
n03670208_78.JPEG	0	8	63	48
n03670208_79.JPEG	2	39	63	63
n03670208_80.JPEG	0	10	63	60
n03670208_81.JPEG	0	26	63	62
n03670208_82.JPEG	0	19	63	48
n03670208_83.JPEG	0	10	63	57
n03670208_84.JPEG	0	23	63	56
n03670208_85.JPEG	0	19	63	48
n03670208_86.JPEG	0	9	63	56
n03670208_87.JPEG	0	19	63	52
n03670208_88.JPEG	0	28	63	61
n03670208_89.JPEG	0	12	63	46
n03670208_90.JPEG	10	26	63	41
n03670208_91.JPEG	0	1	63	63
n03670208_92.JPEG	0	27	63	47
n03670208_93.JPEG	0	16	63	53
n03670208_94.JPEG	0	28	63	58
n03670208_95.JPEG	0	24	63	54
n03670208_96.JPEG	2	42	49	61
n03670208_97.JPEG	14	29	63	56
n03670208_98.JPEG	37	5	63	29
n03670208_99.JPEG	0	5	63	52
n03670208_100.JPEG	1	21	53	44
n03670208_101.JPEG	0	17	63	56
n03670208_102.JPEG	0	0	63	63
n03670208_103.JPEG	0	4	63	55
n03670208_104.JPEG	0	19	63	56
n03670208_105.JPEG	14	53	59	61
n03670208_106.JPEG	0	8	63	59
n03670208_107.JPEG	0	25	63	50
n03670208_108.JPEG	0	19	63	48
n03670208_109.JPEG	0	23	56	44
n03670208_110.JPEG	0	24	63	63
n03670208_111.JPEG	10	26	51	35
n03670208_112.JPEG	0	22	63	52
n03670208_113.JPEG	0	43	63	57
n03670208_114.JPEG	4	1	63	63
n03670208_115.JPEG	0	0	63	29
n03670208_116.JPEG	0	1	63	63
n03670208_117.JPEG	0	17	63	54
n03670208_118.JPEG	0	1	63	63
n03670208_119.JPEG	0	19	63	48
n03670208_120.JPEG	0	21	63	63
n03670208_121.JPEG	0	17	63	42
n03670208_122.JPEG	0	28	41	46
n03670208_123.JPEG	3	9	61	48
n03670208_124.JPEG	0	1	63	63
n03670208_125.JPEG	0	21	63	40
n03670208_126.JPEG	0	22	58	38
n03670208_127.JPEG	2	30	63	46
n03670208_128.JPEG	0	26	63	63
n03670208_129.JPEG	0	0	63	63
n03670208_130.JPEG	0	13	63	57
n03670208_131.JPEG	0	10	63	60
n03670208_132.JPEG	7	23	55	41
n03670208_133.JPEG	20	14	63	42
n03670208_134.JPEG	8	24	58	42
n03670208_135.JPEG	0	15	63	63
n03670208_136.JPEG	8	31	63	54
n03670208_137.JPEG	0	22	63	58
n03670208_138.JPEG	2	23	63	45
n03670208_139.JPEG	0	16	63	60
n03670208_140.JPEG	0	10	63	63
n03670208_141.JPEG	0	29	63	55
n03670208_142.JPEG	4	16	63	32
n03670208_143.JPEG	41	14	63	28
n03670208_144.JPEG	0	22	63	36
n03670208_145.JPEG	0	24	63	61
n03670208_146.JPEG	0	0	63	63
n03670208_147.JPEG	0	39	63	55
n03670208_148.JPEG	0	39	63	56
n03670208_149.JPEG	0	14	63	41
n03670208_150.JPEG	0	10	63	54
n03670208_151.JPEG	13	23	58	32
n03670208_152.JPEG	0	26	63	53
n03670208_153.JPEG	0	31	63	51
n03670208_154.JPEG	0	4	63	62
n03670208_155.JPEG	0	14	63	59
n03670208_156.JPEG	0	0	63	63
n03670208_157.JPEG	0	7	63	60
n03670208_158.JPEG	0	19	63	41
n03670208_159.JPEG	0	15	63	63
n03670208_160.JPEG	0	1	63	63
n03670208_161.JPEG	0	33	60	56
n03670208_162.JPEG	0	14	63	58
n03670208_163.JPEG	0	16	63	61
n03670208_164.JPEG	0	24	63	52
n03670208_165.JPEG	0	21	63	61
n03670208_166.JPEG	45	39	55	46
n03670208_167.JPEG	3	15	52	43
n03670208_168.JPEG	0	18	63	63
n03670208_169.JPEG	0	17	63	54
n03670208_170.JPEG	0	36	63	63
n03670208_171.JPEG	0	23	63	63
n03670208_172.JPEG	0	22	63	55
n03670208_173.JPEG	0	25	63	54
n03670208_174.JPEG	0	21	63	57
n03670208_175.JPEG	5	25	63	60
n03670208_176.JPEG	0	37	63	61
n03670208_177.JPEG	6	6	63	63
n03670208_178.JPEG	0	27	63	45
n03670208_179.JPEG	0	29	60	63
n03670208_180.JPEG	0	24	63	49
n03670208_181.JPEG	0	27	63	49
n03670208_182.JPEG	0	9	63	63
n03670208_183.JPEG	1	18	59	55
n03670208_184.JPEG	0	35	24	45
n03670208_185.JPEG	3	29	54	39
n03670208_186.JPEG	0	27	63	49
n03670208_187.JPEG	0	28	63	45
n03670208_188.JPEG	0	13	63	63
n03670208_189.JPEG	21	31	42	35
n03670208_190.JPEG	0	24	63	53
n03670208_191.JPEG	5	39	56	50
n03670208_192.JPEG	0	15	63	63
n03670208_193.JPEG	0	14	63	54
n03670208_194.JPEG	0	30	63	46
n03670208_195.JPEG	0	29	63	55
n03670208_196.JPEG	0	22	63	63
n03670208_197.JPEG	0	18	63	47
n03670208_198.JPEG	0	25	63	41
n03670208_199.JPEG	0	0	63	63
n03670208_200.JPEG	13	25	52	34
n03670208_201.JPEG	0	29	47	50
n03670208_202.JPEG	0	25	63	45
n03670208_203.JPEG	0	32	63	48
n03670208_204.JPEG	9	29	56	38
n03670208_205.JPEG	0	4	63	57
n03670208_206.JPEG	2	10	63	63
n03670208_207.JPEG	0	0	63	63
n03670208_208.JPEG	0	13	63	63
n03670208_209.JPEG	0	11	63	55
n03670208_210.JPEG	0	22	63	61
n03670208_211.JPEG	0	6	63	58
n03670208_212.JPEG	0	0	63	55
n03670208_213.JPEG	0	31	63	63
n03670208_214.JPEG	0	30	63	55
n03670208_215.JPEG	0	0	63	63
n03670208_216.JPEG	4	49	63	60
n03670208_217.JPEG	0	17	63	63
n03670208_218.JPEG	0	1	63	63
n03670208_219.JPEG	48	49	62	54
n03670208_220.JPEG	0	0	63	27
n03670208_221.JPEG	8	33	46	55
n03670208_222.JPEG	0	24	60	52
n03670208_223.JPEG	0	15	63	54
n03670208_224.JPEG	0	33	63	54
n03670208_225.JPEG	0	20	63	60
n03670208_226.JPEG	0	22	63	47
n03670208_227.JPEG	0	1	63	63
n03670208_228.JPEG	11	28	53	47
n03670208_229.JPEG	0	0	63	63
n03670208_230.JPEG	0	20	63	50
n03670208_231.JPEG	0	5	63	62
n03670208_232.JPEG	0	18	63	54
n03670208_233.JPEG	17	33	63	57
n03670208_234.JPEG	0	3	41	60
n03670208_235.JPEG	0	15	63	59
n03670208_236.JPEG	0	17	63	56
n03670208_237.JPEG	2	5	63	58
n03670208_238.JPEG	44	34	63	51
n03670208_239.JPEG	0	9	63	54
n03670208_240.JPEG	0	20	51	40
n03670208_241.JPEG	0	8	63	63
n03670208_242.JPEG	0	19	63	49
n03670208_243.JPEG	17	35	51	48
n03670208_244.JPEG	0	25	63	60
n03670208_245.JPEG	6	24	53	40
n03670208_246.JPEG	0	26	63	45
n03670208_247.JPEG	0	22	63	52
n03670208_248.JPEG	0	2	63	54
n03670208_249.JPEG	0	21	63	54
n03670208_250.JPEG	0	28	63	53
n03670208_251.JPEG	0	8	63	61
n03670208_252.JPEG	0	25	63	53
n03670208_253.JPEG	0	32	63	63
n03670208_254.JPEG	0	35	63	45
n03670208_255.JPEG	0	0	63	63
n03670208_256.JPEG	0	19	63	48
n03670208_257.JPEG	0	13	40	39
n03670208_258.JPEG	0	6	63	59
n03670208_259.JPEG	0	25	63	52
n03670208_260.JPEG	0	18	63	60
n03670208_261.JPEG	48	27	62	34
n03670208_262.JPEG	0	19	63	49
n03670208_263.JPEG	0	12	63	53
n03670208_264.JPEG	2	23	63	49
n03670208_265.JPEG	0	1	63	63
n03670208_266.JPEG	0	12	63	58
n03670208_267.JPEG	7	16	63	54
n03670208_268.JPEG	0	30	63	49
n03670208_269.JPEG	0	22	63	39
n03670208_270.JPEG	0	16	63	35
n03670208_271.JPEG	29	18	63	60
n03670208_272.JPEG	0	7	63	59
n03670208_273.JPEG	0	8	63	61
n03670208_274.JPEG	2	17	62	58
n03670208_275.JPEG	0	25	63	62
n03670208_276.JPEG	0	8	63	61
n03670208_277.JPEG	0	2	63	61
n03670208_278.JPEG	0	19	63	48
n03670208_279.JPEG	6	22	51	39
n03670208_280.JPEG	0	23	63	51
n03670208_281.JPEG	6	31	56	46
n03670208_282.JPEG	0	0	63	63
n03670208_283.JPEG	0	28	57	49
n03670208_284.JPEG	0	22	63	48
n03670208_285.JPEG	0	16	63	48
n03670208_286.JPEG	0	2	63	60
n03670208_287.JPEG	4	7	63	29
n03670208_288.JPEG	0	23	63	56
n03670208_289.JPEG	0	23	63	49
n03670208_290.JPEG	4	38	39	47
n03670208_291.JPEG	10	18	63	63
n03670208_292.JPEG	10	15	63	61
n03670208_293.JPEG	0	25	63	40
n03670208_294.JPEG	0	1	63	63
n03670208_295.JPEG	0	28	63	45
n03670208_296.JPEG	0	10	63	63
n03670208_297.JPEG	0	12	63	49
n03670208_298.JPEG	7	26	59	48
n03670208_299.JPEG	0	12	63	47
n03670208_300.JPEG	0	36	63	59
n03670208_301.JPEG	0	38	63	55
n03670208_302.JPEG	0	1	63	63
n03670208_303.JPEG	20	31	63	48
n03670208_304.JPEG	0	22	63	61
n03670208_305.JPEG	0	1	63	63
n03670208_306.JPEG	0	19	63	63
n03670208_307.JPEG	6	26	55	35
n03670208_308.JPEG	7	25	53	49
n03670208_309.JPEG	0	8	63	54
n03670208_310.JPEG	0	42	63	59
n03670208_311.JPEG	5	46	61	61
n03670208_312.JPEG	0	23	63	61
n03670208_313.JPEG	0	14	63	57
n03670208_314.JPEG	0	21	42	48
n03670208_315.JPEG	4	25	63	46
n03670208_316.JPEG	0	28	63	62
n03670208_317.JPEG	0	1	63	63
n03670208_318.JPEG	0	15	63	56
n03670208_319.JPEG	0	21	63	60
n03670208_320.JPEG	0	36	32	55
n03670208_321.JPEG	0	32	63	56
n03670208_322.JPEG	0	25	63	43
n03670208_323.JPEG	0	13	63	50
n03670208_324.JPEG	11	0	63	63
n03670208_325.JPEG	0	18	63	61
n03670208_326.JPEG	0	8	63	61
n03670208_327.JPEG	0	20	63	47
n03670208_328.JPEG	2	26	63	49
n03670208_329.JPEG	0	16	63	62
n03670208_330.JPEG	0	13	63	58
n03670208_331.JPEG	0	25	63	52
n03670208_332.JPEG	0	1	63	63
n03670208_333.JPEG	0	2	63	60
n03670208_334.JPEG	0	16	55	28
n03670208_335.JPEG	0	29	63	46
n03670208_336.JPEG	0	1	63	63
n03670208_337.JPEG	0	4	63	63
n03670208_338.JPEG	0	7	63	58
n03670208_339.JPEG	28	35	63	47
n03670208_340.JPEG	0	16	63	60
n03670208_341.JPEG	0	10	63	63
n03670208_342.JPEG	0	53	24	63
n03670208_343.JPEG	0	25	63	52
n03670208_344.JPEG	0	31	63	62
n03670208_345.JPEG	0	25	58	50
n03670208_346.JPEG	0	17	63	50
n03670208_347.JPEG	0	39	63	63
n03670208_348.JPEG	0	33	63	49
n03670208_349.JPEG	0	22	63	40
n03670208_350.JPEG	0	11	63	63
n03670208_351.JPEG	0	10	63	54
n03670208_352.JPEG	0	4	63	63
n03670208_353.JPEG	0	26	63	60
n03670208_354.JPEG	0	26	63	52
n03670208_355.JPEG	0	0	63	63
n03670208_356.JPEG	0	1	63	63
n03670208_357.JPEG	0	20	63	45
n03670208_358.JPEG	0	0	63	63
n03670208_359.JPEG	0	16	63	48
n03670208_360.JPEG	0	20	63	50
n03670208_361.JPEG	0	18	63	46
n03670208_362.JPEG	0	7	63	63
n03670208_363.JPEG	0	23	63	61
n03670208_364.JPEG	0	30	63	45
n03670208_365.JPEG	0	27	63	50
n03670208_366.JPEG	0	15	63	46
n03670208_367.JPEG	0	2	63	62
n03670208_368.JPEG	0	22	63	48
n03670208_369.JPEG	0	6	63	61
n03670208_370.JPEG	0	4	63	63
n03670208_371.JPEG	0	1	63	63
n03670208_372.JPEG	0	6	63	63
n03670208_373.JPEG	0	23	63	47
n03670208_374.JPEG	0	32	63	51
n03670208_375.JPEG	1	27	63	46
n03670208_376.JPEG	0	7	63	62
n03670208_377.JPEG	0	4	63	63
n03670208_378.JPEG	9	47	63	62
n03670208_379.JPEG	0	0	63	63
n03670208_380.JPEG	0	20	63	55
n03670208_381.JPEG	0	16	63	47
n03670208_382.JPEG	0	21	63	63
n03670208_383.JPEG	0	4	48	63
n03670208_384.JPEG	10	32	57	43
n03670208_385.JPEG	0	35	60	53
n03670208_386.JPEG	17	23	63	41
n03670208_387.JPEG	12	15	63	63
n03670208_388.JPEG	0	18	63	57
n03670208_389.JPEG	0	23	63	38
n03670208_390.JPEG	0	26	63	49
n03670208_391.JPEG	0	5	63	63
n03670208_392.JPEG	0	10	63	57
n03670208_393.JPEG	7	31	50	40
n03670208_394.JPEG	0	18	63	49
n03670208_395.JPEG	0	0	63	63
n03670208_396.JPEG	0	16	63	41
n03670208_397.JPEG	0	16	53	63
n03670208_398.JPEG	0	12	63	55
n03670208_399.JPEG	0	34	62	63
n03670208_400.JPEG	0	11	63	48
n03670208_401.JPEG	1	18	63	48
n03670208_402.JPEG	0	23	63	63
n03670208_403.JPEG	0	15	63	38
n03670208_404.JPEG	0	38	63	53
n03670208_405.JPEG	0	24	63	56
n03670208_406.JPEG	0	0	63	63
n03670208_407.JPEG	10	34	62	50
n03670208_408.JPEG	0	21	63	60
n03670208_409.JPEG	0	18	63	43
n03670208_410.JPEG	1	46	63	60
n03670208_411.JPEG	0	17	63	61
n03670208_412.JPEG	0	30	63	59
n03670208_413.JPEG	0	16	63	57
n03670208_414.JPEG	0	15	63	50
n03670208_415.JPEG	0	25	63	41
n03670208_416.JPEG	0	14	63	43
n03670208_417.JPEG	0	1	63	63
n03670208_418.JPEG	9	30	63	55
n03670208_419.JPEG	0	0	63	63
n03670208_420.JPEG	5	20	51	55
n03670208_421.JPEG	0	9	63	61
n03670208_422.JPEG	0	14	63	63
n03670208_423.JPEG	0	14	63	58
n03670208_424.JPEG	5	14	63	63
n03670208_425.JPEG	0	19	63	48
n03670208_426.JPEG	6	35	63	49
n03670208_427.JPEG	0	9	63	62
n03670208_428.JPEG	0	23	63	49
n03670208_429.JPEG	0	22	63	59
n03670208_430.JPEG	0	29	63	59
n03670208_431.JPEG	22	16	63	42
n03670208_432.JPEG	5	23	63	50
n03670208_433.JPEG	0	28	63	51
n03670208_434.JPEG	0	19	63	44
n03670208_435.JPEG	20	21	57	42
n03670208_436.JPEG	0	33	63	63
n03670208_437.JPEG	0	29	63	44
n03670208_438.JPEG	0	16	63	47
n03670208_439.JPEG	0	23	63	58
n03670208_440.JPEG	0	34	63	63
n03670208_441.JPEG	17	20	63	48
n03670208_442.JPEG	0	22	63	59
n03670208_443.JPEG	0	37	48	57
n03670208_444.JPEG	2	21	63	55
n03670208_445.JPEG	0	16	63	56
n03670208_446.JPEG	0	21	63	41
n03670208_447.JPEG	0	33	63	52
n03670208_448.JPEG	0	6	63	58
n03670208_449.JPEG	0	27	63	42
n03670208_450.JPEG	0	14	63	45
n03670208_451.JPEG	0	38	63	63
n03670208_452.JPEG	0	25	63	42
n03670208_453.JPEG	0	23	63	48
n03670208_454.JPEG	0	19	61	63
n03670208_455.JPEG	0	21	63	45
n03670208_456.JPEG	0	0	63	63
n03670208_457.JPEG	14	17	63	63
n03670208_458.JPEG	0	16	63	55
n03670208_459.JPEG	0	19	63	45
n03670208_460.JPEG	0	22	63	62
n03670208_461.JPEG	0	9	63	59
n03670208_462.JPEG	0	20	63	40
n03670208_463.JPEG	0	20	63	51
n03670208_464.JPEG	36	11	63	58
n03670208_465.JPEG	0	24	63	44
n03670208_466.JPEG	0	41	41	54
n03670208_467.JPEG	0	11	63	59
n03670208_468.JPEG	0	9	63	53
n03670208_469.JPEG	0	19	63	62
n03670208_470.JPEG	0	0	63	63
n03670208_471.JPEG	0	10	63	62
n03670208_472.JPEG	18	42	56	55
n03670208_473.JPEG	0	32	45	56
n03670208_474.JPEG	0	24	63	62
n03670208_475.JPEG	0	26	63	49
n03670208_476.JPEG	0	21	58	50
n03670208_477.JPEG	0	25	63	53
n03670208_478.JPEG	0	23	63	49
n03670208_479.JPEG	0	1	63	55
n03670208_480.JPEG	0	0	63	63
n03670208_481.JPEG	10	20	63	48
n03670208_482.JPEG	0	28	63	52
n03670208_483.JPEG	0	12	63	63
n03670208_484.JPEG	0	0	63	63
n03670208_485.JPEG	0	11	63	59
n03670208_486.JPEG	5	17	63	58
n03670208_487.JPEG	0	13	63	63
n03670208_488.JPEG	0	34	8	39
n03670208_489.JPEG	0	38	56	62
n03670208_490.JPEG	0	25	63	46
n03670208_491.JPEG	25	35	54	45
n03670208_492.JPEG	0	39	63	58
n03670208_493.JPEG	2	31	61	45
n03670208_494.JPEG	0	22	63	44
n03670208_495.JPEG	0	7	63	59
n03670208_496.JPEG	0	3	63	62
n03670208_497.JPEG	8	26	51	41
n03670208_498.JPEG	0	20	53	59
n03670208_499.JPEG	0	22	63	56
