n02892201_0.JPEG	0	8	61	59
n02892201_1.JPEG	2	0	58	63
n02892201_2.JPEG	0	0	63	63
n02892201_3.JPEG	23	5	49	55
n02892201_4.JPEG	18	10	50	47
n02892201_5.JPEG	0	3	63	63
n02892201_6.JPEG	0	6	63	60
n02892201_7.JPEG	28	56	34	61
n02892201_8.JPEG	19	14	46	31
n02892201_9.JPEG	23	25	44	51
n02892201_10.JPEG	0	0	63	63
n02892201_11.JPEG	0	12	63	52
n02892201_12.JPEG	43	23	47	25
n02892201_13.JPEG	0	12	63	56
n02892201_14.JPEG	25	12	39	22
n02892201_15.JPEG	14	10	50	47
n02892201_16.JPEG	35	20	63	44
n02892201_17.JPEG	0	16	63	50
n02892201_18.JPEG	0	5	63	58
n02892201_19.JPEG	6	19	58	44
n02892201_20.JPEG	3	2	61	61
n02892201_21.JPEG	0	8	63	59
n02892201_22.JPEG	0	8	63	51
n02892201_23.JPEG	17	15	58	54
n02892201_24.JPEG	27	6	52	27
n02892201_25.JPEG	1	5	63	56
n02892201_26.JPEG	0	11	63	58
n02892201_27.JPEG	0	4	63	61
n02892201_28.JPEG	2	0	62	63
n02892201_29.JPEG	0	0	63	63
n02892201_30.JPEG	0	0	63	63
n02892201_31.JPEG	6	4	54	59
n02892201_32.JPEG	2	1	56	56
n02892201_33.JPEG	0	0	63	63
n02892201_34.JPEG	5	1	59	63
n02892201_35.JPEG	0	4	63	63
n02892201_36.JPEG	0	1	63	63
n02892201_37.JPEG	5	16	63	63
n02892201_38.JPEG	15	0	53	63
n02892201_39.JPEG	19	36	44	56
n02892201_40.JPEG	0	7	63	42
n02892201_41.JPEG	7	0	59	63
n02892201_42.JPEG	2	20	63	55
n02892201_43.JPEG	0	4	63	63
n02892201_44.JPEG	0	11	63	56
n02892201_45.JPEG	4	0	60	63
n02892201_46.JPEG	8	11	38	60
n02892201_47.JPEG	0	14	63	49
n02892201_48.JPEG	0	7	63	58
n02892201_49.JPEG	3	0	58	63
n02892201_50.JPEG	32	41	44	56
n02892201_51.JPEG	0	15	63	42
n02892201_52.JPEG	5	20	63	44
n02892201_53.JPEG	7	21	55	60
n02892201_54.JPEG	17	25	55	44
n02892201_55.JPEG	7	14	39	48
n02892201_56.JPEG	0	0	63	63
n02892201_57.JPEG	5	10	63	59
n02892201_58.JPEG	7	19	55	58
n02892201_59.JPEG	0	3	63	63
n02892201_60.JPEG	14	14	58	57
n02892201_61.JPEG	7	12	63	51
n02892201_62.JPEG	0	2	63	62
n02892201_63.JPEG	1	11	61	56
n02892201_64.JPEG	5	3	63	61
n02892201_65.JPEG	0	15	63	49
n02892201_66.JPEG	0	12	63	59
n02892201_67.JPEG	0	0	63	63
n02892201_68.JPEG	0	2	63	63
n02892201_69.JPEG	25	16	33	29
n02892201_70.JPEG	16	8	54	61
n02892201_71.JPEG	17	29	45	41
n02892201_72.JPEG	9	6	54	60
n02892201_73.JPEG	0	3	31	57
n02892201_74.JPEG	6	4	53	57
n02892201_75.JPEG	9	11	58	37
n02892201_76.JPEG	0	8	63	58
n02892201_77.JPEG	0	10	63	53
n02892201_78.JPEG	0	0	63	63
n02892201_79.JPEG	24	58	38	63
n02892201_80.JPEG	4	7	61	55
n02892201_81.JPEG	25	16	40	37
n02892201_82.JPEG	2	0	61	63
n02892201_83.JPEG	7	13	63	57
n02892201_84.JPEG	0	22	63	53
n02892201_85.JPEG	0	7	63	63
n02892201_86.JPEG	2	0	60	63
n02892201_87.JPEG	0	0	63	63
n02892201_88.JPEG	0	14	31	41
n02892201_89.JPEG	0	5	63	63
n02892201_90.JPEG	15	2	49	63
n02892201_91.JPEG	15	12	57	51
n02892201_92.JPEG	25	16	47	46
n02892201_93.JPEG	0	11	63	57
n02892201_94.JPEG	14	2	50	46
n02892201_95.JPEG	7	0	58	63
n02892201_96.JPEG	8	4	58	54
n02892201_97.JPEG	0	12	63	57
n02892201_98.JPEG	5	13	60	54
n02892201_99.JPEG	14	8	52	59
n02892201_100.JPEG	5	8	55	48
n02892201_101.JPEG	0	6	63	41
n02892201_102.JPEG	0	6	63	60
n02892201_103.JPEG	0	1	63	60
n02892201_104.JPEG	0	0	63	63
n02892201_105.JPEG	0	6	63	62
n02892201_106.JPEG	1	19	63	54
n02892201_107.JPEG	0	2	63	63
n02892201_108.JPEG	0	10	63	63
n02892201_109.JPEG	14	21	50	45
n02892201_110.JPEG	5	1	50	57
n02892201_111.JPEG	8	22	55	36
n02892201_112.JPEG	0	1	59	63
n02892201_113.JPEG	6	18	51	52
n02892201_114.JPEG	18	12	49	57
n02892201_115.JPEG	5	0	63	63
n02892201_116.JPEG	0	8	63	57
n02892201_117.JPEG	32	6	63	53
n02892201_118.JPEG	0	0	63	63
n02892201_119.JPEG	5	0	59	63
n02892201_120.JPEG	5	0	60	63
n02892201_121.JPEG	6	0	53	63
n02892201_122.JPEG	3	13	51	52
n02892201_123.JPEG	13	22	48	46
n02892201_124.JPEG	0	11	62	55
n02892201_125.JPEG	18	9	45	49
n02892201_126.JPEG	23	41	42	52
n02892201_127.JPEG	7	5	56	60
n02892201_128.JPEG	18	13	47	32
n02892201_129.JPEG	14	43	55	62
n02892201_130.JPEG	0	0	63	60
n02892201_131.JPEG	0	10	63	62
n02892201_132.JPEG	23	41	32	53
n02892201_133.JPEG	18	5	41	56
n02892201_134.JPEG	6	9	56	59
n02892201_135.JPEG	0	0	63	63
n02892201_136.JPEG	3	2	62	61
n02892201_137.JPEG	5	6	63	62
n02892201_138.JPEG	0	10	63	53
n02892201_139.JPEG	1	0	63	63
n02892201_140.JPEG	0	11	63	61
n02892201_141.JPEG	14	6	56	14
n02892201_142.JPEG	8	1	58	59
n02892201_143.JPEG	0	4	63	61
n02892201_144.JPEG	6	5	59	59
n02892201_145.JPEG	10	10	51	42
n02892201_146.JPEG	29	41	51	59
n02892201_147.JPEG	27	27	35	40
n02892201_148.JPEG	0	8	63	56
n02892201_149.JPEG	17	21	51	43
n02892201_150.JPEG	12	2	53	63
n02892201_151.JPEG	0	17	63	53
n02892201_152.JPEG	15	19	49	46
n02892201_153.JPEG	13	20	34	39
n02892201_154.JPEG	1	0	63	60
n02892201_155.JPEG	6	0	59	63
n02892201_156.JPEG	10	0	60	63
n02892201_157.JPEG	0	15	56	52
n02892201_158.JPEG	7	25	58	60
n02892201_159.JPEG	0	9	63	55
n02892201_160.JPEG	17	28	43	45
n02892201_161.JPEG	0	11	63	57
n02892201_162.JPEG	0	0	63	63
n02892201_163.JPEG	0	1	63	63
n02892201_164.JPEG	8	0	53	28
n02892201_165.JPEG	0	3	63	62
n02892201_166.JPEG	4	0	60	63
n02892201_167.JPEG	27	31	33	34
n02892201_168.JPEG	5	19	63	43
n02892201_169.JPEG	0	4	63	55
n02892201_170.JPEG	2	0	62	63
n02892201_171.JPEG	16	23	48	39
n02892201_172.JPEG	0	10	63	58
n02892201_173.JPEG	2	2	55	59
n02892201_174.JPEG	2	3	63	62
n02892201_175.JPEG	3	0	63	63
n02892201_176.JPEG	0	6	63	58
n02892201_177.JPEG	5	4	57	59
n02892201_178.JPEG	0	0	63	63
n02892201_179.JPEG	42	5	57	9
n02892201_180.JPEG	16	4	51	61
n02892201_181.JPEG	4	10	63	54
n02892201_182.JPEG	18	35	59	60
n02892201_183.JPEG	0	1	63	53
n02892201_184.JPEG	1	1	63	63
n02892201_185.JPEG	0	8	63	54
n02892201_186.JPEG	1	0	62	63
n02892201_187.JPEG	0	11	60	60
n02892201_188.JPEG	1	14	63	54
n02892201_189.JPEG	12	14	43	60
n02892201_190.JPEG	16	14	54	40
n02892201_191.JPEG	13	19	52	51
n02892201_192.JPEG	28	51	40	63
n02892201_193.JPEG	2	10	56	53
n02892201_194.JPEG	10	6	63	49
n02892201_195.JPEG	0	12	63	58
n02892201_196.JPEG	0	5	63	60
n02892201_197.JPEG	0	3	62	60
n02892201_198.JPEG	0	11	63	54
n02892201_199.JPEG	0	0	63	58
n02892201_200.JPEG	6	0	57	63
n02892201_201.JPEG	0	1	63	60
n02892201_202.JPEG	17	7	51	41
n02892201_203.JPEG	0	10	63	58
n02892201_204.JPEG	41	37	58	50
n02892201_205.JPEG	0	0	63	63
n02892201_206.JPEG	0	8	63	63
n02892201_207.JPEG	3	9	53	62
n02892201_208.JPEG	14	10	54	48
n02892201_209.JPEG	1	0	63	63
n02892201_210.JPEG	0	15	63	56
n02892201_211.JPEG	3	7	62	59
n02892201_212.JPEG	13	13	42	56
n02892201_213.JPEG	0	10	63	58
n02892201_214.JPEG	4	6	55	55
n02892201_215.JPEG	6	18	54	41
n02892201_216.JPEG	2	12	63	62
n02892201_217.JPEG	14	31	51	51
n02892201_218.JPEG	11	11	59	57
n02892201_219.JPEG	3	3	60	58
n02892201_220.JPEG	13	14	51	54
n02892201_221.JPEG	4	0	57	63
n02892201_222.JPEG	0	6	63	49
n02892201_223.JPEG	0	23	63	37
n02892201_224.JPEG	4	4	62	61
n02892201_225.JPEG	0	42	28	57
n02892201_226.JPEG	4	9	58	56
n02892201_227.JPEG	7	23	63	40
n02892201_228.JPEG	7	3	57	63
n02892201_229.JPEG	11	21	46	43
n02892201_230.JPEG	14	0	50	19
n02892201_231.JPEG	17	28	46	63
n02892201_232.JPEG	0	1	63	63
n02892201_233.JPEG	1	1	63	63
n02892201_234.JPEG	8	30	49	50
n02892201_235.JPEG	0	3	63	62
n02892201_236.JPEG	0	7	63	63
n02892201_237.JPEG	0	5	55	57
n02892201_238.JPEG	33	18	63	45
n02892201_239.JPEG	17	23	47	44
n02892201_240.JPEG	6	0	53	63
n02892201_241.JPEG	0	0	63	63
n02892201_242.JPEG	27	36	41	45
n02892201_243.JPEG	17	9	40	43
n02892201_244.JPEG	0	14	63	61
n02892201_245.JPEG	0	7	63	63
n02892201_246.JPEG	0	11	63	57
n02892201_247.JPEG	0	36	63	54
n02892201_248.JPEG	19	22	45	59
n02892201_249.JPEG	13	47	52	63
n02892201_250.JPEG	1	3	63	63
n02892201_251.JPEG	8	12	60	45
n02892201_252.JPEG	3	0	61	63
n02892201_253.JPEG	0	2	63	62
n02892201_254.JPEG	8	11	56	62
n02892201_255.JPEG	0	13	63	57
n02892201_256.JPEG	0	1	63	63
n02892201_257.JPEG	11	26	55	54
n02892201_258.JPEG	10	0	52	49
n02892201_259.JPEG	23	23	38	63
n02892201_260.JPEG	4	2	63	58
n02892201_261.JPEG	0	1	60	63
n02892201_262.JPEG	1	0	63	63
n02892201_263.JPEG	8	16	57	50
n02892201_264.JPEG	1	0	63	63
n02892201_265.JPEG	0	23	63	59
n02892201_266.JPEG	0	4	63	62
n02892201_267.JPEG	5	0	63	63
n02892201_268.JPEG	12	0	52	63
n02892201_269.JPEG	8	8	57	63
n02892201_270.JPEG	2	0	63	63
n02892201_271.JPEG	12	24	19	26
n02892201_272.JPEG	5	3	58	62
n02892201_273.JPEG	11	5	53	63
n02892201_274.JPEG	9	13	59	51
n02892201_275.JPEG	2	17	61	61
n02892201_276.JPEG	0	4	63	63
n02892201_277.JPEG	23	3	35	26
n02892201_278.JPEG	6	0	63	63
n02892201_279.JPEG	18	0	51	63
n02892201_280.JPEG	6	15	56	50
n02892201_281.JPEG	11	14	48	52
n02892201_282.JPEG	3	17	63	54
n02892201_283.JPEG	17	7	46	50
n02892201_284.JPEG	23	16	40	39
n02892201_285.JPEG	3	23	63	47
n02892201_286.JPEG	0	9	63	61
n02892201_287.JPEG	0	5	63	62
n02892201_288.JPEG	17	23	47	48
n02892201_289.JPEG	45	46	63	58
n02892201_290.JPEG	0	7	40	55
n02892201_291.JPEG	2	12	63	53
n02892201_292.JPEG	11	28	56	55
n02892201_293.JPEG	37	33	59	45
n02892201_294.JPEG	0	12	63	56
n02892201_295.JPEG	0	6	63	59
n02892201_296.JPEG	7	18	57	44
n02892201_297.JPEG	0	1	63	63
n02892201_298.JPEG	0	6	63	63
n02892201_299.JPEG	0	3	63	57
n02892201_300.JPEG	0	17	56	51
n02892201_301.JPEG	0	6	63	63
n02892201_302.JPEG	3	10	63	58
n02892201_303.JPEG	25	20	46	51
n02892201_304.JPEG	0	10	63	52
n02892201_305.JPEG	0	0	63	63
n02892201_306.JPEG	24	27	39	37
n02892201_307.JPEG	5	13	63	53
n02892201_308.JPEG	9	19	63	54
n02892201_309.JPEG	0	6	63	63
n02892201_310.JPEG	1	7	63	63
n02892201_311.JPEG	0	3	63	55
n02892201_312.JPEG	0	0	63	63
n02892201_313.JPEG	19	5	47	44
n02892201_314.JPEG	0	8	63	59
n02892201_315.JPEG	10	23	54	40
n02892201_316.JPEG	0	1	63	59
n02892201_317.JPEG	18	8	45	57
n02892201_318.JPEG	3	16	63	52
n02892201_319.JPEG	0	3	63	62
n02892201_320.JPEG	0	0	63	63
n02892201_321.JPEG	14	3	49	63
n02892201_322.JPEG	13	49	27	57
n02892201_323.JPEG	2	26	54	44
n02892201_324.JPEG	0	5	63	56
n02892201_325.JPEG	0	11	63	52
n02892201_326.JPEG	10	3	61	58
n02892201_327.JPEG	0	0	63	63
n02892201_328.JPEG	0	4	63	62
n02892201_329.JPEG	0	1	63	63
n02892201_330.JPEG	10	0	57	63
n02892201_331.JPEG	0	5	60	55
n02892201_332.JPEG	9	10	60	60
n02892201_333.JPEG	0	3	63	54
n02892201_334.JPEG	0	11	63	53
n02892201_335.JPEG	12	25	49	42
n02892201_336.JPEG	2	18	62	59
n02892201_337.JPEG	1	6	63	63
n02892201_338.JPEG	0	4	63	60
n02892201_339.JPEG	12	17	52	39
n02892201_340.JPEG	4	4	61	60
n02892201_341.JPEG	0	16	63	51
n02892201_342.JPEG	9	10	58	59
n02892201_343.JPEG	12	4	47	27
n02892201_344.JPEG	0	11	63	55
n02892201_345.JPEG	8	0	56	63
n02892201_346.JPEG	0	4	63	63
n02892201_347.JPEG	0	9	63	56
n02892201_348.JPEG	0	8	63	54
n02892201_349.JPEG	0	3	63	61
n02892201_350.JPEG	0	3	63	63
n02892201_351.JPEG	6	9	59	59
n02892201_352.JPEG	0	16	63	52
n02892201_353.JPEG	25	3	50	20
n02892201_354.JPEG	0	17	63	42
n02892201_355.JPEG	3	35	63	63
n02892201_356.JPEG	13	14	52	60
n02892201_357.JPEG	5	4	63	63
n02892201_358.JPEG	1	4	63	53
n02892201_359.JPEG	0	1	63	63
n02892201_360.JPEG	20	0	48	63
n02892201_361.JPEG	0	12	63	58
n02892201_362.JPEG	15	7	49	54
n02892201_363.JPEG	42	57	49	62
n02892201_364.JPEG	5	1	61	63
n02892201_365.JPEG	14	11	60	54
n02892201_366.JPEG	0	7	58	60
n02892201_367.JPEG	0	1	63	63
n02892201_368.JPEG	9	0	54	63
n02892201_369.JPEG	48	31	61	43
n02892201_370.JPEG	11	21	53	49
n02892201_371.JPEG	5	8	58	62
n02892201_372.JPEG	0	3	63	61
n02892201_373.JPEG	31	26	47	55
n02892201_374.JPEG	19	17	52	43
n02892201_375.JPEG	12	21	50	54
n02892201_376.JPEG	0	3	63	62
n02892201_377.JPEG	6	0	63	58
n02892201_378.JPEG	11	0	63	63
n02892201_379.JPEG	14	7	46	42
n02892201_380.JPEG	7	55	56	63
n02892201_381.JPEG	12	0	56	63
n02892201_382.JPEG	0	7	63	60
n02892201_383.JPEG	0	7	63	63
n02892201_384.JPEG	17	11	47	53
n02892201_385.JPEG	10	0	55	63
n02892201_386.JPEG	1	9	63	59
n02892201_387.JPEG	0	8	63	63
n02892201_388.JPEG	0	8	63	61
n02892201_389.JPEG	7	13	55	56
n02892201_390.JPEG	18	7	44	18
n02892201_391.JPEG	26	23	39	38
n02892201_392.JPEG	19	0	60	21
n02892201_393.JPEG	4	60	25	63
n02892201_394.JPEG	12	14	56	45
n02892201_395.JPEG	0	1	63	63
n02892201_396.JPEG	24	39	41	46
n02892201_397.JPEG	0	11	63	48
n02892201_398.JPEG	3	0	60	63
n02892201_399.JPEG	15	0	55	63
n02892201_400.JPEG	0	4	63	60
n02892201_401.JPEG	9	9	60	56
n02892201_402.JPEG	15	22	54	52
n02892201_403.JPEG	1	21	55	63
n02892201_404.JPEG	0	19	63	42
n02892201_405.JPEG	0	8	62	60
n02892201_406.JPEG	23	20	55	50
n02892201_407.JPEG	0	1	63	60
n02892201_408.JPEG	0	5	63	60
n02892201_409.JPEG	0	0	63	63
n02892201_410.JPEG	1	9	61	50
n02892201_411.JPEG	0	11	62	53
n02892201_412.JPEG	2	13	63	57
n02892201_413.JPEG	15	18	56	53
n02892201_414.JPEG	21	26	41	37
n02892201_415.JPEG	13	22	47	62
n02892201_416.JPEG	0	10	63	52
n02892201_417.JPEG	5	20	57	54
n02892201_418.JPEG	0	1	63	20
n02892201_419.JPEG	6	0	59	63
n02892201_420.JPEG	17	10	50	63
n02892201_421.JPEG	0	2	63	63
n02892201_422.JPEG	0	2	63	63
n02892201_423.JPEG	0	7	63	58
n02892201_424.JPEG	11	21	56	63
n02892201_425.JPEG	26	17	43	41
n02892201_426.JPEG	0	0	63	63
n02892201_427.JPEG	0	5	62	61
n02892201_428.JPEG	0	1	63	61
n02892201_429.JPEG	0	12	63	48
n02892201_430.JPEG	0	9	63	63
n02892201_431.JPEG	0	9	63	60
n02892201_432.JPEG	21	44	40	53
n02892201_433.JPEG	0	0	63	63
n02892201_434.JPEG	16	16	45	40
n02892201_435.JPEG	3	10	53	48
n02892201_436.JPEG	7	0	58	59
n02892201_437.JPEG	8	0	62	63
n02892201_438.JPEG	0	13	63	54
n02892201_439.JPEG	0	13	63	59
n02892201_440.JPEG	5	27	61	52
n02892201_441.JPEG	3	0	60	63
n02892201_442.JPEG	0	6	32	58
n02892201_443.JPEG	2	0	60	52
n02892201_444.JPEG	22	26	48	40
n02892201_445.JPEG	0	5	63	63
n02892201_446.JPEG	35	28	54	47
n02892201_447.JPEG	5	11	59	54
n02892201_448.JPEG	0	3	63	62
n02892201_449.JPEG	6	11	54	63
n02892201_450.JPEG	0	11	63	56
n02892201_451.JPEG	0	4	63	58
n02892201_452.JPEG	25	8	41	30
n02892201_453.JPEG	8	7	55	62
n02892201_454.JPEG	21	0	40	45
n02892201_455.JPEG	12	3	52	63
n02892201_456.JPEG	0	42	63	63
n02892201_457.JPEG	0	0	63	63
n02892201_458.JPEG	10	16	53	54
n02892201_459.JPEG	11	4	63	47
n02892201_460.JPEG	4	14	56	52
n02892201_461.JPEG	1	0	62	63
n02892201_462.JPEG	16	10	45	48
n02892201_463.JPEG	35	15	45	29
n02892201_464.JPEG	9	3	63	42
n02892201_465.JPEG	0	4	63	58
n02892201_466.JPEG	0	9	63	50
n02892201_467.JPEG	17	17	51	51
n02892201_468.JPEG	5	0	63	63
n02892201_469.JPEG	26	34	37	40
n02892201_470.JPEG	4	0	63	63
n02892201_471.JPEG	0	1	63	63
n02892201_472.JPEG	15	10	49	56
n02892201_473.JPEG	14	11	48	57
n02892201_474.JPEG	0	0	63	63
n02892201_475.JPEG	0	16	63	58
n02892201_476.JPEG	2	9	60	55
n02892201_477.JPEG	11	23	50	51
n02892201_478.JPEG	5	3	61	47
n02892201_479.JPEG	18	8	41	50
n02892201_480.JPEG	0	2	63	61
n02892201_481.JPEG	0	15	63	48
n02892201_482.JPEG	0	2	63	63
n02892201_483.JPEG	0	9	63	63
n02892201_484.JPEG	17	0	58	63
n02892201_485.JPEG	0	3	63	60
n02892201_486.JPEG	1	0	63	63
n02892201_487.JPEG	0	3	63	61
n02892201_488.JPEG	28	35	40	42
n02892201_489.JPEG	0	7	63	63
n02892201_490.JPEG	0	0	63	63
n02892201_491.JPEG	2	12	63	50
n02892201_492.JPEG	0	18	63	62
n02892201_493.JPEG	23	0	40	58
n02892201_494.JPEG	0	1	63	63
n02892201_495.JPEG	18	7	49	57
n02892201_496.JPEG	14	21	51	53
n02892201_497.JPEG	6	10	60	59
n02892201_498.JPEG	0	13	63	47
n02892201_499.JPEG	21	18	42	41
