n02123394_0.JPEG	6	4	60	63
n02123394_1.JPEG	1	0	63	63
n02123394_2.JPEG	0	12	63	60
n02123394_3.JPEG	0	5	36	62
n02123394_4.JPEG	30	0	63	46
n02123394_5.JPEG	35	5	62	26
n02123394_6.JPEG	1	0	63	53
n02123394_7.JPEG	11	13	58	63
n02123394_8.JPEG	14	14	53	55
n02123394_9.JPEG	7	9	63	40
n02123394_10.JPEG	11	0	52	63
n02123394_11.JPEG	2	4	63	63
n02123394_12.JPEG	8	1	63	62
n02123394_13.JPEG	1	0	62	63
n02123394_14.JPEG	0	6	63	60
n02123394_15.JPEG	21	0	63	63
n02123394_16.JPEG	0	0	63	63
n02123394_17.JPEG	6	11	53	63
n02123394_18.JPEG	0	1	63	63
n02123394_19.JPEG	0	16	30	61
n02123394_20.JPEG	0	4	63	63
n02123394_21.JPEG	0	3	63	63
n02123394_22.JPEG	33	8	63	47
n02123394_23.JPEG	8	6	59	63
n02123394_24.JPEG	0	0	63	63
n02123394_25.JPEG	8	5	51	63
n02123394_26.JPEG	22	14	47	44
n02123394_27.JPEG	0	0	63	63
n02123394_28.JPEG	0	2	63	63
n02123394_29.JPEG	0	0	63	63
n02123394_30.JPEG	1	0	63	63
n02123394_31.JPEG	4	0	63	63
n02123394_32.JPEG	0	15	52	63
n02123394_33.JPEG	0	8	59	63
n02123394_34.JPEG	0	2	63	63
n02123394_35.JPEG	0	4	56	63
n02123394_36.JPEG	0	0	63	63
n02123394_37.JPEG	0	3	63	62
n02123394_38.JPEG	0	1	46	63
n02123394_39.JPEG	12	6	53	61
n02123394_40.JPEG	8	5	44	60
n02123394_41.JPEG	9	0	56	63
n02123394_42.JPEG	0	0	63	63
n02123394_43.JPEG	55	9	63	57
n02123394_44.JPEG	0	5	31	58
n02123394_45.JPEG	0	1	63	54
n02123394_46.JPEG	29	7	63	51
n02123394_47.JPEG	3	0	57	63
n02123394_48.JPEG	10	1	63	63
n02123394_49.JPEG	32	10	63	47
n02123394_50.JPEG	0	0	63	58
n02123394_51.JPEG	0	13	53	47
n02123394_52.JPEG	0	1	63	63
n02123394_53.JPEG	0	1	63	63
n02123394_54.JPEG	3	1	63	58
n02123394_55.JPEG	0	13	63	54
n02123394_56.JPEG	0	14	63	58
n02123394_57.JPEG	0	10	63	56
n02123394_58.JPEG	0	6	61	63
n02123394_59.JPEG	13	18	63	57
n02123394_60.JPEG	29	0	63	63
n02123394_61.JPEG	1	0	63	63
n02123394_62.JPEG	14	11	63	63
n02123394_63.JPEG	0	2	63	63
n02123394_64.JPEG	7	1	63	58
n02123394_65.JPEG	0	1	63	63
n02123394_66.JPEG	6	14	63	49
n02123394_67.JPEG	1	1	63	63
n02123394_68.JPEG	0	11	63	63
n02123394_69.JPEG	0	3	63	62
n02123394_70.JPEG	0	1	63	59
n02123394_71.JPEG	0	0	63	63
n02123394_72.JPEG	0	0	63	63
n02123394_73.JPEG	0	4	61	63
n02123394_74.JPEG	13	6	63	55
n02123394_75.JPEG	0	9	50	63
n02123394_76.JPEG	0	1	52	63
n02123394_77.JPEG	9	0	51	63
n02123394_78.JPEG	6	12	55	55
n02123394_79.JPEG	0	5	60	60
n02123394_80.JPEG	0	0	63	63
n02123394_81.JPEG	5	14	63	56
n02123394_82.JPEG	0	3	63	54
n02123394_83.JPEG	7	7	55	35
n02123394_84.JPEG	5	30	63	61
n02123394_85.JPEG	0	8	31	43
n02123394_86.JPEG	28	24	54	45
n02123394_87.JPEG	41	26	63	63
n02123394_88.JPEG	0	1	63	63
n02123394_89.JPEG	0	3	56	63
n02123394_90.JPEG	10	7	63	63
n02123394_91.JPEG	0	11	58	59
n02123394_92.JPEG	0	1	63	63
n02123394_93.JPEG	0	0	58	63
n02123394_94.JPEG	0	10	63	60
n02123394_95.JPEG	19	10	51	48
n02123394_96.JPEG	13	13	55	58
n02123394_97.JPEG	10	12	63	60
n02123394_98.JPEG	0	3	63	58
n02123394_99.JPEG	0	1	63	63
n02123394_100.JPEG	36	9	63	55
n02123394_101.JPEG	0	6	58	63
n02123394_102.JPEG	10	4	63	62
n02123394_103.JPEG	0	4	63	61
n02123394_104.JPEG	16	18	53	52
n02123394_105.JPEG	0	3	62	63
n02123394_106.JPEG	0	13	63	63
n02123394_107.JPEG	0	13	63	63
n02123394_108.JPEG	2	0	63	63
n02123394_109.JPEG	1	5	52	62
n02123394_110.JPEG	8	12	53	59
n02123394_111.JPEG	16	25	63	58
n02123394_112.JPEG	0	13	63	53
n02123394_113.JPEG	0	3	63	63
n02123394_114.JPEG	7	3	55	61
n02123394_115.JPEG	4	9	41	62
n02123394_116.JPEG	0	0	62	58
n02123394_117.JPEG	0	12	63	43
n02123394_118.JPEG	1	10	63	54
n02123394_119.JPEG	0	5	63	63
n02123394_120.JPEG	0	0	63	63
n02123394_121.JPEG	9	14	63	50
n02123394_122.JPEG	0	12	63	56
n02123394_123.JPEG	6	4	60	61
n02123394_124.JPEG	10	0	55	63
n02123394_125.JPEG	0	0	63	63
n02123394_126.JPEG	0	4	63	58
n02123394_127.JPEG	18	11	63	63
n02123394_128.JPEG	0	7	63	60
n02123394_129.JPEG	3	6	63	63
n02123394_130.JPEG	0	1	62	63
n02123394_131.JPEG	0	10	54	63
n02123394_132.JPEG	0	10	55	47
n02123394_133.JPEG	0	12	58	62
n02123394_134.JPEG	0	0	63	63
n02123394_135.JPEG	0	16	63	62
n02123394_136.JPEG	8	3	59	61
n02123394_137.JPEG	5	14	56	39
n02123394_138.JPEG	1	1	63	63
n02123394_139.JPEG	0	9	63	63
n02123394_140.JPEG	0	2	63	63
n02123394_141.JPEG	20	13	54	47
n02123394_142.JPEG	0	13	63	53
n02123394_143.JPEG	0	0	62	53
n02123394_144.JPEG	8	8	63	63
n02123394_145.JPEG	3	10	63	63
n02123394_146.JPEG	0	1	63	56
n02123394_147.JPEG	0	10	43	45
n02123394_148.JPEG	0	0	63	63
n02123394_149.JPEG	0	0	63	63
n02123394_150.JPEG	12	1	46	49
n02123394_151.JPEG	0	11	31	53
n02123394_152.JPEG	12	1	60	63
n02123394_153.JPEG	0	0	63	63
n02123394_154.JPEG	0	5	55	63
n02123394_155.JPEG	1	0	63	63
n02123394_156.JPEG	4	2	52	62
n02123394_157.JPEG	0	1	63	63
n02123394_158.JPEG	0	10	63	62
n02123394_159.JPEG	0	0	63	63
n02123394_160.JPEG	0	1	63	63
n02123394_161.JPEG	9	0	63	62
n02123394_162.JPEG	1	1	63	63
n02123394_163.JPEG	15	26	46	46
n02123394_164.JPEG	1	0	61	57
n02123394_165.JPEG	6	0	57	63
n02123394_166.JPEG	0	0	63	63
n02123394_167.JPEG	4	0	58	45
n02123394_168.JPEG	0	11	62	63
n02123394_169.JPEG	0	4	63	59
n02123394_170.JPEG	6	0	53	63
n02123394_171.JPEG	34	12	63	56
n02123394_172.JPEG	4	9	54	56
n02123394_173.JPEG	5	20	54	63
n02123394_174.JPEG	1	4	63	63
n02123394_175.JPEG	0	0	63	63
n02123394_176.JPEG	5	1	61	61
n02123394_177.JPEG	3	24	60	45
n02123394_178.JPEG	17	25	62	63
n02123394_179.JPEG	0	8	63	49
n02123394_180.JPEG	0	0	57	63
n02123394_181.JPEG	6	0	63	63
n02123394_182.JPEG	5	0	63	63
n02123394_183.JPEG	0	1	63	58
n02123394_184.JPEG	11	10	63	62
n02123394_185.JPEG	0	0	63	63
n02123394_186.JPEG	16	0	63	60
n02123394_187.JPEG	7	15	63	53
n02123394_188.JPEG	15	9	58	57
n02123394_189.JPEG	0	14	63	52
n02123394_190.JPEG	0	10	63	52
n02123394_191.JPEG	28	17	54	48
n02123394_192.JPEG	0	3	63	60
n02123394_193.JPEG	0	6	63	63
n02123394_194.JPEG	0	1	58	57
n02123394_195.JPEG	0	10	63	62
n02123394_196.JPEG	0	10	63	63
n02123394_197.JPEG	29	4	55	39
n02123394_198.JPEG	0	4	63	63
n02123394_199.JPEG	0	4	63	57
n02123394_200.JPEG	7	0	62	39
n02123394_201.JPEG	0	12	59	60
n02123394_202.JPEG	19	0	63	63
n02123394_203.JPEG	0	3	54	56
n02123394_204.JPEG	0	11	63	50
n02123394_205.JPEG	5	2	63	50
n02123394_206.JPEG	0	4	61	63
n02123394_207.JPEG	0	5	30	63
n02123394_208.JPEG	0	1	63	63
n02123394_209.JPEG	10	6	53	59
n02123394_210.JPEG	1	0	63	63
n02123394_211.JPEG	0	1	63	63
n02123394_212.JPEG	0	1	63	63
n02123394_213.JPEG	0	6	63	57
n02123394_214.JPEG	0	12	63	60
n02123394_215.JPEG	0	1	63	63
n02123394_216.JPEG	20	5	42	26
n02123394_217.JPEG	18	0	63	63
n02123394_218.JPEG	12	10	62	59
n02123394_219.JPEG	0	10	62	63
n02123394_220.JPEG	0	13	63	53
n02123394_221.JPEG	0	2	63	62
n02123394_222.JPEG	1	2	43	61
n02123394_223.JPEG	0	2	63	63
n02123394_224.JPEG	31	15	63	54
n02123394_225.JPEG	0	4	63	50
n02123394_226.JPEG	0	2	63	55
n02123394_227.JPEG	8	13	63	60
n02123394_228.JPEG	16	24	54	58
n02123394_229.JPEG	11	1	61	59
n02123394_230.JPEG	6	0	60	63
n02123394_231.JPEG	17	2	54	63
n02123394_232.JPEG	0	1	63	63
n02123394_233.JPEG	0	1	63	63
n02123394_234.JPEG	5	1	63	61
n02123394_235.JPEG	0	4	63	58
n02123394_236.JPEG	0	12	63	63
n02123394_237.JPEG	0	5	61	60
n02123394_238.JPEG	1	0	62	63
n02123394_239.JPEG	6	4	51	61
n02123394_240.JPEG	0	0	63	63
n02123394_241.JPEG	4	13	63	56
n02123394_242.JPEG	6	1	63	63
n02123394_243.JPEG	0	0	63	63
n02123394_244.JPEG	0	3	63	63
n02123394_245.JPEG	0	3	63	63
n02123394_246.JPEG	0	0	50	58
n02123394_247.JPEG	2	4	63	56
n02123394_248.JPEG	6	7	63	63
n02123394_249.JPEG	10	1	63	62
n02123394_250.JPEG	0	0	55	63
n02123394_251.JPEG	0	0	63	57
n02123394_252.JPEG	3	2	54	63
n02123394_253.JPEG	0	1	63	63
n02123394_254.JPEG	17	0	63	54
n02123394_255.JPEG	2	4	58	51
n02123394_256.JPEG	0	0	63	51
n02123394_257.JPEG	0	3	63	63
n02123394_258.JPEG	0	14	63	57
n02123394_259.JPEG	0	1	63	63
n02123394_260.JPEG	9	7	61	58
n02123394_261.JPEG	0	6	63	63
n02123394_262.JPEG	0	2	63	63
n02123394_263.JPEG	11	0	53	59
n02123394_264.JPEG	4	5	51	58
n02123394_265.JPEG	2	0	62	63
n02123394_266.JPEG	2	7	63	59
n02123394_267.JPEG	10	1	60	60
n02123394_268.JPEG	0	0	63	63
n02123394_269.JPEG	0	4	63	59
n02123394_270.JPEG	1	4	63	63
n02123394_271.JPEG	11	3	63	63
n02123394_272.JPEG	2	0	62	63
n02123394_273.JPEG	0	8	57	63
n02123394_274.JPEG	0	5	63	51
n02123394_275.JPEG	28	24	54	63
n02123394_276.JPEG	0	3	62	60
n02123394_277.JPEG	29	14	63	63
n02123394_278.JPEG	0	11	44	63
n02123394_279.JPEG	0	9	43	45
n02123394_280.JPEG	0	0	63	63
n02123394_281.JPEG	0	3	63	62
n02123394_282.JPEG	1	1	63	63
n02123394_283.JPEG	0	0	63	63
n02123394_284.JPEG	0	7	63	63
n02123394_285.JPEG	0	0	63	63
n02123394_286.JPEG	0	14	31	63
n02123394_287.JPEG	2	21	35	56
n02123394_288.JPEG	1	0	52	63
n02123394_289.JPEG	0	4	63	63
n02123394_290.JPEG	17	7	57	63
n02123394_291.JPEG	0	0	63	63
n02123394_292.JPEG	1	11	63	63
n02123394_293.JPEG	0	19	63	51
n02123394_294.JPEG	25	16	63	63
n02123394_295.JPEG	0	3	63	63
n02123394_296.JPEG	6	0	63	47
n02123394_297.JPEG	0	0	59	63
n02123394_298.JPEG	0	0	63	63
n02123394_299.JPEG	22	13	56	51
n02123394_300.JPEG	8	3	63	63
n02123394_301.JPEG	3	5	63	59
n02123394_302.JPEG	0	3	63	56
n02123394_303.JPEG	11	4	60	58
n02123394_304.JPEG	0	2	63	42
n02123394_305.JPEG	0	0	63	63
n02123394_306.JPEG	0	10	63	61
n02123394_307.JPEG	0	9	63	63
n02123394_308.JPEG	0	1	63	63
n02123394_309.JPEG	0	9	63	59
n02123394_310.JPEG	0	9	63	57
n02123394_311.JPEG	0	0	63	63
n02123394_312.JPEG	10	0	63	63
n02123394_313.JPEG	5	8	63	54
n02123394_314.JPEG	0	0	59	63
n02123394_315.JPEG	3	11	63	58
n02123394_316.JPEG	1	1	63	63
n02123394_317.JPEG	0	12	55	54
n02123394_318.JPEG	0	0	63	63
n02123394_319.JPEG	0	7	63	54
n02123394_320.JPEG	7	8	55	63
n02123394_321.JPEG	0	14	63	63
n02123394_322.JPEG	0	1	63	63
n02123394_323.JPEG	0	2	53	49
n02123394_324.JPEG	11	10	61	59
n02123394_325.JPEG	2	0	54	59
n02123394_326.JPEG	0	17	59	63
n02123394_327.JPEG	0	1	63	63
n02123394_328.JPEG	0	2	61	54
n02123394_329.JPEG	11	18	63	60
n02123394_330.JPEG	9	0	63	54
n02123394_331.JPEG	4	4	63	59
n02123394_332.JPEG	9	9	59	54
n02123394_333.JPEG	13	0	63	62
n02123394_334.JPEG	1	0	63	63
n02123394_335.JPEG	0	1	63	63
n02123394_336.JPEG	1	2	59	63
n02123394_337.JPEG	0	3	62	41
n02123394_338.JPEG	0	0	63	63
n02123394_339.JPEG	0	10	62	63
n02123394_340.JPEG	0	0	63	63
n02123394_341.JPEG	0	7	63	62
n02123394_342.JPEG	11	2	63	63
n02123394_343.JPEG	2	0	63	63
n02123394_344.JPEG	0	7	63	63
n02123394_345.JPEG	0	6	59	61
n02123394_346.JPEG	0	5	55	63
n02123394_347.JPEG	0	11	63	61
n02123394_348.JPEG	1	0	62	63
n02123394_349.JPEG	4	0	63	63
n02123394_350.JPEG	1	15	63	63
n02123394_351.JPEG	0	3	63	63
n02123394_352.JPEG	0	11	63	57
n02123394_353.JPEG	14	9	47	55
n02123394_354.JPEG	13	0	63	63
n02123394_355.JPEG	1	0	63	63
n02123394_356.JPEG	0	0	63	63
n02123394_357.JPEG	9	8	63	57
n02123394_358.JPEG	0	5	63	62
n02123394_359.JPEG	1	0	63	63
n02123394_360.JPEG	13	5	63	63
n02123394_361.JPEG	0	20	63	63
n02123394_362.JPEG	18	8	53	39
n02123394_363.JPEG	0	1	63	60
n02123394_364.JPEG	0	21	63	63
n02123394_365.JPEG	26	16	63	55
n02123394_366.JPEG	0	0	63	56
n02123394_367.JPEG	0	2	63	58
n02123394_368.JPEG	9	0	50	62
n02123394_369.JPEG	12	0	63	63
n02123394_370.JPEG	18	25	63	59
n02123394_371.JPEG	14	29	56	56
n02123394_372.JPEG	5	6	63	60
n02123394_373.JPEG	33	9	63	55
n02123394_374.JPEG	0	0	60	63
n02123394_375.JPEG	37	17	63	46
n02123394_376.JPEG	0	0	63	63
n02123394_377.JPEG	10	6	53	63
n02123394_378.JPEG	5	26	39	54
n02123394_379.JPEG	4	3	57	52
n02123394_380.JPEG	11	4	50	53
n02123394_381.JPEG	20	10	58	63
n02123394_382.JPEG	0	0	63	63
n02123394_383.JPEG	35	32	63	63
n02123394_384.JPEG	0	12	63	53
n02123394_385.JPEG	0	5	63	63
n02123394_386.JPEG	0	9	63	63
n02123394_387.JPEG	0	0	53	63
n02123394_388.JPEG	1	6	63	63
n02123394_389.JPEG	18	13	45	48
n02123394_390.JPEG	3	5	59	43
n02123394_391.JPEG	0	0	63	63
n02123394_392.JPEG	0	0	63	63
n02123394_393.JPEG	2	7	63	57
n02123394_394.JPEG	0	4	36	57
n02123394_395.JPEG	0	1	63	63
n02123394_396.JPEG	0	3	63	63
n02123394_397.JPEG	1	3	63	63
n02123394_398.JPEG	8	4	62	59
n02123394_399.JPEG	5	3	63	63
n02123394_400.JPEG	0	0	63	59
n02123394_401.JPEG	0	4	63	61
n02123394_402.JPEG	0	4	63	60
n02123394_403.JPEG	1	0	63	63
n02123394_404.JPEG	20	22	54	55
n02123394_405.JPEG	0	0	63	62
n02123394_406.JPEG	20	7	63	58
n02123394_407.JPEG	23	13	49	46
n02123394_408.JPEG	34	19	63	59
n02123394_409.JPEG	20	27	37	46
n02123394_410.JPEG	8	10	62	60
n02123394_411.JPEG	0	11	63	52
n02123394_412.JPEG	7	10	50	63
n02123394_413.JPEG	0	1	63	63
n02123394_414.JPEG	2	2	63	63
n02123394_415.JPEG	3	3	63	62
n02123394_416.JPEG	15	12	57	63
n02123394_417.JPEG	0	0	63	62
n02123394_418.JPEG	31	10	63	61
n02123394_419.JPEG	0	0	38	63
n02123394_420.JPEG	11	20	29	47
n02123394_421.JPEG	0	1	63	63
n02123394_422.JPEG	0	0	63	57
n02123394_423.JPEG	1	0	63	63
n02123394_424.JPEG	10	5	53	63
n02123394_425.JPEG	6	9	53	50
n02123394_426.JPEG	17	6	56	62
n02123394_427.JPEG	2	5	63	59
n02123394_428.JPEG	22	36	61	63
n02123394_429.JPEG	13	12	54	63
n02123394_430.JPEG	0	0	63	63
n02123394_431.JPEG	0	10	63	62
n02123394_432.JPEG	0	5	55	61
n02123394_433.JPEG	0	1	63	61
n02123394_434.JPEG	10	18	63	63
n02123394_435.JPEG	0	15	49	50
n02123394_436.JPEG	6	1	56	58
n02123394_437.JPEG	0	5	63	63
n02123394_438.JPEG	0	0	63	63
n02123394_439.JPEG	0	1	63	63
n02123394_440.JPEG	2	3	63	63
n02123394_441.JPEG	0	8	54	63
n02123394_442.JPEG	0	3	63	63
n02123394_443.JPEG	0	0	63	63
n02123394_444.JPEG	0	1	63	63
n02123394_445.JPEG	0	2	63	60
n02123394_446.JPEG	1	0	63	63
n02123394_447.JPEG	0	0	63	61
n02123394_448.JPEG	0	4	63	62
n02123394_449.JPEG	0	0	63	63
n02123394_450.JPEG	0	1	63	63
n02123394_451.JPEG	2	6	63	63
n02123394_452.JPEG	26	25	39	40
n02123394_453.JPEG	0	3	47	56
n02123394_454.JPEG	0	0	63	63
n02123394_455.JPEG	10	1	63	63
n02123394_456.JPEG	0	1	63	52
n02123394_457.JPEG	6	17	59	61
n02123394_458.JPEG	11	12	59	63
n02123394_459.JPEG	9	0	56	63
n02123394_460.JPEG	0	0	63	63
n02123394_461.JPEG	8	1	58	63
n02123394_462.JPEG	18	10	63	63
n02123394_463.JPEG	0	5	63	62
n02123394_464.JPEG	0	12	63	52
n02123394_465.JPEG	13	2	63	49
n02123394_466.JPEG	0	1	63	59
n02123394_467.JPEG	33	10	63	63
n02123394_468.JPEG	0	22	63	46
n02123394_469.JPEG	0	1	63	63
n02123394_470.JPEG	9	29	55	61
n02123394_471.JPEG	1	0	63	63
n02123394_472.JPEG	7	1	63	61
n02123394_473.JPEG	1	0	63	63
n02123394_474.JPEG	0	25	63	51
n02123394_475.JPEG	0	10	63	62
n02123394_476.JPEG	3	6	46	58
n02123394_477.JPEG	0	0	63	63
n02123394_478.JPEG	0	18	63	63
n02123394_479.JPEG	27	6	62	46
n02123394_480.JPEG	0	0	63	63
n02123394_481.JPEG	0	25	63	63
n02123394_482.JPEG	13	11	63	47
n02123394_483.JPEG	1	0	63	48
n02123394_484.JPEG	0	11	49	56
n02123394_485.JPEG	41	19	63	42
n02123394_486.JPEG	8	3	63	63
n02123394_487.JPEG	0	6	63	42
n02123394_488.JPEG	10	1	55	63
n02123394_489.JPEG	0	4	63	57
n02123394_490.JPEG	3	6	61	61
n02123394_491.JPEG	7	9	52	63
n02123394_492.JPEG	0	0	59	63
n02123394_493.JPEG	0	7	63	63
n02123394_494.JPEG	0	5	63	61
n02123394_495.JPEG	0	10	63	63
n02123394_496.JPEG	12	14	52	50
n02123394_497.JPEG	0	0	63	63
n02123394_498.JPEG	1	1	63	63
n02123394_499.JPEG	5	22	61	47
