n03400231_0.JPEG	9	28	59	63
n03400231_1.JPEG	3	11	63	63
n03400231_2.JPEG	0	0	63	62
n03400231_3.JPEG	0	11	63	63
n03400231_4.JPEG	0	0	63	63
n03400231_5.JPEG	23	17	63	63
n03400231_6.JPEG	0	6	63	63
n03400231_7.JPEG	1	26	61	63
n03400231_8.JPEG	0	6	63	55
n03400231_9.JPEG	0	0	63	63
n03400231_10.JPEG	0	5	63	63
n03400231_11.JPEG	0	1	63	63
n03400231_12.JPEG	13	11	31	42
n03400231_13.JPEG	0	36	63	63
n03400231_14.JPEG	0	3	63	58
n03400231_15.JPEG	0	0	63	63
n03400231_16.JPEG	1	0	63	63
n03400231_17.JPEG	0	12	63	62
n03400231_18.JPEG	4	19	63	63
n03400231_19.JPEG	0	16	63	51
n03400231_20.JPEG	1	33	43	63
n03400231_21.JPEG	0	37	63	63
n03400231_22.JPEG	1	15	60	52
n03400231_23.JPEG	0	11	44	42
n03400231_24.JPEG	34	28	62	49
n03400231_25.JPEG	25	59	60	63
n03400231_26.JPEG	10	0	63	63
n03400231_27.JPEG	37	34	63	49
n03400231_28.JPEG	3	0	63	62
n03400231_29.JPEG	0	0	63	63
n03400231_30.JPEG	0	0	63	39
n03400231_31.JPEG	0	12	63	63
n03400231_32.JPEG	0	2	63	63
n03400231_33.JPEG	0	7	63	50
n03400231_34.JPEG	6	2	53	63
n03400231_35.JPEG	5	14	63	63
n03400231_36.JPEG	0	13	63	51
n03400231_37.JPEG	7	11	63	50
n03400231_38.JPEG	0	16	63	57
n03400231_39.JPEG	0	0	63	63
n03400231_40.JPEG	0	0	63	63
n03400231_41.JPEG	1	13	63	58
n03400231_42.JPEG	0	4	63	63
n03400231_43.JPEG	2	27	41	39
n03400231_44.JPEG	0	5	63	63
n03400231_45.JPEG	0	29	63	63
n03400231_46.JPEG	0	0	63	63
n03400231_47.JPEG	35	20	51	51
n03400231_48.JPEG	0	15	63	47
n03400231_49.JPEG	0	1	63	63
n03400231_50.JPEG	0	21	39	40
n03400231_51.JPEG	11	24	47	63
n03400231_52.JPEG	0	0	63	63
n03400231_53.JPEG	0	0	63	63
n03400231_54.JPEG	5	20	52	56
n03400231_55.JPEG	0	0	63	46
n03400231_56.JPEG	5	0	63	63
n03400231_57.JPEG	0	3	63	60
n03400231_58.JPEG	0	0	63	63
n03400231_59.JPEG	14	19	63	63
n03400231_60.JPEG	0	1	63	63
n03400231_61.JPEG	0	11	63	63
n03400231_62.JPEG	7	9	60	51
n03400231_63.JPEG	0	5	63	63
n03400231_64.JPEG	1	5	63	59
n03400231_65.JPEG	0	2	63	63
n03400231_66.JPEG	0	2	63	63
n03400231_67.JPEG	0	15	63	63
n03400231_68.JPEG	0	17	63	63
n03400231_69.JPEG	0	5	63	33
n03400231_70.JPEG	0	26	63	63
n03400231_71.JPEG	0	0	63	63
n03400231_72.JPEG	10	20	63	55
n03400231_73.JPEG	0	0	63	63
n03400231_74.JPEG	0	2	63	63
n03400231_75.JPEG	1	17	63	63
n03400231_76.JPEG	10	0	26	20
n03400231_77.JPEG	0	0	63	63
n03400231_78.JPEG	0	6	63	63
n03400231_79.JPEG	0	25	57	63
n03400231_80.JPEG	0	4	63	58
n03400231_81.JPEG	3	41	63	63
n03400231_82.JPEG	0	7	63	51
n03400231_83.JPEG	0	0	63	63
n03400231_84.JPEG	0	0	63	63
n03400231_85.JPEG	0	0	63	63
n03400231_86.JPEG	0	1	63	63
n03400231_87.JPEG	0	8	53	63
n03400231_88.JPEG	0	1	61	63
n03400231_89.JPEG	0	4	63	51
n03400231_90.JPEG	0	0	63	63
n03400231_91.JPEG	0	10	63	61
n03400231_92.JPEG	0	2	63	63
n03400231_93.JPEG	31	31	61	45
n03400231_94.JPEG	0	0	63	63
n03400231_95.JPEG	1	12	51	58
n03400231_96.JPEG	3	0	53	63
n03400231_97.JPEG	0	7	63	60
n03400231_98.JPEG	19	1	48	54
n03400231_99.JPEG	0	17	63	62
n03400231_100.JPEG	6	2	63	63
n03400231_101.JPEG	0	0	63	63
n03400231_102.JPEG	0	12	63	63
n03400231_103.JPEG	0	0	63	63
n03400231_104.JPEG	0	1	63	40
n03400231_105.JPEG	0	2	63	48
n03400231_106.JPEG	0	0	63	63
n03400231_107.JPEG	0	5	63	63
n03400231_108.JPEG	3	2	63	59
n03400231_109.JPEG	0	3	63	62
n03400231_110.JPEG	0	3	63	63
n03400231_111.JPEG	0	8	63	63
n03400231_112.JPEG	0	20	54	50
n03400231_113.JPEG	0	0	63	63
n03400231_114.JPEG	0	1	63	58
n03400231_115.JPEG	0	45	63	63
n03400231_116.JPEG	0	0	63	63
n03400231_117.JPEG	0	12	63	53
n03400231_118.JPEG	0	1	63	63
n03400231_119.JPEG	0	40	63	63
n03400231_120.JPEG	0	6	63	63
n03400231_121.JPEG	0	3	63	57
n03400231_122.JPEG	0	7	63	59
n03400231_123.JPEG	20	23	60	43
n03400231_124.JPEG	0	5	63	57
n03400231_125.JPEG	0	6	63	61
n03400231_126.JPEG	0	15	63	61
n03400231_127.JPEG	27	30	50	49
n03400231_128.JPEG	0	8	63	60
n03400231_129.JPEG	0	5	63	63
n03400231_130.JPEG	0	0	63	63
n03400231_131.JPEG	0	3	63	61
n03400231_132.JPEG	0	4	63	63
n03400231_133.JPEG	0	0	63	63
n03400231_134.JPEG	0	0	63	63
n03400231_135.JPEG	2	6	61	47
n03400231_136.JPEG	0	9	63	53
n03400231_137.JPEG	2	30	63	63
n03400231_138.JPEG	1	22	63	63
n03400231_139.JPEG	0	0	63	60
n03400231_140.JPEG	17	0	63	23
n03400231_141.JPEG	0	0	63	63
n03400231_142.JPEG	0	5	63	63
n03400231_143.JPEG	0	9	63	63
n03400231_144.JPEG	0	0	63	63
n03400231_145.JPEG	0	11	63	63
n03400231_146.JPEG	0	1	63	63
n03400231_147.JPEG	1	1	63	63
n03400231_148.JPEG	0	1	63	41
n03400231_149.JPEG	0	4	63	63
n03400231_150.JPEG	12	0	63	39
n03400231_151.JPEG	0	4	63	56
n03400231_152.JPEG	0	5	63	62
n03400231_153.JPEG	19	6	52	38
n03400231_154.JPEG	9	20	63	63
n03400231_155.JPEG	0	20	63	54
n03400231_156.JPEG	0	29	63	63
n03400231_157.JPEG	11	42	33	53
n03400231_158.JPEG	2	40	61	63
n03400231_159.JPEG	0	3	63	63
n03400231_160.JPEG	0	0	63	63
n03400231_161.JPEG	0	6	63	63
n03400231_162.JPEG	0	8	63	59
n03400231_163.JPEG	0	3	63	63
n03400231_164.JPEG	9	16	63	63
n03400231_165.JPEG	1	23	63	55
n03400231_166.JPEG	0	20	63	62
n03400231_167.JPEG	0	21	63	57
n03400231_168.JPEG	0	19	16	57
n03400231_169.JPEG	0	6	63	63
n03400231_170.JPEG	0	0	63	63
n03400231_171.JPEG	0	0	63	63
n03400231_172.JPEG	0	1	63	56
n03400231_173.JPEG	4	7	63	57
n03400231_174.JPEG	5	11	61	61
n03400231_175.JPEG	0	0	63	63
n03400231_176.JPEG	5	37	24	46
n03400231_177.JPEG	0	0	63	63
n03400231_178.JPEG	0	7	63	38
n03400231_179.JPEG	0	12	63	44
n03400231_180.JPEG	41	6	63	63
n03400231_181.JPEG	0	6	63	54
n03400231_182.JPEG	0	1	63	63
n03400231_183.JPEG	0	3	63	63
n03400231_184.JPEG	0	2	63	63
n03400231_185.JPEG	0	0	63	63
n03400231_186.JPEG	4	20	62	37
n03400231_187.JPEG	0	11	63	54
n03400231_188.JPEG	0	0	63	63
n03400231_189.JPEG	0	1	63	63
n03400231_190.JPEG	0	13	63	58
n03400231_191.JPEG	0	1	19	40
n03400231_192.JPEG	0	6	63	61
n03400231_193.JPEG	0	14	56	42
n03400231_194.JPEG	0	6	63	63
n03400231_195.JPEG	0	9	63	63
n03400231_196.JPEG	20	25	63	57
n03400231_197.JPEG	0	3	63	58
n03400231_198.JPEG	1	9	63	61
n03400231_199.JPEG	0	0	63	63
n03400231_200.JPEG	0	0	63	63
n03400231_201.JPEG	38	17	57	50
n03400231_202.JPEG	0	7	63	58
n03400231_203.JPEG	0	16	63	63
n03400231_204.JPEG	15	0	51	60
n03400231_205.JPEG	0	0	63	63
n03400231_206.JPEG	5	11	43	46
n03400231_207.JPEG	0	6	63	56
n03400231_208.JPEG	8	0	53	59
n03400231_209.JPEG	20	0	53	63
n03400231_210.JPEG	29	25	63	44
n03400231_211.JPEG	1	1	63	63
n03400231_212.JPEG	5	9	56	50
n03400231_213.JPEG	0	1	63	23
n03400231_214.JPEG	0	5	63	61
n03400231_215.JPEG	0	1	63	63
n03400231_216.JPEG	0	1	63	63
n03400231_217.JPEG	0	23	63	58
n03400231_218.JPEG	0	2	63	63
n03400231_219.JPEG	0	5	63	42
n03400231_220.JPEG	0	4	61	63
n03400231_221.JPEG	0	4	63	63
n03400231_222.JPEG	0	19	63	63
n03400231_223.JPEG	0	0	63	63
n03400231_224.JPEG	2	6	62	59
n03400231_225.JPEG	0	1	63	63
n03400231_226.JPEG	22	3	34	17
n03400231_227.JPEG	0	11	63	63
n03400231_228.JPEG	0	10	63	57
n03400231_229.JPEG	41	26	62	61
n03400231_230.JPEG	0	20	43	57
n03400231_231.JPEG	0	10	63	63
n03400231_232.JPEG	0	0	63	63
n03400231_233.JPEG	2	17	52	39
n03400231_234.JPEG	8	29	63	60
n03400231_235.JPEG	0	5	63	52
n03400231_236.JPEG	0	4	63	61
n03400231_237.JPEG	0	0	63	63
n03400231_238.JPEG	26	12	63	63
n03400231_239.JPEG	30	20	63	63
n03400231_240.JPEG	0	0	63	63
n03400231_241.JPEG	0	1	63	61
n03400231_242.JPEG	0	0	63	63
n03400231_243.JPEG	4	9	60	56
n03400231_244.JPEG	0	1	63	61
n03400231_245.JPEG	0	0	63	63
n03400231_246.JPEG	0	8	63	63
n03400231_247.JPEG	0	3	63	62
n03400231_248.JPEG	0	1	63	63
n03400231_249.JPEG	0	6	63	50
n03400231_250.JPEG	0	0	63	63
n03400231_251.JPEG	0	14	63	60
n03400231_252.JPEG	0	1	63	63
n03400231_253.JPEG	0	0	63	63
n03400231_254.JPEG	3	15	63	61
n03400231_255.JPEG	0	0	63	63
n03400231_256.JPEG	0	4	63	63
n03400231_257.JPEG	15	34	50	63
n03400231_258.JPEG	1	0	63	63
n03400231_259.JPEG	0	2	63	55
n03400231_260.JPEG	0	0	63	63
n03400231_261.JPEG	0	1	63	63
n03400231_262.JPEG	0	5	63	62
n03400231_263.JPEG	0	5	63	63
n03400231_264.JPEG	0	4	63	63
n03400231_265.JPEG	38	14	63	46
n03400231_266.JPEG	0	12	63	60
n03400231_267.JPEG	0	0	63	63
n03400231_268.JPEG	0	1	63	63
n03400231_269.JPEG	1	25	62	63
n03400231_270.JPEG	3	7	59	61
n03400231_271.JPEG	0	3	63	59
n03400231_272.JPEG	0	20	63	63
n03400231_273.JPEG	28	13	63	52
n03400231_274.JPEG	0	0	63	63
n03400231_275.JPEG	0	9	63	56
n03400231_276.JPEG	1	16	63	63
n03400231_277.JPEG	0	6	63	63
n03400231_278.JPEG	0	0	63	55
n03400231_279.JPEG	0	23	62	63
n03400231_280.JPEG	30	17	47	28
n03400231_281.JPEG	0	2	63	63
n03400231_282.JPEG	0	10	63	57
n03400231_283.JPEG	0	5	63	58
n03400231_284.JPEG	0	7	63	62
n03400231_285.JPEG	0	10	62	55
n03400231_286.JPEG	0	3	63	57
n03400231_287.JPEG	0	0	63	63
n03400231_288.JPEG	0	0	63	63
n03400231_289.JPEG	7	10	63	56
n03400231_290.JPEG	0	1	63	63
n03400231_291.JPEG	0	4	61	59
n03400231_292.JPEG	7	1	63	49
n03400231_293.JPEG	0	7	60	63
n03400231_294.JPEG	0	7	44	39
n03400231_295.JPEG	0	3	54	48
n03400231_296.JPEG	0	8	63	51
n03400231_297.JPEG	2	31	63	60
n03400231_298.JPEG	7	0	52	63
n03400231_299.JPEG	0	15	63	58
n03400231_300.JPEG	0	9	63	51
n03400231_301.JPEG	0	11	63	55
n03400231_302.JPEG	0	22	56	49
n03400231_303.JPEG	0	2	63	51
n03400231_304.JPEG	0	0	63	63
n03400231_305.JPEG	5	6	63	63
n03400231_306.JPEG	0	10	63	42
n03400231_307.JPEG	4	8	55	44
n03400231_308.JPEG	0	15	43	56
n03400231_309.JPEG	0	0	63	63
n03400231_310.JPEG	0	1	63	63
n03400231_311.JPEG	0	3	61	63
n03400231_312.JPEG	0	8	63	55
n03400231_313.JPEG	0	10	63	53
n03400231_314.JPEG	0	12	63	40
n03400231_315.JPEG	0	0	63	63
n03400231_316.JPEG	0	13	63	63
n03400231_317.JPEG	0	11	63	54
n03400231_318.JPEG	0	0	63	22
n03400231_319.JPEG	0	9	63	52
n03400231_320.JPEG	0	0	63	63
n03400231_321.JPEG	0	4	63	63
n03400231_322.JPEG	6	4	61	29
n03400231_323.JPEG	0	0	63	63
n03400231_324.JPEG	0	0	63	63
n03400231_325.JPEG	2	0	63	63
n03400231_326.JPEG	0	3	63	47
n03400231_327.JPEG	0	0	63	63
n03400231_328.JPEG	0	7	63	62
n03400231_329.JPEG	0	2	63	63
n03400231_330.JPEG	0	0	63	63
n03400231_331.JPEG	0	0	63	63
n03400231_332.JPEG	0	30	57	49
n03400231_333.JPEG	0	30	63	63
n03400231_334.JPEG	0	5	63	48
n03400231_335.JPEG	0	1	63	63
n03400231_336.JPEG	31	5	51	35
n03400231_337.JPEG	0	12	63	50
n03400231_338.JPEG	0	17	61	63
n03400231_339.JPEG	0	0	63	63
n03400231_340.JPEG	0	1	63	63
n03400231_341.JPEG	0	5	63	63
n03400231_342.JPEG	0	3	63	60
n03400231_343.JPEG	2	0	59	63
n03400231_344.JPEG	0	26	63	63
n03400231_345.JPEG	0	0	63	63
n03400231_346.JPEG	0	16	63	61
n03400231_347.JPEG	12	35	63	53
n03400231_348.JPEG	2	0	59	63
n03400231_349.JPEG	0	8	63	60
n03400231_350.JPEG	0	11	63	60
n03400231_351.JPEG	0	40	53	62
n03400231_352.JPEG	0	3	63	63
n03400231_353.JPEG	0	6	63	63
n03400231_354.JPEG	0	0	63	63
n03400231_355.JPEG	0	5	63	63
n03400231_356.JPEG	0	0	63	63
n03400231_357.JPEG	0	6	63	63
n03400231_358.JPEG	0	16	63	63
n03400231_359.JPEG	0	9	59	57
n03400231_360.JPEG	2	10	58	56
n03400231_361.JPEG	0	1	63	63
n03400231_362.JPEG	0	16	58	47
n03400231_363.JPEG	1	28	60	51
n03400231_364.JPEG	10	3	24	26
n03400231_365.JPEG	1	46	53	63
n03400231_366.JPEG	0	19	63	63
n03400231_367.JPEG	40	29	58	49
n03400231_368.JPEG	0	2	63	33
n03400231_369.JPEG	0	2	57	63
n03400231_370.JPEG	0	6	63	63
n03400231_371.JPEG	0	0	63	63
n03400231_372.JPEG	4	20	60	63
n03400231_373.JPEG	0	0	63	63
n03400231_374.JPEG	0	1	63	63
n03400231_375.JPEG	0	14	63	57
n03400231_376.JPEG	1	3	63	57
n03400231_377.JPEG	2	13	63	56
n03400231_378.JPEG	0	6	33	60
n03400231_379.JPEG	0	0	63	63
n03400231_380.JPEG	0	6	63	57
n03400231_381.JPEG	0	2	63	63
n03400231_382.JPEG	0	3	63	63
n03400231_383.JPEG	0	0	63	60
n03400231_384.JPEG	0	0	63	63
n03400231_385.JPEG	0	1	63	58
n03400231_386.JPEG	0	15	63	63
n03400231_387.JPEG	0	6	63	56
n03400231_388.JPEG	0	12	63	56
n03400231_389.JPEG	0	4	21	58
n03400231_390.JPEG	0	2	63	63
n03400231_391.JPEG	0	17	63	39
n03400231_392.JPEG	0	7	63	63
n03400231_393.JPEG	0	2	63	62
n03400231_394.JPEG	0	1	63	63
n03400231_395.JPEG	0	3	63	63
n03400231_396.JPEG	20	11	63	47
n03400231_397.JPEG	0	4	63	63
n03400231_398.JPEG	0	0	63	63
n03400231_399.JPEG	2	12	62	39
n03400231_400.JPEG	0	26	63	53
n03400231_401.JPEG	21	24	63	46
n03400231_402.JPEG	0	0	63	63
n03400231_403.JPEG	0	1	63	63
n03400231_404.JPEG	35	10	63	46
n03400231_405.JPEG	3	37	63	56
n03400231_406.JPEG	0	2	63	63
n03400231_407.JPEG	9	21	63	62
n03400231_408.JPEG	0	10	53	31
n03400231_409.JPEG	0	12	63	44
n03400231_410.JPEG	1	2	63	63
n03400231_411.JPEG	0	5	63	61
n03400231_412.JPEG	0	2	63	63
n03400231_413.JPEG	0	11	63	63
n03400231_414.JPEG	0	1	37	27
n03400231_415.JPEG	0	1	63	63
n03400231_416.JPEG	0	1	63	63
n03400231_417.JPEG	0	0	63	63
n03400231_418.JPEG	0	3	63	63
n03400231_419.JPEG	0	8	63	60
n03400231_420.JPEG	3	41	63	63
n03400231_421.JPEG	13	16	63	61
n03400231_422.JPEG	0	10	63	63
n03400231_423.JPEG	0	1	63	63
n03400231_424.JPEG	0	15	35	55
n03400231_425.JPEG	0	11	63	63
n03400231_426.JPEG	0	1	63	63
n03400231_427.JPEG	0	0	63	63
n03400231_428.JPEG	36	13	63	62
n03400231_429.JPEG	15	4	49	24
n03400231_430.JPEG	0	1	63	63
n03400231_431.JPEG	2	4	63	63
n03400231_432.JPEG	17	0	26	10
n03400231_433.JPEG	0	0	63	63
n03400231_434.JPEG	0	1	63	63
n03400231_435.JPEG	0	4	63	63
n03400231_436.JPEG	23	11	54	49
n03400231_437.JPEG	0	0	62	60
n03400231_438.JPEG	0	10	63	63
n03400231_439.JPEG	43	12	63	51
n03400231_440.JPEG	0	3	63	40
n03400231_441.JPEG	14	30	61	57
n03400231_442.JPEG	0	2	63	63
n03400231_443.JPEG	10	10	63	44
n03400231_444.JPEG	0	3	63	50
n03400231_445.JPEG	38	10	63	55
n03400231_446.JPEG	0	6	63	52
n03400231_447.JPEG	3	0	62	63
n03400231_448.JPEG	1	4	63	63
n03400231_449.JPEG	0	7	62	26
n03400231_450.JPEG	0	22	32	63
n03400231_451.JPEG	0	6	63	56
n03400231_452.JPEG	0	0	63	63
n03400231_453.JPEG	22	14	61	29
n03400231_454.JPEG	0	1	63	63
n03400231_455.JPEG	0	21	63	63
n03400231_456.JPEG	34	13	63	36
n03400231_457.JPEG	0	14	63	63
n03400231_458.JPEG	6	0	48	63
n03400231_459.JPEG	17	0	63	63
n03400231_460.JPEG	0	1	63	63
n03400231_461.JPEG	2	33	32	63
n03400231_462.JPEG	20	37	44	49
n03400231_463.JPEG	0	6	63	63
n03400231_464.JPEG	0	0	63	63
n03400231_465.JPEG	0	4	63	63
n03400231_466.JPEG	0	0	63	63
n03400231_467.JPEG	0	0	63	63
n03400231_468.JPEG	0	4	63	55
n03400231_469.JPEG	0	16	63	63
n03400231_470.JPEG	0	0	63	63
n03400231_471.JPEG	0	0	63	63
n03400231_472.JPEG	0	25	46	63
n03400231_473.JPEG	15	36	42	59
n03400231_474.JPEG	3	20	63	43
n03400231_475.JPEG	0	1	63	63
n03400231_476.JPEG	0	1	63	63
n03400231_477.JPEG	0	1	63	63
n03400231_478.JPEG	0	11	63	63
n03400231_479.JPEG	0	6	63	60
n03400231_480.JPEG	0	0	63	63
n03400231_481.JPEG	20	35	47	63
n03400231_482.JPEG	0	0	63	63
n03400231_483.JPEG	0	0	63	63
n03400231_484.JPEG	0	0	63	63
n03400231_485.JPEG	0	1	63	63
n03400231_486.JPEG	0	0	63	63
n03400231_487.JPEG	1	2	63	63
n03400231_488.JPEG	0	0	63	63
n03400231_489.JPEG	0	17	63	63
n03400231_490.JPEG	0	5	63	63
n03400231_491.JPEG	0	37	33	63
n03400231_492.JPEG	0	8	63	59
n03400231_493.JPEG	0	3	63	63
n03400231_494.JPEG	0	8	63	63
n03400231_495.JPEG	0	19	53	39
n03400231_496.JPEG	0	0	63	62
n03400231_497.JPEG	0	27	63	43
n03400231_498.JPEG	0	26	63	63
n03400231_499.JPEG	0	13	63	63
