n03026506_0.JPEG	11	5	52	63
n03026506_1.JPEG	8	0	61	63
n03026506_2.JPEG	12	0	47	63
n03026506_3.JPEG	9	0	58	63
n03026506_4.JPEG	1	2	60	63
n03026506_5.JPEG	0	8	63	58
n03026506_6.JPEG	16	0	48	60
n03026506_7.JPEG	0	0	28	59
n03026506_8.JPEG	0	0	63	53
n03026506_9.JPEG	9	0	55	63
n03026506_10.JPEG	49	8	63	60
n03026506_11.JPEG	10	0	58	63
n03026506_12.JPEG	12	1	58	63
n03026506_13.JPEG	0	0	63	63
n03026506_14.JPEG	0	0	57	63
n03026506_15.JPEG	3	0	59	63
n03026506_16.JPEG	21	7	63	57
n03026506_17.JPEG	0	0	60	63
n03026506_18.JPEG	2	0	61	63
n03026506_19.JPEG	4	0	57	63
n03026506_20.JPEG	0	0	40	63
n03026506_21.JPEG	11	0	55	63
n03026506_22.JPEG	18	0	54	63
n03026506_23.JPEG	7	0	58	63
n03026506_24.JPEG	14	0	44	63
n03026506_25.JPEG	6	0	57	63
n03026506_26.JPEG	20	3	54	62
n03026506_27.JPEG	0	14	52	46
n03026506_28.JPEG	7	0	55	63
n03026506_29.JPEG	11	7	55	63
n03026506_30.JPEG	0	17	63	60
n03026506_31.JPEG	0	19	12	63
n03026506_32.JPEG	2	35	63	59
n03026506_33.JPEG	6	0	58	63
n03026506_34.JPEG	5	0	58	63
n03026506_35.JPEG	0	0	63	63
n03026506_36.JPEG	34	6	45	30
n03026506_37.JPEG	15	0	56	63
n03026506_38.JPEG	5	0	63	63
n03026506_39.JPEG	1	0	63	63
n03026506_40.JPEG	10	0	58	63
n03026506_41.JPEG	2	0	63	63
n03026506_42.JPEG	0	3	43	58
n03026506_43.JPEG	12	0	50	60
n03026506_44.JPEG	0	22	39	54
n03026506_45.JPEG	9	0	54	63
n03026506_46.JPEG	26	40	61	58
n03026506_47.JPEG	0	0	63	63
n03026506_48.JPEG	3	0	62	63
n03026506_49.JPEG	14	0	53	32
n03026506_50.JPEG	0	0	37	61
n03026506_51.JPEG	24	32	44	63
n03026506_52.JPEG	9	0	58	63
n03026506_53.JPEG	2	0	63	63
n03026506_54.JPEG	14	0	56	63
n03026506_55.JPEG	2	0	60	63
n03026506_56.JPEG	11	5	51	57
n03026506_57.JPEG	6	1	56	63
n03026506_58.JPEG	14	8	59	63
n03026506_59.JPEG	1	6	63	62
n03026506_60.JPEG	13	0	57	63
n03026506_61.JPEG	9	0	63	63
n03026506_62.JPEG	0	0	63	63
n03026506_63.JPEG	5	0	62	63
n03026506_64.JPEG	7	0	63	63
n03026506_65.JPEG	11	0	61	63
n03026506_66.JPEG	45	28	63	63
n03026506_67.JPEG	10	0	39	63
n03026506_68.JPEG	1	0	56	63
n03026506_69.JPEG	16	0	52	63
n03026506_70.JPEG	1	0	63	63
n03026506_71.JPEG	0	6	63	63
n03026506_72.JPEG	4	0	58	63
n03026506_73.JPEG	6	0	57	63
n03026506_74.JPEG	17	0	52	63
n03026506_75.JPEG	5	0	59	63
n03026506_76.JPEG	11	2	51	63
n03026506_77.JPEG	16	0	54	63
n03026506_78.JPEG	16	0	63	63
n03026506_79.JPEG	5	0	52	63
n03026506_80.JPEG	5	0	53	63
n03026506_81.JPEG	2	0	61	63
n03026506_82.JPEG	0	5	63	56
n03026506_83.JPEG	8	12	31	57
n03026506_84.JPEG	14	20	50	63
n03026506_85.JPEG	15	20	62	63
n03026506_86.JPEG	6	0	57	63
n03026506_87.JPEG	1	0	62	63
n03026506_88.JPEG	0	4	63	61
n03026506_89.JPEG	9	8	39	54
n03026506_90.JPEG	2	0	62	63
n03026506_91.JPEG	0	0	63	63
n03026506_92.JPEG	6	0	58	63
n03026506_93.JPEG	31	0	59	58
n03026506_94.JPEG	2	0	60	63
n03026506_95.JPEG	13	0	55	63
n03026506_96.JPEG	3	0	63	63
n03026506_97.JPEG	1	43	63	63
n03026506_98.JPEG	22	0	47	42
n03026506_99.JPEG	1	0	60	63
n03026506_100.JPEG	11	0	63	63
n03026506_101.JPEG	8	0	55	63
n03026506_102.JPEG	9	0	62	63
n03026506_103.JPEG	3	0	62	63
n03026506_104.JPEG	1	0	60	63
n03026506_105.JPEG	18	6	44	60
n03026506_106.JPEG	38	0	63	45
n03026506_107.JPEG	13	12	63	52
n03026506_108.JPEG	0	26	22	63
n03026506_109.JPEG	3	0	61	63
n03026506_110.JPEG	4	0	57	63
n03026506_111.JPEG	19	3	50	59
n03026506_112.JPEG	0	0	59	63
n03026506_113.JPEG	4	0	55	63
n03026506_114.JPEG	0	1	47	63
n03026506_115.JPEG	1	0	62	63
n03026506_116.JPEG	0	0	63	63
n03026506_117.JPEG	0	20	21	62
n03026506_118.JPEG	2	0	63	63
n03026506_119.JPEG	0	3	63	63
n03026506_120.JPEG	2	0	63	63
n03026506_121.JPEG	1	0	54	63
n03026506_122.JPEG	7	0	51	63
n03026506_123.JPEG	27	0	54	54
n03026506_124.JPEG	10	0	56	63
n03026506_125.JPEG	11	0	62	63
n03026506_126.JPEG	17	23	38	48
n03026506_127.JPEG	0	0	63	63
n03026506_128.JPEG	2	0	62	63
n03026506_129.JPEG	0	4	63	62
n03026506_130.JPEG	6	0	57	63
n03026506_131.JPEG	7	0	44	63
n03026506_132.JPEG	7	0	48	63
n03026506_133.JPEG	9	14	59	63
n03026506_134.JPEG	19	22	44	63
n03026506_135.JPEG	9	0	51	63
n03026506_136.JPEG	10	0	49	63
n03026506_137.JPEG	0	1	63	63
n03026506_138.JPEG	9	0	50	63
n03026506_139.JPEG	37	0	63	63
n03026506_140.JPEG	41	9	55	26
n03026506_141.JPEG	5	0	61	63
n03026506_142.JPEG	32	27	50	53
n03026506_143.JPEG	31	4	62	56
n03026506_144.JPEG	16	0	63	63
n03026506_145.JPEG	3	0	50	63
n03026506_146.JPEG	0	0	63	63
n03026506_147.JPEG	11	0	43	63
n03026506_148.JPEG	13	0	36	55
n03026506_149.JPEG	1	1	35	54
n03026506_150.JPEG	6	0	63	63
n03026506_151.JPEG	0	0	63	63
n03026506_152.JPEG	3	2	57	63
n03026506_153.JPEG	7	0	63	63
n03026506_154.JPEG	1	0	63	63
n03026506_155.JPEG	14	0	43	56
n03026506_156.JPEG	11	9	52	58
n03026506_157.JPEG	10	7	55	63
n03026506_158.JPEG	16	0	38	63
n03026506_159.JPEG	8	3	61	62
n03026506_160.JPEG	8	3	63	63
n03026506_161.JPEG	7	0	56	63
n03026506_162.JPEG	3	0	63	63
n03026506_163.JPEG	7	0	63	63
n03026506_164.JPEG	0	1	63	63
n03026506_165.JPEG	3	0	55	63
n03026506_166.JPEG	1	0	63	63
n03026506_167.JPEG	5	0	58	63
n03026506_168.JPEG	1	0	63	63
n03026506_169.JPEG	10	0	53	63
n03026506_170.JPEG	12	0	55	63
n03026506_171.JPEG	10	0	52	63
n03026506_172.JPEG	8	0	61	63
n03026506_173.JPEG	5	0	55	63
n03026506_174.JPEG	0	0	63	63
n03026506_175.JPEG	2	0	60	63
n03026506_176.JPEG	0	13	44	63
n03026506_177.JPEG	9	3	44	63
n03026506_178.JPEG	6	0	49	63
n03026506_179.JPEG	2	0	63	63
n03026506_180.JPEG	6	0	60	63
n03026506_181.JPEG	0	2	63	60
n03026506_182.JPEG	15	6	50	56
n03026506_183.JPEG	0	0	56	63
n03026506_184.JPEG	0	15	50	63
n03026506_185.JPEG	2	0	63	63
n03026506_186.JPEG	17	8	50	45
n03026506_187.JPEG	49	15	57	47
n03026506_188.JPEG	5	0	61	63
n03026506_189.JPEG	0	1	63	63
n03026506_190.JPEG	8	0	59	63
n03026506_191.JPEG	7	0	59	63
n03026506_192.JPEG	2	0	63	63
n03026506_193.JPEG	0	0	63	63
n03026506_194.JPEG	20	11	44	61
n03026506_195.JPEG	49	6	63	62
n03026506_196.JPEG	16	19	28	44
n03026506_197.JPEG	2	1	54	63
n03026506_198.JPEG	0	0	63	63
n03026506_199.JPEG	18	0	63	63
n03026506_200.JPEG	8	0	61	63
n03026506_201.JPEG	23	8	48	51
n03026506_202.JPEG	5	0	53	63
n03026506_203.JPEG	6	0	61	63
n03026506_204.JPEG	0	5	63	60
n03026506_205.JPEG	2	10	43	59
n03026506_206.JPEG	9	0	55	63
n03026506_207.JPEG	4	0	61	63
n03026506_208.JPEG	14	0	37	63
n03026506_209.JPEG	2	1	59	63
n03026506_210.JPEG	7	0	55	63
n03026506_211.JPEG	0	11	48	63
n03026506_212.JPEG	12	10	55	63
n03026506_213.JPEG	16	0	50	63
n03026506_214.JPEG	0	1	57	54
n03026506_215.JPEG	8	0	53	63
n03026506_216.JPEG	6	0	58	63
n03026506_217.JPEG	7	0	52	63
n03026506_218.JPEG	8	0	56	63
n03026506_219.JPEG	25	0	62	63
n03026506_220.JPEG	10	20	34	63
n03026506_221.JPEG	13	17	56	63
n03026506_222.JPEG	1	0	63	63
n03026506_223.JPEG	3	0	63	63
n03026506_224.JPEG	1	0	51	63
n03026506_225.JPEG	33	0	56	60
n03026506_226.JPEG	10	0	55	63
n03026506_227.JPEG	6	30	60	62
n03026506_228.JPEG	8	0	52	63
n03026506_229.JPEG	1	8	63	63
n03026506_230.JPEG	18	2	42	55
n03026506_231.JPEG	10	0	50	63
n03026506_232.JPEG	14	0	61	63
n03026506_233.JPEG	8	0	53	63
n03026506_234.JPEG	4	1	57	63
n03026506_235.JPEG	16	0	55	63
n03026506_236.JPEG	5	0	61	63
n03026506_237.JPEG	24	23	30	30
n03026506_238.JPEG	0	26	11	54
n03026506_239.JPEG	32	28	57	63
n03026506_240.JPEG	12	0	60	63
n03026506_241.JPEG	0	17	45	52
n03026506_242.JPEG	11	0	51	63
n03026506_243.JPEG	33	23	50	63
n03026506_244.JPEG	5	0	63	63
n03026506_245.JPEG	12	1	53	63
n03026506_246.JPEG	19	15	31	38
n03026506_247.JPEG	0	15	63	52
n03026506_248.JPEG	1	0	63	63
n03026506_249.JPEG	5	0	60	63
n03026506_250.JPEG	0	1	63	63
n03026506_251.JPEG	12	2	63	54
n03026506_252.JPEG	10	4	61	45
n03026506_253.JPEG	14	0	52	63
n03026506_254.JPEG	2	0	38	63
n03026506_255.JPEG	13	14	63	63
n03026506_256.JPEG	5	0	62	63
n03026506_257.JPEG	4	4	63	62
n03026506_258.JPEG	1	0	23	27
n03026506_259.JPEG	7	9	53	61
n03026506_260.JPEG	1	0	61	63
n03026506_261.JPEG	8	0	59	63
n03026506_262.JPEG	0	9	63	53
n03026506_263.JPEG	0	10	63	41
n03026506_264.JPEG	21	20	33	36
n03026506_265.JPEG	6	0	60	63
n03026506_266.JPEG	8	0	50	63
n03026506_267.JPEG	3	0	61	63
n03026506_268.JPEG	13	4	59	62
n03026506_269.JPEG	6	0	56	63
n03026506_270.JPEG	10	0	58	63
n03026506_271.JPEG	14	0	63	63
n03026506_272.JPEG	23	23	59	63
n03026506_273.JPEG	19	5	48	61
n03026506_274.JPEG	18	0	44	53
n03026506_275.JPEG	8	0	58	63
n03026506_276.JPEG	45	19	61	45
n03026506_277.JPEG	9	5	58	63
n03026506_278.JPEG	13	0	57	63
n03026506_279.JPEG	6	0	60	63
n03026506_280.JPEG	19	25	49	63
n03026506_281.JPEG	11	0	60	63
n03026506_282.JPEG	10	0	55	63
n03026506_283.JPEG	0	16	63	62
n03026506_284.JPEG	1	0	62	63
n03026506_285.JPEG	20	9	43	56
n03026506_286.JPEG	0	2	63	63
n03026506_287.JPEG	9	0	57	63
n03026506_288.JPEG	18	0	49	63
n03026506_289.JPEG	19	0	58	63
n03026506_290.JPEG	11	0	46	63
n03026506_291.JPEG	4	0	61	63
n03026506_292.JPEG	18	0	57	63
n03026506_293.JPEG	13	0	54	63
n03026506_294.JPEG	8	0	59	63
n03026506_295.JPEG	9	3	63	63
n03026506_296.JPEG	9	0	59	63
n03026506_297.JPEG	3	0	61	63
n03026506_298.JPEG	7	0	40	47
n03026506_299.JPEG	9	0	47	63
n03026506_300.JPEG	2	0	62	63
n03026506_301.JPEG	13	0	52	63
n03026506_302.JPEG	18	0	58	63
n03026506_303.JPEG	4	0	62	63
n03026506_304.JPEG	12	0	63	63
n03026506_305.JPEG	10	0	62	63
n03026506_306.JPEG	1	0	63	63
n03026506_307.JPEG	3	23	26	60
n03026506_308.JPEG	2	1	63	63
n03026506_309.JPEG	12	7	43	58
n03026506_310.JPEG	1	0	63	63
n03026506_311.JPEG	2	0	61	63
n03026506_312.JPEG	5	0	62	63
n03026506_313.JPEG	3	0	62	63
n03026506_314.JPEG	2	0	63	63
n03026506_315.JPEG	10	0	56	49
n03026506_316.JPEG	20	0	50	63
n03026506_317.JPEG	15	0	50	63
n03026506_318.JPEG	23	20	63	63
n03026506_319.JPEG	9	1	55	63
n03026506_320.JPEG	2	0	57	63
n03026506_321.JPEG	1	0	62	63
n03026506_322.JPEG	0	2	63	63
n03026506_323.JPEG	19	0	49	63
n03026506_324.JPEG	30	1	55	41
n03026506_325.JPEG	1	0	63	63
n03026506_326.JPEG	11	22	63	63
n03026506_327.JPEG	4	0	61	63
n03026506_328.JPEG	8	0	59	63
n03026506_329.JPEG	3	0	63	63
n03026506_330.JPEG	11	3	41	60
n03026506_331.JPEG	12	4	51	62
n03026506_332.JPEG	1	0	63	63
n03026506_333.JPEG	4	0	63	63
n03026506_334.JPEG	10	0	55	63
n03026506_335.JPEG	12	2	55	61
n03026506_336.JPEG	9	36	47	63
n03026506_337.JPEG	3	0	58	63
n03026506_338.JPEG	9	0	61	63
n03026506_339.JPEG	3	0	63	63
n03026506_340.JPEG	2	0	60	63
n03026506_341.JPEG	0	4	63	60
n03026506_342.JPEG	33	30	58	63
n03026506_343.JPEG	8	0	53	63
n03026506_344.JPEG	1	0	63	63
n03026506_345.JPEG	1	0	63	63
n03026506_346.JPEG	13	0	50	63
n03026506_347.JPEG	5	5	56	58
n03026506_348.JPEG	3	0	63	63
n03026506_349.JPEG	16	0	57	63
n03026506_350.JPEG	8	1	61	63
n03026506_351.JPEG	5	0	63	63
n03026506_352.JPEG	10	15	17	58
n03026506_353.JPEG	24	37	63	63
n03026506_354.JPEG	4	0	63	63
n03026506_355.JPEG	3	29	63	63
n03026506_356.JPEG	0	7	60	63
n03026506_357.JPEG	6	0	59	63
n03026506_358.JPEG	14	0	52	63
n03026506_359.JPEG	40	20	63	62
n03026506_360.JPEG	8	7	54	63
n03026506_361.JPEG	0	0	63	63
n03026506_362.JPEG	1	0	63	63
n03026506_363.JPEG	11	0	48	63
n03026506_364.JPEG	1	0	62	63
n03026506_365.JPEG	0	0	63	63
n03026506_366.JPEG	12	0	54	63
n03026506_367.JPEG	0	0	63	58
n03026506_368.JPEG	8	10	31	63
n03026506_369.JPEG	27	1	63	63
n03026506_370.JPEG	12	0	54	63
n03026506_371.JPEG	2	23	27	53
n03026506_372.JPEG	11	0	56	63
n03026506_373.JPEG	8	0	54	63
n03026506_374.JPEG	0	0	63	63
n03026506_375.JPEG	13	0	59	63
n03026506_376.JPEG	15	0	55	63
n03026506_377.JPEG	4	0	59	63
n03026506_378.JPEG	12	7	61	63
n03026506_379.JPEG	12	0	55	63
n03026506_380.JPEG	3	0	62	63
n03026506_381.JPEG	9	0	58	63
n03026506_382.JPEG	0	0	63	59
n03026506_383.JPEG	31	40	44	63
n03026506_384.JPEG	9	0	57	63
n03026506_385.JPEG	19	14	46	63
n03026506_386.JPEG	0	4	37	63
n03026506_387.JPEG	14	0	51	63
n03026506_388.JPEG	0	21	29	61
n03026506_389.JPEG	11	4	47	57
n03026506_390.JPEG	2	0	63	63
n03026506_391.JPEG	3	0	54	63
n03026506_392.JPEG	6	0	60	63
n03026506_393.JPEG	0	4	19	58
n03026506_394.JPEG	9	0	53	63
n03026506_395.JPEG	6	0	52	63
n03026506_396.JPEG	8	0	49	51
n03026506_397.JPEG	10	0	63	63
n03026506_398.JPEG	15	0	56	63
n03026506_399.JPEG	14	7	49	63
n03026506_400.JPEG	13	8	53	63
n03026506_401.JPEG	15	0	63	63
n03026506_402.JPEG	18	0	58	63
n03026506_403.JPEG	21	16	51	63
n03026506_404.JPEG	1	8	63	63
n03026506_405.JPEG	13	0	58	63
n03026506_406.JPEG	10	0	47	63
n03026506_407.JPEG	22	3	47	61
n03026506_408.JPEG	0	0	63	63
n03026506_409.JPEG	0	40	46	63
n03026506_410.JPEG	2	0	57	63
n03026506_411.JPEG	19	17	45	49
n03026506_412.JPEG	18	10	42	60
n03026506_413.JPEG	2	0	59	63
n03026506_414.JPEG	10	0	59	63
n03026506_415.JPEG	2	0	61	63
n03026506_416.JPEG	8	5	59	63
n03026506_417.JPEG	15	1	63	63
n03026506_418.JPEG	1	0	63	63
n03026506_419.JPEG	5	0	63	63
n03026506_420.JPEG	13	1	63	63
n03026506_421.JPEG	3	0	56	63
n03026506_422.JPEG	2	0	53	63
n03026506_423.JPEG	21	12	47	58
n03026506_424.JPEG	14	0	61	63
n03026506_425.JPEG	0	0	61	63
n03026506_426.JPEG	20	5	62	41
n03026506_427.JPEG	15	0	39	48
n03026506_428.JPEG	22	0	54	52
n03026506_429.JPEG	6	0	57	63
n03026506_430.JPEG	11	0	51	63
n03026506_431.JPEG	11	0	63	63
n03026506_432.JPEG	5	0	56	63
n03026506_433.JPEG	16	25	52	53
n03026506_434.JPEG	0	0	63	63
n03026506_435.JPEG	8	0	55	63
n03026506_436.JPEG	7	0	49	63
n03026506_437.JPEG	10	0	62	63
n03026506_438.JPEG	2	20	50	63
n03026506_439.JPEG	17	0	52	63
n03026506_440.JPEG	5	0	58	63
n03026506_441.JPEG	0	13	63	58
n03026506_442.JPEG	23	29	34	53
n03026506_443.JPEG	2	0	63	63
n03026506_444.JPEG	11	3	56	61
n03026506_445.JPEG	18	0	47	63
n03026506_446.JPEG	6	0	54	63
n03026506_447.JPEG	5	0	41	63
n03026506_448.JPEG	9	18	39	63
n03026506_449.JPEG	10	0	63	63
n03026506_450.JPEG	12	0	52	63
n03026506_451.JPEG	2	3	37	63
n03026506_452.JPEG	0	1	63	63
n03026506_453.JPEG	5	0	61	63
n03026506_454.JPEG	2	0	60	63
n03026506_455.JPEG	9	0	44	63
n03026506_456.JPEG	3	0	63	63
n03026506_457.JPEG	3	0	61	63
n03026506_458.JPEG	5	28	60	50
n03026506_459.JPEG	0	0	61	63
n03026506_460.JPEG	10	0	60	63
n03026506_461.JPEG	4	0	61	63
n03026506_462.JPEG	12	4	53	63
n03026506_463.JPEG	3	0	56	63
n03026506_464.JPEG	1	0	56	63
n03026506_465.JPEG	18	0	49	63
n03026506_466.JPEG	10	0	54	63
n03026506_467.JPEG	9	16	45	63
n03026506_468.JPEG	7	0	63	63
n03026506_469.JPEG	1	0	63	63
n03026506_470.JPEG	5	0	63	63
n03026506_471.JPEG	6	0	56	63
n03026506_472.JPEG	10	0	53	63
n03026506_473.JPEG	0	1	63	63
n03026506_474.JPEG	0	0	63	63
n03026506_475.JPEG	20	0	49	63
n03026506_476.JPEG	11	33	48	63
n03026506_477.JPEG	21	1	49	53
n03026506_478.JPEG	21	9	54	63
n03026506_479.JPEG	23	0	50	54
n03026506_480.JPEG	12	0	54	60
n03026506_481.JPEG	11	0	58	63
n03026506_482.JPEG	17	0	46	63
n03026506_483.JPEG	2	0	50	63
n03026506_484.JPEG	4	0	63	63
n03026506_485.JPEG	6	0	55	63
n03026506_486.JPEG	1	0	62	63
n03026506_487.JPEG	32	0	58	63
n03026506_488.JPEG	8	0	34	47
n03026506_489.JPEG	3	0	58	63
n03026506_490.JPEG	10	0	57	63
n03026506_491.JPEG	4	0	61	63
n03026506_492.JPEG	1	0	63	63
n03026506_493.JPEG	9	0	55	63
n03026506_494.JPEG	8	0	52	63
n03026506_495.JPEG	11	0	60	63
n03026506_496.JPEG	9	0	59	63
n03026506_497.JPEG	4	0	61	63
n03026506_498.JPEG	24	3	49	63
n03026506_499.JPEG	6	0	63	63
