n01629819_0.JPEG	13	19	55	42
n01629819_1.JPEG	15	31	41	39
n01629819_2.JPEG	11	4	55	44
n01629819_3.JPEG	0	10	63	62
n01629819_4.JPEG	0	17	54	48
n01629819_5.JPEG	7	14	63	63
n01629819_6.JPEG	14	21	59	41
n01629819_7.JPEG	5	13	53	57
n01629819_8.JPEG	0	4	63	61
n01629819_9.JPEG	20	17	45	45
n01629819_10.JPEG	0	4	63	48
n01629819_11.JPEG	29	9	46	33
n01629819_12.JPEG	6	13	63	51
n01629819_13.JPEG	9	1	63	57
n01629819_14.JPEG	7	9	58	55
n01629819_15.JPEG	0	16	63	58
n01629819_16.JPEG	10	26	63	46
n01629819_17.JPEG	12	15	59	40
n01629819_18.JPEG	2	17	63	60
n01629819_19.JPEG	0	24	63	60
n01629819_20.JPEG	0	7	63	63
n01629819_21.JPEG	15	6	63	53
n01629819_22.JPEG	0	1	51	47
n01629819_23.JPEG	19	14	62	45
n01629819_24.JPEG	1	18	63	51
n01629819_25.JPEG	0	9	63	56
n01629819_26.JPEG	3	13	63	60
n01629819_27.JPEG	0	2	63	58
n01629819_28.JPEG	2	6	63	58
n01629819_29.JPEG	0	21	60	44
n01629819_30.JPEG	0	18	63	54
n01629819_31.JPEG	0	26	63	48
n01629819_32.JPEG	0	9	63	51
n01629819_33.JPEG	0	15	50	63
n01629819_34.JPEG	25	24	61	50
n01629819_35.JPEG	43	33	63	46
n01629819_36.JPEG	0	25	60	54
n01629819_37.JPEG	17	4	41	59
n01629819_38.JPEG	6	24	34	62
n01629819_39.JPEG	0	15	61	63
n01629819_40.JPEG	0	12	50	48
n01629819_41.JPEG	0	21	63	44
n01629819_42.JPEG	27	12	43	61
n01629819_43.JPEG	5	28	58	39
n01629819_44.JPEG	2	12	61	63
n01629819_45.JPEG	2	10	63	47
n01629819_46.JPEG	0	13	60	56
n01629819_47.JPEG	0	14	63	51
n01629819_48.JPEG	1	4	62	61
n01629819_49.JPEG	0	5	63	39
n01629819_50.JPEG	0	0	63	59
n01629819_51.JPEG	0	0	61	63
n01629819_52.JPEG	20	12	46	63
n01629819_53.JPEG	16	16	45	35
n01629819_54.JPEG	20	12	63	49
n01629819_55.JPEG	17	0	39	63
n01629819_56.JPEG	10	16	41	54
n01629819_57.JPEG	0	1	63	54
n01629819_58.JPEG	14	16	52	57
n01629819_59.JPEG	4	9	49	61
n01629819_60.JPEG	0	15	63	63
n01629819_61.JPEG	0	25	48	43
n01629819_62.JPEG	2	17	63	46
n01629819_63.JPEG	2	23	51	52
n01629819_64.JPEG	0	9	63	60
n01629819_65.JPEG	0	2	63	63
n01629819_66.JPEG	1	26	52	43
n01629819_67.JPEG	2	10	54	44
n01629819_68.JPEG	6	21	44	54
n01629819_69.JPEG	22	22	57	63
n01629819_70.JPEG	16	19	53	62
n01629819_71.JPEG	0	11	63	42
n01629819_72.JPEG	2	22	63	61
n01629819_73.JPEG	0	1	63	60
n01629819_74.JPEG	11	23	63	48
n01629819_75.JPEG	1	3	63	60
n01629819_76.JPEG	21	2	52	63
n01629819_77.JPEG	0	22	56	52
n01629819_78.JPEG	0	13	37	56
n01629819_79.JPEG	0	1	63	58
n01629819_80.JPEG	7	25	51	56
n01629819_81.JPEG	16	6	55	51
n01629819_82.JPEG	0	27	63	52
n01629819_83.JPEG	0	12	63	63
n01629819_84.JPEG	16	29	45	42
n01629819_85.JPEG	19	11	63	52
n01629819_86.JPEG	17	21	63	50
n01629819_87.JPEG	0	1	63	52
n01629819_88.JPEG	22	27	50	40
n01629819_89.JPEG	0	13	63	49
n01629819_90.JPEG	0	11	63	63
n01629819_91.JPEG	2	0	61	63
n01629819_92.JPEG	0	22	63	55
n01629819_93.JPEG	7	21	63	50
n01629819_94.JPEG	7	16	61	51
n01629819_95.JPEG	17	32	63	61
n01629819_96.JPEG	0	13	58	61
n01629819_97.JPEG	3	5	61	60
n01629819_98.JPEG	7	14	60	46
n01629819_99.JPEG	19	0	43	63
n01629819_100.JPEG	0	15	63	56
n01629819_101.JPEG	8	24	49	37
n01629819_102.JPEG	5	25	63	63
n01629819_103.JPEG	2	8	59	63
n01629819_104.JPEG	0	26	63	47
n01629819_105.JPEG	6	13	59	60
n01629819_106.JPEG	0	12	63	44
n01629819_107.JPEG	15	16	60	36
n01629819_108.JPEG	0	5	63	58
n01629819_109.JPEG	0	31	63	57
n01629819_110.JPEG	12	8	59	57
n01629819_111.JPEG	22	12	44	63
n01629819_112.JPEG	0	9	63	37
n01629819_113.JPEG	11	7	61	47
n01629819_114.JPEG	0	21	47	57
n01629819_115.JPEG	8	7	63	63
n01629819_116.JPEG	0	7	63	63
n01629819_117.JPEG	0	19	63	54
n01629819_118.JPEG	9	15	63	63
n01629819_119.JPEG	0	23	63	47
n01629819_120.JPEG	8	0	63	50
n01629819_121.JPEG	0	23	61	47
n01629819_122.JPEG	18	26	63	62
n01629819_123.JPEG	27	36	50	49
n01629819_124.JPEG	0	23	63	50
n01629819_125.JPEG	22	20	63	50
n01629819_126.JPEG	0	23	63	50
n01629819_127.JPEG	0	15	51	47
n01629819_128.JPEG	0	11	57	47
n01629819_129.JPEG	38	38	63	63
n01629819_130.JPEG	16	19	45	49
n01629819_131.JPEG	23	16	41	40
n01629819_132.JPEG	1	5	44	60
n01629819_133.JPEG	2	25	63	40
n01629819_134.JPEG	0	28	63	49
n01629819_135.JPEG	11	16	63	42
n01629819_136.JPEG	21	0	41	63
n01629819_137.JPEG	0	10	63	52
n01629819_138.JPEG	13	18	42	57
n01629819_139.JPEG	1	40	20	63
n01629819_140.JPEG	0	29	63	48
n01629819_141.JPEG	0	16	63	45
n01629819_142.JPEG	4	8	63	50
n01629819_143.JPEG	20	25	53	48
n01629819_144.JPEG	23	1	63	40
n01629819_145.JPEG	4	11	51	40
n01629819_146.JPEG	14	0	53	63
n01629819_147.JPEG	0	20	63	46
n01629819_148.JPEG	0	15	63	51
n01629819_149.JPEG	0	15	63	60
n01629819_150.JPEG	15	25	55	47
n01629819_151.JPEG	1	17	63	56
n01629819_152.JPEG	0	11	63	62
n01629819_153.JPEG	13	0	57	63
n01629819_154.JPEG	0	22	63	47
n01629819_155.JPEG	0	9	63	48
n01629819_156.JPEG	10	12	63	63
n01629819_157.JPEG	0	17	63	61
n01629819_158.JPEG	2	11	61	52
n01629819_159.JPEG	18	17	62	63
n01629819_160.JPEG	1	12	63	57
n01629819_161.JPEG	2	5	63	63
n01629819_162.JPEG	0	20	63	51
n01629819_163.JPEG	0	21	61	52
n01629819_164.JPEG	15	11	39	63
n01629819_165.JPEG	0	25	63	50
n01629819_166.JPEG	0	19	63	55
n01629819_167.JPEG	0	20	50	49
n01629819_168.JPEG	0	1	63	61
n01629819_169.JPEG	0	21	51	52
n01629819_170.JPEG	20	18	60	53
n01629819_171.JPEG	20	28	40	46
n01629819_172.JPEG	0	11	63	52
n01629819_173.JPEG	4	17	63	48
n01629819_174.JPEG	0	3	63	62
n01629819_175.JPEG	0	24	57	48
n01629819_176.JPEG	0	10	47	47
n01629819_177.JPEG	0	16	53	53
n01629819_178.JPEG	6	15	63	42
n01629819_179.JPEG	0	3	63	57
n01629819_180.JPEG	14	18	63	55
n01629819_181.JPEG	10	0	48	63
n01629819_182.JPEG	15	29	54	44
n01629819_183.JPEG	32	33	63	63
n01629819_184.JPEG	0	17	63	59
n01629819_185.JPEG	2	0	63	62
n01629819_186.JPEG	0	20	63	59
n01629819_187.JPEG	20	22	57	37
n01629819_188.JPEG	2	22	33	52
n01629819_189.JPEG	11	28	63	47
n01629819_190.JPEG	19	22	59	62
n01629819_191.JPEG	0	13	63	54
n01629819_192.JPEG	13	9	48	63
n01629819_193.JPEG	0	18	63	47
n01629819_194.JPEG	10	5	50	46
n01629819_195.JPEG	0	12	49	57
n01629819_196.JPEG	4	16	62	51
n01629819_197.JPEG	0	19	52	63
n01629819_198.JPEG	5	13	48	46
n01629819_199.JPEG	0	3	57	49
n01629819_200.JPEG	7	25	63	49
n01629819_201.JPEG	11	10	50	58
n01629819_202.JPEG	0	20	49	63
n01629819_203.JPEG	0	21	63	57
n01629819_204.JPEG	0	21	61	57
n01629819_205.JPEG	0	11	60	47
n01629819_206.JPEG	6	23	63	46
n01629819_207.JPEG	0	10	63	58
n01629819_208.JPEG	0	3	57	41
n01629819_209.JPEG	0	8	59	63
n01629819_210.JPEG	0	11	63	51
n01629819_211.JPEG	0	15	63	62
n01629819_212.JPEG	12	22	63	46
n01629819_213.JPEG	0	18	63	48
n01629819_214.JPEG	0	25	63	44
n01629819_215.JPEG	14	18	52	51
n01629819_216.JPEG	0	12	60	48
n01629819_217.JPEG	0	1	63	62
n01629819_218.JPEG	16	25	48	42
n01629819_219.JPEG	0	22	57	41
n01629819_220.JPEG	12	6	63	58
n01629819_221.JPEG	8	0	41	63
n01629819_222.JPEG	3	10	63	63
n01629819_223.JPEG	0	6	63	58
n01629819_224.JPEG	10	28	59	46
n01629819_225.JPEG	4	0	58	63
n01629819_226.JPEG	13	13	63	44
n01629819_227.JPEG	0	27	16	46
n01629819_228.JPEG	26	7	41	63
n01629819_229.JPEG	17	4	61	56
n01629819_230.JPEG	1	14	63	56
n01629819_231.JPEG	4	22	63	47
n01629819_232.JPEG	22	28	41	63
n01629819_233.JPEG	18	19	38	43
n01629819_234.JPEG	0	21	63	61
n01629819_235.JPEG	0	0	49	52
n01629819_236.JPEG	21	26	61	45
n01629819_237.JPEG	0	10	63	57
n01629819_238.JPEG	0	20	63	57
n01629819_239.JPEG	0	23	63	48
n01629819_240.JPEG	18	14	60	63
n01629819_241.JPEG	3	3	62	48
n01629819_242.JPEG	17	13	46	63
n01629819_243.JPEG	1	12	60	42
n01629819_244.JPEG	6	13	42	56
n01629819_245.JPEG	4	10	56	47
n01629819_246.JPEG	15	4	63	62
n01629819_247.JPEG	0	3	55	63
n01629819_248.JPEG	0	12	63	49
n01629819_249.JPEG	25	5	63	44
n01629819_250.JPEG	0	14	60	61
n01629819_251.JPEG	0	6	63	62
n01629819_252.JPEG	12	9	51	55
n01629819_253.JPEG	0	27	56	51
n01629819_254.JPEG	0	2	57	61
n01629819_255.JPEG	5	14	63	48
n01629819_256.JPEG	0	10	63	61
n01629819_257.JPEG	0	17	63	48
n01629819_258.JPEG	0	3	63	57
n01629819_259.JPEG	24	16	50	63
n01629819_260.JPEG	15	18	56	49
n01629819_261.JPEG	0	22	63	53
n01629819_262.JPEG	10	16	54	47
n01629819_263.JPEG	19	12	45	63
n01629819_264.JPEG	17	15	63	63
n01629819_265.JPEG	8	17	63	53
n01629819_266.JPEG	12	22	61	42
n01629819_267.JPEG	0	0	42	33
n01629819_268.JPEG	4	20	63	50
n01629819_269.JPEG	0	11	63	57
n01629819_270.JPEG	23	11	57	41
n01629819_271.JPEG	18	3	60	54
n01629819_272.JPEG	0	0	63	58
n01629819_273.JPEG	7	0	63	59
n01629819_274.JPEG	0	12	21	63
n01629819_275.JPEG	6	25	60	52
n01629819_276.JPEG	13	5	57	62
n01629819_277.JPEG	23	19	46	63
n01629819_278.JPEG	11	4	33	61
n01629819_279.JPEG	15	25	63	55
n01629819_280.JPEG	0	27	63	53
n01629819_281.JPEG	20	12	49	61
n01629819_282.JPEG	6	19	63	47
n01629819_283.JPEG	16	23	63	62
n01629819_284.JPEG	12	20	55	48
n01629819_285.JPEG	0	7	63	63
n01629819_286.JPEG	17	23	63	63
n01629819_287.JPEG	0	23	63	48
n01629819_288.JPEG	0	32	49	57
n01629819_289.JPEG	0	19	63	63
n01629819_290.JPEG	0	21	63	52
n01629819_291.JPEG	5	26	41	48
n01629819_292.JPEG	18	13	63	38
n01629819_293.JPEG	0	35	63	57
n01629819_294.JPEG	0	0	63	60
n01629819_295.JPEG	1	12	63	63
n01629819_296.JPEG	0	14	63	52
n01629819_297.JPEG	9	27	57	45
n01629819_298.JPEG	13	19	63	55
n01629819_299.JPEG	16	19	63	49
n01629819_300.JPEG	22	16	44	63
n01629819_301.JPEG	0	19	56	59
n01629819_302.JPEG	0	12	42	58
n01629819_303.JPEG	0	14	62	42
n01629819_304.JPEG	0	18	63	41
n01629819_305.JPEG	16	18	40	60
n01629819_306.JPEG	37	17	63	42
n01629819_307.JPEG	2	20	62	49
n01629819_308.JPEG	13	12	59	32
n01629819_309.JPEG	11	12	58	42
n01629819_310.JPEG	0	20	63	55
n01629819_311.JPEG	8	17	63	63
n01629819_312.JPEG	9	13	55	48
n01629819_313.JPEG	9	18	48	63
n01629819_314.JPEG	2	17	63	40
n01629819_315.JPEG	0	14	63	63
n01629819_316.JPEG	3	14	43	57
n01629819_317.JPEG	0	15	63	57
n01629819_318.JPEG	0	13	54	55
n01629819_319.JPEG	0	6	63	52
n01629819_320.JPEG	0	24	63	51
n01629819_321.JPEG	3	20	63	51
n01629819_322.JPEG	28	19	49	44
n01629819_323.JPEG	4	17	53	48
n01629819_324.JPEG	0	14	53	45
n01629819_325.JPEG	0	20	63	52
n01629819_326.JPEG	30	6	63	39
n01629819_327.JPEG	0	17	56	57
n01629819_328.JPEG	0	15	63	50
n01629819_329.JPEG	0	3	63	63
n01629819_330.JPEG	48	33	63	49
n01629819_331.JPEG	1	26	60	46
n01629819_332.JPEG	32	15	63	41
n01629819_333.JPEG	0	15	63	47
n01629819_334.JPEG	8	13	63	54
n01629819_335.JPEG	46	19	56	52
n01629819_336.JPEG	0	19	63	50
n01629819_337.JPEG	0	21	43	54
n01629819_338.JPEG	5	12	63	45
n01629819_339.JPEG	0	14	63	54
n01629819_340.JPEG	23	5	46	56
n01629819_341.JPEG	12	14	56	55
n01629819_342.JPEG	1	24	63	40
n01629819_343.JPEG	0	21	53	42
n01629819_344.JPEG	12	28	63	44
n01629819_345.JPEG	6	18	63	51
n01629819_346.JPEG	7	0	60	63
n01629819_347.JPEG	2	15	63	56
n01629819_348.JPEG	3	27	62	57
n01629819_349.JPEG	5	32	63	63
n01629819_350.JPEG	6	10	39	63
n01629819_351.JPEG	17	18	58	49
n01629819_352.JPEG	1	36	60	63
n01629819_353.JPEG	0	14	51	61
n01629819_354.JPEG	0	15	63	50
n01629819_355.JPEG	0	8	63	51
n01629819_356.JPEG	0	11	63	56
n01629819_357.JPEG	11	17	54	38
n01629819_358.JPEG	0	7	59	61
n01629819_359.JPEG	0	23	60	50
n01629819_360.JPEG	0	19	63	49
n01629819_361.JPEG	0	4	63	62
n01629819_362.JPEG	0	23	42	63
n01629819_363.JPEG	0	0	63	60
n01629819_364.JPEG	0	0	63	54
n01629819_365.JPEG	11	11	52	55
n01629819_366.JPEG	0	20	58	57
n01629819_367.JPEG	15	7	63	61
n01629819_368.JPEG	26	11	45	62
n01629819_369.JPEG	1	4	63	62
n01629819_370.JPEG	0	16	63	62
n01629819_371.JPEG	13	7	52	56
n01629819_372.JPEG	15	0	39	63
n01629819_373.JPEG	0	7	43	43
n01629819_374.JPEG	14	8	53	59
n01629819_375.JPEG	0	5	63	63
n01629819_376.JPEG	15	22	63	47
n01629819_377.JPEG	5	12	63	63
n01629819_378.JPEG	9	28	63	49
n01629819_379.JPEG	7	6	45	63
n01629819_380.JPEG	0	17	63	59
n01629819_381.JPEG	3	13	45	63
n01629819_382.JPEG	50	7	63	61
n01629819_383.JPEG	38	7	63	43
n01629819_384.JPEG	15	19	63	55
n01629819_385.JPEG	0	1	53	62
n01629819_386.JPEG	0	19	60	50
n01629819_387.JPEG	10	17	63	54
n01629819_388.JPEG	0	13	63	52
n01629819_389.JPEG	15	8	46	63
n01629819_390.JPEG	7	18	60	54
n01629819_391.JPEG	15	36	42	50
n01629819_392.JPEG	12	0	54	59
n01629819_393.JPEG	15	26	62	56
n01629819_394.JPEG	3	8	63	51
n01629819_395.JPEG	4	20	49	53
n01629819_396.JPEG	0	17	39	56
n01629819_397.JPEG	0	14	63	63
n01629819_398.JPEG	0	16	63	50
n01629819_399.JPEG	12	4	63	53
n01629819_400.JPEG	15	2	58	63
n01629819_401.JPEG	24	20	43	63
n01629819_402.JPEG	8	18	59	52
n01629819_403.JPEG	0	5	63	59
n01629819_404.JPEG	5	0	63	63
n01629819_405.JPEG	20	21	36	63
n01629819_406.JPEG	26	6	63	40
n01629819_407.JPEG	12	6	63	56
n01629819_408.JPEG	0	6	63	62
n01629819_409.JPEG	0	5	63	55
n01629819_410.JPEG	0	4	60	63
n01629819_411.JPEG	0	23	63	46
n01629819_412.JPEG	0	26	48	51
n01629819_413.JPEG	26	32	49	48
n01629819_414.JPEG	11	21	63	63
n01629819_415.JPEG	17	13	60	47
n01629819_416.JPEG	5	4	63	63
n01629819_417.JPEG	6	7	59	55
n01629819_418.JPEG	19	0	47	63
n01629819_419.JPEG	9	9	25	53
n01629819_420.JPEG	19	41	63	60
n01629819_421.JPEG	25	21	59	32
n01629819_422.JPEG	0	0	50	43
n01629819_423.JPEG	0	8	63	50
n01629819_424.JPEG	1	16	43	48
n01629819_425.JPEG	0	10	63	46
n01629819_426.JPEG	0	11	18	63
n01629819_427.JPEG	7	24	60	46
n01629819_428.JPEG	20	10	47	41
n01629819_429.JPEG	0	12	63	58
n01629819_430.JPEG	18	25	48	58
n01629819_431.JPEG	0	10	60	63
n01629819_432.JPEG	27	23	63	44
n01629819_433.JPEG	22	4	43	63
n01629819_434.JPEG	0	15	38	62
n01629819_435.JPEG	0	19	63	54
n01629819_436.JPEG	0	20	63	40
n01629819_437.JPEG	16	15	50	60
n01629819_438.JPEG	15	2	45	63
n01629819_439.JPEG	3	30	51	40
n01629819_440.JPEG	0	22	63	43
n01629819_441.JPEG	0	8	48	49
n01629819_442.JPEG	7	22	63	57
n01629819_443.JPEG	16	11	53	63
n01629819_444.JPEG	0	1	53	63
n01629819_445.JPEG	3	16	63	60
n01629819_446.JPEG	13	15	50	54
n01629819_447.JPEG	0	21	62	53
n01629819_448.JPEG	0	10	63	47
n01629819_449.JPEG	3	14	48	63
n01629819_450.JPEG	0	21	63	51
n01629819_451.JPEG	7	11	63	59
n01629819_452.JPEG	13	26	63	43
n01629819_453.JPEG	0	30	63	49
n01629819_454.JPEG	18	23	63	57
n01629819_455.JPEG	0	15	59	53
n01629819_456.JPEG	0	21	63	51
n01629819_457.JPEG	0	10	61	63
n01629819_458.JPEG	20	27	63	44
n01629819_459.JPEG	0	4	63	63
n01629819_460.JPEG	18	18	60	53
n01629819_461.JPEG	1	23	63	48
n01629819_462.JPEG	6	18	62	47
n01629819_463.JPEG	15	0	55	63
n01629819_464.JPEG	16	20	36	45
n01629819_465.JPEG	12	0	46	63
n01629819_466.JPEG	9	4	58	61
n01629819_467.JPEG	25	0	50	63
n01629819_468.JPEG	15	0	46	63
n01629819_469.JPEG	0	3	63	60
n01629819_470.JPEG	14	3	45	63
n01629819_471.JPEG	2	13	62	51
n01629819_472.JPEG	0	3	52	50
n01629819_473.JPEG	0	8	58	54
n01629819_474.JPEG	22	17	63	54
n01629819_475.JPEG	6	16	52	46
n01629819_476.JPEG	5	14	47	46
n01629819_477.JPEG	0	13	54	58
n01629819_478.JPEG	6	25	63	48
n01629819_479.JPEG	21	14	61	51
n01629819_480.JPEG	0	24	63	49
n01629819_481.JPEG	0	8	63	50
n01629819_482.JPEG	0	17	63	43
n01629819_483.JPEG	17	21	59	50
n01629819_484.JPEG	1	20	51	52
n01629819_485.JPEG	9	23	63	50
n01629819_486.JPEG	6	15	63	49
n01629819_487.JPEG	21	0	57	63
n01629819_488.JPEG	0	20	63	50
n01629819_489.JPEG	13	22	42	42
n01629819_490.JPEG	21	22	62	52
n01629819_491.JPEG	0	5	47	44
n01629819_492.JPEG	0	24	63	53
n01629819_493.JPEG	0	17	63	53
n01629819_494.JPEG	10	38	59	48
n01629819_495.JPEG	0	24	63	52
n01629819_496.JPEG	0	23	47	58
n01629819_497.JPEG	0	11	63	50
n01629819_498.JPEG	0	24	63	56
n01629819_499.JPEG	7	26	45	55
