n04251144_0.JPEG	19	22	23	32
n04251144_1.JPEG	34	1	59	43
n04251144_2.JPEG	27	9	47	50
n04251144_3.JPEG	22	0	32	18
n04251144_4.JPEG	13	11	23	22
n04251144_5.JPEG	0	10	63	62
n04251144_6.JPEG	11	4	23	24
n04251144_7.JPEG	21	31	49	54
n04251144_8.JPEG	24	12	37	35
n04251144_9.JPEG	7	9	43	28
n04251144_10.JPEG	45	24	53	31
n04251144_11.JPEG	27	36	46	45
n04251144_12.JPEG	15	0	30	15
n04251144_13.JPEG	33	0	63	33
n04251144_14.JPEG	40	19	54	61
n04251144_15.JPEG	45	24	48	32
n04251144_16.JPEG	11	5	27	28
n04251144_17.JPEG	6	0	41	61
n04251144_18.JPEG	32	25	45	38
n04251144_19.JPEG	0	0	49	63
n04251144_20.JPEG	44	33	49	41
n04251144_21.JPEG	26	24	30	33
n04251144_22.JPEG	31	11	40	23
n04251144_23.JPEG	30	16	39	26
n04251144_24.JPEG	5	6	16	37
n04251144_25.JPEG	29	2	60	52
n04251144_26.JPEG	0	6	63	62
n04251144_27.JPEG	30	27	37	43
n04251144_28.JPEG	41	34	54	52
n04251144_29.JPEG	38	23	52	44
n04251144_30.JPEG	14	13	41	39
n04251144_31.JPEG	47	51	49	57
n04251144_32.JPEG	41	9	48	18
n04251144_33.JPEG	30	28	35	34
n04251144_34.JPEG	47	2	55	14
n04251144_35.JPEG	28	8	38	21
n04251144_36.JPEG	16	10	63	53
n04251144_37.JPEG	45	33	49	40
n04251144_38.JPEG	21	32	22	35
n04251144_39.JPEG	21	12	63	61
n04251144_40.JPEG	19	20	24	32
n04251144_41.JPEG	49	17	58	29
n04251144_42.JPEG	35	24	44	34
n04251144_43.JPEG	21	36	54	49
n04251144_44.JPEG	18	9	38	43
n04251144_45.JPEG	23	33	29	45
n04251144_46.JPEG	22	23	32	35
n04251144_47.JPEG	33	18	53	36
n04251144_48.JPEG	27	24	30	30
n04251144_49.JPEG	5	0	41	61
n04251144_50.JPEG	27	15	39	63
n04251144_51.JPEG	32	16	55	45
n04251144_52.JPEG	6	5	18	32
n04251144_53.JPEG	29	48	30	49
n04251144_54.JPEG	32	21	42	63
n04251144_55.JPEG	47	13	61	23
n04251144_56.JPEG	0	40	6	50
n04251144_57.JPEG	0	35	41	63
n04251144_58.JPEG	25	34	27	42
n04251144_59.JPEG	5	16	11	33
n04251144_60.JPEG	32	17	54	34
n04251144_61.JPEG	9	0	28	20
n04251144_62.JPEG	21	18	36	32
n04251144_63.JPEG	15	7	35	48
n04251144_64.JPEG	41	9	56	26
n04251144_65.JPEG	0	26	35	63
n04251144_66.JPEG	48	35	56	46
n04251144_67.JPEG	32	38	53	63
n04251144_68.JPEG	16	16	29	33
n04251144_69.JPEG	32	63	56	63
n04251144_70.JPEG	16	18	23	33
n04251144_71.JPEG	31	6	43	29
n04251144_72.JPEG	5	27	27	53
n04251144_73.JPEG	24	0	63	33
n04251144_74.JPEG	35	30	47	46
n04251144_75.JPEG	30	4	46	35
n04251144_76.JPEG	3	20	12	24
n04251144_77.JPEG	25	28	32	39
n04251144_78.JPEG	15	0	48	51
n04251144_79.JPEG	10	1	63	33
n04251144_80.JPEG	13	46	20	53
n04251144_81.JPEG	33	26	43	32
n04251144_82.JPEG	30	21	37	27
n04251144_83.JPEG	31	23	40	35
n04251144_84.JPEG	19	44	28	53
n04251144_85.JPEG	39	33	48	41
n04251144_86.JPEG	0	29	0	63
n04251144_87.JPEG	33	23	48	41
n04251144_88.JPEG	27	36	32	44
n04251144_89.JPEG	16	18	25	32
n04251144_90.JPEG	30	17	54	40
n04251144_91.JPEG	35	3	38	19
n04251144_92.JPEG	33	22	40	39
n04251144_93.JPEG	28	6	47	38
n04251144_94.JPEG	10	0	50	24
n04251144_95.JPEG	0	35	33	63
n04251144_96.JPEG	11	24	31	56
n04251144_97.JPEG	43	17	63	62
n04251144_98.JPEG	35	18	40	28
n04251144_99.JPEG	33	0	39	14
n04251144_100.JPEG	6	13	56	55
n04251144_101.JPEG	30	0	51	28
n04251144_102.JPEG	27	17	44	52
n04251144_103.JPEG	19	15	34	29
n04251144_104.JPEG	50	10	59	23
n04251144_105.JPEG	30	29	37	37
n04251144_106.JPEG	28	27	43	46
n04251144_107.JPEG	17	15	24	32
n04251144_108.JPEG	4	12	27	57
n04251144_109.JPEG	21	32	25	38
n04251144_110.JPEG	26	17	38	30
n04251144_111.JPEG	25	21	29	26
n04251144_112.JPEG	22	28	34	33
n04251144_113.JPEG	22	1	49	63
n04251144_114.JPEG	49	4	63	33
n04251144_115.JPEG	23	26	47	46
n04251144_116.JPEG	59	4	63	23
n04251144_117.JPEG	23	7	60	57
n04251144_118.JPEG	23	0	58	41
n04251144_119.JPEG	23	15	26	21
n04251144_120.JPEG	30	9	33	15
n04251144_121.JPEG	63	1	63	50
n04251144_122.JPEG	30	0	36	12
n04251144_123.JPEG	48	37	52	47
n04251144_124.JPEG	31	0	55	21
n04251144_125.JPEG	29	12	37	29
n04251144_126.JPEG	15	0	40	40
n04251144_127.JPEG	0	21	21	53
n04251144_128.JPEG	17	1	44	31
n04251144_129.JPEG	9	33	33	45
n04251144_130.JPEG	9	28	24	52
n04251144_131.JPEG	31	26	38	34
n04251144_132.JPEG	0	33	26	63
n04251144_133.JPEG	7	21	29	38
n04251144_134.JPEG	35	28	39	32
n04251144_135.JPEG	26	13	31	17
n04251144_136.JPEG	38	0	51	35
n04251144_137.JPEG	0	54	7	63
n04251144_138.JPEG	25	0	43	42
n04251144_139.JPEG	30	23	35	34
n04251144_140.JPEG	32	2	63	32
n04251144_141.JPEG	29	17	40	33
n04251144_142.JPEG	29	17	33	26
n04251144_143.JPEG	23	20	47	37
n04251144_144.JPEG	28	22	36	29
n04251144_145.JPEG	35	24	39	41
n04251144_146.JPEG	0	20	19	50
n04251144_147.JPEG	0	20	2	34
n04251144_148.JPEG	44	37	51	44
n04251144_149.JPEG	13	13	19	18
n04251144_150.JPEG	26	31	36	56
n04251144_151.JPEG	21	7	31	26
n04251144_152.JPEG	31	24	39	32
n04251144_153.JPEG	17	5	47	56
n04251144_154.JPEG	1	8	26	30
n04251144_155.JPEG	27	17	38	27
n04251144_156.JPEG	18	25	24	44
n04251144_157.JPEG	22	4	38	22
n04251144_158.JPEG	16	3	41	34
n04251144_159.JPEG	38	39	47	46
n04251144_160.JPEG	19	2	32	22
n04251144_161.JPEG	32	35	45	53
n04251144_162.JPEG	4	1	54	63
n04251144_163.JPEG	13	13	20	28
n04251144_164.JPEG	17	16	52	56
n04251144_165.JPEG	23	7	36	20
n04251144_166.JPEG	5	4	55	46
n04251144_167.JPEG	17	43	24	52
n04251144_168.JPEG	12	0	25	11
n04251144_169.JPEG	0	5	63	52
n04251144_170.JPEG	18	19	29	37
n04251144_171.JPEG	23	13	34	24
n04251144_172.JPEG	7	0	42	54
n04251144_173.JPEG	34	29	41	46
n04251144_174.JPEG	7	4	62	53
n04251144_175.JPEG	29	18	52	41
n04251144_176.JPEG	27	7	63	63
n04251144_177.JPEG	33	8	44	35
n04251144_178.JPEG	29	21	46	35
n04251144_179.JPEG	16	21	24	35
n04251144_180.JPEG	34	17	45	41
n04251144_181.JPEG	8	23	62	63
n04251144_182.JPEG	28	46	46	58
n04251144_183.JPEG	20	22	27	28
n04251144_184.JPEG	37	23	39	28
n04251144_185.JPEG	31	6	38	21
n04251144_186.JPEG	12	10	26	43
n04251144_187.JPEG	32	17	53	38
n04251144_188.JPEG	23	27	38	38
n04251144_189.JPEG	0	0	36	63
n04251144_190.JPEG	51	20	60	38
n04251144_191.JPEG	24	4	46	13
n04251144_192.JPEG	40	33	56	54
n04251144_193.JPEG	26	0	63	63
n04251144_194.JPEG	25	30	40	39
n04251144_195.JPEG	33	23	46	56
n04251144_196.JPEG	49	33	62	43
n04251144_197.JPEG	10	1	61	63
n04251144_198.JPEG	16	10	30	49
n04251144_199.JPEG	49	18	53	26
n04251144_200.JPEG	21	30	33	41
n04251144_201.JPEG	56	34	62	41
n04251144_202.JPEG	18	14	50	50
n04251144_203.JPEG	31	15	63	48
n04251144_204.JPEG	22	21	35	29
n04251144_205.JPEG	39	2	62	59
n04251144_206.JPEG	30	7	45	35
n04251144_207.JPEG	29	5	45	42
n04251144_208.JPEG	34	0	63	23
n04251144_209.JPEG	32	16	36	21
n04251144_210.JPEG	8	27	9	30
n04251144_211.JPEG	21	5	32	43
n04251144_212.JPEG	13	0	30	47
n04251144_213.JPEG	33	0	45	4
n04251144_214.JPEG	27	20	40	42
n04251144_215.JPEG	11	20	26	36
n04251144_216.JPEG	26	20	63	63
n04251144_217.JPEG	28	2	46	62
n04251144_218.JPEG	0	7	3	15
n04251144_219.JPEG	26	0	58	63
n04251144_220.JPEG	0	12	24	45
n04251144_221.JPEG	16	4	38	30
n04251144_222.JPEG	25	26	35	36
n04251144_223.JPEG	14	1	53	51
n04251144_224.JPEG	29	21	39	36
n04251144_225.JPEG	39	0	63	17
n04251144_226.JPEG	0	1	47	63
n04251144_227.JPEG	5	13	15	29
n04251144_228.JPEG	5	1	44	32
n04251144_229.JPEG	38	33	50	58
n04251144_230.JPEG	37	20	63	47
n04251144_231.JPEG	30	5	33	28
n04251144_232.JPEG	31	20	35	26
n04251144_233.JPEG	0	28	28	38
n04251144_234.JPEG	0	12	21	58
n04251144_235.JPEG	48	26	55	41
n04251144_236.JPEG	30	18	37	23
n04251144_237.JPEG	29	28	33	43
n04251144_238.JPEG	25	22	36	37
n04251144_239.JPEG	17	8	41	55
n04251144_240.JPEG	26	14	36	30
n04251144_241.JPEG	36	30	50	52
n04251144_242.JPEG	10	36	25	44
n04251144_243.JPEG	22	16	37	28
n04251144_244.JPEG	34	24	47	35
n04251144_245.JPEG	32	11	35	17
n04251144_246.JPEG	28	28	45	49
n04251144_247.JPEG	18	27	33	46
n04251144_248.JPEG	12	11	29	28
n04251144_249.JPEG	1	1	46	63
n04251144_250.JPEG	26	28	37	36
n04251144_251.JPEG	55	13	63	32
n04251144_252.JPEG	0	1	33	34
n04251144_253.JPEG	0	17	39	63
n04251144_254.JPEG	30	16	32	19
n04251144_255.JPEG	12	35	44	63
n04251144_256.JPEG	44	0	53	6
n04251144_257.JPEG	26	23	30	27
n04251144_258.JPEG	41	30	53	38
n04251144_259.JPEG	18	8	22	20
n04251144_260.JPEG	38	21	63	58
n04251144_261.JPEG	48	10	58	29
n04251144_262.JPEG	4	19	9	32
n04251144_263.JPEG	18	16	31	32
n04251144_264.JPEG	10	15	33	40
n04251144_265.JPEG	5	20	27	63
n04251144_266.JPEG	35	18	63	41
n04251144_267.JPEG	0	1	36	39
n04251144_268.JPEG	12	16	29	30
n04251144_269.JPEG	27	4	34	30
n04251144_270.JPEG	0	14	0	54
n04251144_271.JPEG	37	20	51	38
n04251144_272.JPEG	30	0	43	30
n04251144_273.JPEG	30	5	45	39
n04251144_274.JPEG	13	20	24	41
n04251144_275.JPEG	31	0	44	29
n04251144_276.JPEG	11	23	21	52
n04251144_277.JPEG	31	6	38	34
n04251144_278.JPEG	26	16	63	44
n04251144_279.JPEG	45	5	62	18
n04251144_280.JPEG	11	13	27	30
n04251144_281.JPEG	21	32	28	38
n04251144_282.JPEG	26	6	42	42
n04251144_283.JPEG	8	3	63	52
n04251144_284.JPEG	22	10	31	32
n04251144_285.JPEG	31	44	49	63
n04251144_286.JPEG	30	22	63	55
n04251144_287.JPEG	46	1	63	18
n04251144_288.JPEG	33	0	43	7
n04251144_289.JPEG	0	1	58	44
n04251144_290.JPEG	18	0	48	24
n04251144_291.JPEG	35	28	41	47
n04251144_292.JPEG	36	27	46	42
n04251144_293.JPEG	1	33	12	43
n04251144_294.JPEG	12	0	54	61
n04251144_295.JPEG	8	34	13	43
n04251144_296.JPEG	24	5	33	17
n04251144_297.JPEG	34	8	44	18
n04251144_298.JPEG	22	1	51	53
n04251144_299.JPEG	54	33	60	40
n04251144_300.JPEG	15	40	20	46
n04251144_301.JPEG	0	0	9	63
n04251144_302.JPEG	32	33	35	37
n04251144_303.JPEG	29	15	35	26
n04251144_304.JPEG	40	10	51	37
n04251144_305.JPEG	25	16	35	36
n04251144_306.JPEG	35	19	44	26
n04251144_307.JPEG	38	3	45	21
n04251144_308.JPEG	50	11	61	38
n04251144_309.JPEG	28	11	51	32
n04251144_310.JPEG	44	5	46	15
n04251144_311.JPEG	6	21	37	58
n04251144_312.JPEG	0	16	20	38
n04251144_313.JPEG	23	21	39	38
n04251144_314.JPEG	26	0	63	63
n04251144_315.JPEG	26	0	45	24
n04251144_316.JPEG	17	23	21	25
n04251144_317.JPEG	22	17	37	35
n04251144_318.JPEG	20	23	24	31
n04251144_319.JPEG	0	26	7	32
n04251144_320.JPEG	24	15	40	27
n04251144_321.JPEG	20	28	43	39
n04251144_322.JPEG	33	33	41	44
n04251144_323.JPEG	0	10	39	48
n04251144_324.JPEG	13	16	60	54
n04251144_325.JPEG	3	31	31	61
n04251144_326.JPEG	3	4	18	55
n04251144_327.JPEG	26	28	31	38
n04251144_328.JPEG	30	0	54	62
n04251144_329.JPEG	18	63	35	63
n04251144_330.JPEG	34	24	38	30
n04251144_331.JPEG	31	21	44	40
n04251144_332.JPEG	6	30	16	49
n04251144_333.JPEG	32	11	39	32
n04251144_334.JPEG	24	0	58	47
n04251144_335.JPEG	36	15	43	27
n04251144_336.JPEG	16	6	27	23
n04251144_337.JPEG	29	16	61	63
n04251144_338.JPEG	32	42	48	55
n04251144_339.JPEG	20	8	47	61
n04251144_340.JPEG	39	16	48	27
n04251144_341.JPEG	17	14	30	29
n04251144_342.JPEG	15	5	34	24
n04251144_343.JPEG	23	4	31	16
n04251144_344.JPEG	23	4	42	36
n04251144_345.JPEG	24	0	35	9
n04251144_346.JPEG	12	32	33	44
n04251144_347.JPEG	8	37	23	42
n04251144_348.JPEG	43	6	55	28
n04251144_349.JPEG	20	10	32	29
n04251144_350.JPEG	24	0	49	14
n04251144_351.JPEG	30	19	44	32
n04251144_352.JPEG	21	26	30	34
n04251144_353.JPEG	40	28	52	47
n04251144_354.JPEG	30	9	42	29
n04251144_355.JPEG	17	8	30	19
n04251144_356.JPEG	12	0	63	38
n04251144_357.JPEG	0	11	35	63
n04251144_358.JPEG	32	0	51	37
n04251144_359.JPEG	23	15	38	36
n04251144_360.JPEG	33	23	63	63
n04251144_361.JPEG	34	8	44	17
n04251144_362.JPEG	13	27	36	41
n04251144_363.JPEG	7	17	23	41
n04251144_364.JPEG	26	24	49	39
n04251144_365.JPEG	25	39	35	48
n04251144_366.JPEG	37	29	44	36
n04251144_367.JPEG	6	0	58	63
n04251144_368.JPEG	56	20	63	29
n04251144_369.JPEG	0	0	35	50
n04251144_370.JPEG	15	8	35	41
n04251144_371.JPEG	26	15	53	54
n04251144_372.JPEG	37	19	40	24
n04251144_373.JPEG	44	50	62	63
n04251144_374.JPEG	30	7	49	44
n04251144_375.JPEG	27	0	46	17
n04251144_376.JPEG	22	14	42	35
n04251144_377.JPEG	25	1	40	22
n04251144_378.JPEG	17	5	29	27
n04251144_379.JPEG	47	15	63	30
n04251144_380.JPEG	0	0	63	63
n04251144_381.JPEG	21	17	25	21
n04251144_382.JPEG	1	4	63	59
n04251144_383.JPEG	29	37	32	41
n04251144_384.JPEG	16	22	61	57
n04251144_385.JPEG	45	0	50	7
n04251144_386.JPEG	35	0	53	6
n04251144_387.JPEG	23	10	30	21
n04251144_388.JPEG	8	21	37	59
n04251144_389.JPEG	27	39	35	45
n04251144_390.JPEG	18	0	43	63
n04251144_391.JPEG	30	7	39	22
n04251144_392.JPEG	22	30	38	52
n04251144_393.JPEG	30	26	34	41
n04251144_394.JPEG	18	19	54	63
n04251144_395.JPEG	33	25	36	32
n04251144_396.JPEG	0	5	63	50
n04251144_397.JPEG	34	30	38	34
n04251144_398.JPEG	26	8	35	12
n04251144_399.JPEG	15	13	37	48
n04251144_400.JPEG	46	21	58	47
n04251144_401.JPEG	20	23	48	63
n04251144_402.JPEG	20	4	34	39
n04251144_403.JPEG	30	37	33	43
n04251144_404.JPEG	2	23	31	63
n04251144_405.JPEG	10	1	25	34
n04251144_406.JPEG	18	0	63	25
n04251144_407.JPEG	9	0	57	63
n04251144_408.JPEG	12	0	50	62
n04251144_409.JPEG	19	8	37	27
n04251144_410.JPEG	5	0	57	63
n04251144_411.JPEG	12	5	24	43
n04251144_412.JPEG	42	10	44	17
n04251144_413.JPEG	21	28	34	43
n04251144_414.JPEG	35	0	53	22
n04251144_415.JPEG	42	34	50	48
n04251144_416.JPEG	63	5	63	37
n04251144_417.JPEG	18	8	42	42
n04251144_418.JPEG	29	44	41	51
n04251144_419.JPEG	19	0	63	25
n04251144_420.JPEG	28	7	43	32
n04251144_421.JPEG	38	2	59	31
n04251144_422.JPEG	33	16	37	25
n04251144_423.JPEG	0	10	55	60
n04251144_424.JPEG	0	13	57	54
n04251144_425.JPEG	37	19	48	36
n04251144_426.JPEG	22	0	53	63
n04251144_427.JPEG	14	1	37	37
n04251144_428.JPEG	43	24	56	33
n04251144_429.JPEG	28	10	35	30
n04251144_430.JPEG	21	17	44	46
n04251144_431.JPEG	39	18	46	44
n04251144_432.JPEG	26	27	38	35
n04251144_433.JPEG	4	15	56	61
n04251144_434.JPEG	6	0	57	63
n04251144_435.JPEG	16	10	38	34
n04251144_436.JPEG	0	22	4	31
n04251144_437.JPEG	51	11	63	29
n04251144_438.JPEG	46	0	50	5
n04251144_439.JPEG	28	0	39	26
n04251144_440.JPEG	7	54	30	63
n04251144_441.JPEG	38	31	63	60
n04251144_442.JPEG	54	24	63	63
n04251144_443.JPEG	38	30	40	37
n04251144_444.JPEG	38	13	43	32
n04251144_445.JPEG	31	15	61	60
n04251144_446.JPEG	20	21	40	29
n04251144_447.JPEG	28	26	41	46
n04251144_448.JPEG	52	40	61	52
n04251144_449.JPEG	23	19	53	46
n04251144_450.JPEG	46	20	51	29
n04251144_451.JPEG	8	32	37	62
n04251144_452.JPEG	25	13	57	63
n04251144_453.JPEG	39	13	61	36
n04251144_454.JPEG	35	46	45	61
n04251144_455.JPEG	22	15	30	24
n04251144_456.JPEG	33	2	46	13
n04251144_457.JPEG	21	16	29	29
n04251144_458.JPEG	38	6	46	19
n04251144_459.JPEG	28	6	40	41
n04251144_460.JPEG	18	19	37	34
n04251144_461.JPEG	29	0	41	6
n04251144_462.JPEG	27	6	31	20
n04251144_463.JPEG	42	17	57	33
n04251144_464.JPEG	20	21	33	34
n04251144_465.JPEG	34	22	42	33
n04251144_466.JPEG	0	17	63	53
n04251144_467.JPEG	36	8	57	30
n04251144_468.JPEG	18	30	35	43
n04251144_469.JPEG	45	24	54	35
n04251144_470.JPEG	29	13	42	35
n04251144_471.JPEG	38	13	42	17
n04251144_472.JPEG	29	1	54	49
n04251144_473.JPEG	31	26	42	39
n04251144_474.JPEG	16	16	23	38
n04251144_475.JPEG	4	7	12	31
n04251144_476.JPEG	18	1	34	49
n04251144_477.JPEG	32	24	37	33
n04251144_478.JPEG	19	12	31	28
n04251144_479.JPEG	25	9	40	39
n04251144_480.JPEG	33	1	46	17
n04251144_481.JPEG	19	11	41	37
n04251144_482.JPEG	31	21	34	29
n04251144_483.JPEG	32	21	40	63
n04251144_484.JPEG	34	12	41	34
n04251144_485.JPEG	16	16	41	52
n04251144_486.JPEG	15	0	60	63
n04251144_487.JPEG	17	30	33	49
n04251144_488.JPEG	0	1	27	32
n04251144_489.JPEG	15	1	33	30
n04251144_490.JPEG	31	24	35	28
n04251144_491.JPEG	28	11	35	17
n04251144_492.JPEG	26	22	38	39
n04251144_493.JPEG	7	33	11	39
n04251144_494.JPEG	21	31	25	43
n04251144_495.JPEG	0	10	47	63
n04251144_496.JPEG	0	41	13	55
n04251144_497.JPEG	38	33	48	52
n04251144_498.JPEG	12	16	33	36
n04251144_499.JPEG	44	39	54	55
