n02823428_0.JPEG	20	1	40	63
n02823428_1.JPEG	21	0	42	63
n02823428_2.JPEG	20	0	63	63
n02823428_3.JPEG	18	0	49	63
n02823428_4.JPEG	0	0	63	63
n02823428_5.JPEG	1	0	31	63
n02823428_6.JPEG	13	0	56	63
n02823428_7.JPEG	0	21	63	57
n02823428_8.JPEG	20	21	51	62
n02823428_9.JPEG	30	0	57	63
n02823428_10.JPEG	32	15	38	33
n02823428_11.JPEG	1	0	27	63
n02823428_12.JPEG	20	0	49	63
n02823428_13.JPEG	21	3	46	63
n02823428_14.JPEG	19	0	43	63
n02823428_15.JPEG	21	0	44	49
n02823428_16.JPEG	0	0	63	63
n02823428_17.JPEG	28	2	44	63
n02823428_18.JPEG	19	11	31	46
n02823428_19.JPEG	9	0	50	63
n02823428_20.JPEG	5	0	56	63
n02823428_21.JPEG	21	0	41	63
n02823428_22.JPEG	24	0	43	63
n02823428_23.JPEG	18	0	42	63
n02823428_24.JPEG	46	0	62	54
n02823428_25.JPEG	22	0	48	63
n02823428_26.JPEG	2	0	20	63
n02823428_27.JPEG	24	3	40	62
n02823428_28.JPEG	11	0	46	63
n02823428_29.JPEG	10	0	42	63
n02823428_30.JPEG	31	7	54	63
n02823428_31.JPEG	21	7	44	63
n02823428_32.JPEG	24	0	41	63
n02823428_33.JPEG	13	37	23	63
n02823428_34.JPEG	0	0	31	54
n02823428_35.JPEG	12	0	32	63
n02823428_36.JPEG	34	1	63	63
n02823428_37.JPEG	15	0	44	63
n02823428_38.JPEG	48	32	56	56
n02823428_39.JPEG	24	0	49	63
n02823428_40.JPEG	0	0	32	63
n02823428_41.JPEG	6	1	48	63
n02823428_42.JPEG	35	21	50	63
n02823428_43.JPEG	28	0	58	63
n02823428_44.JPEG	30	18	37	22
n02823428_45.JPEG	19	1	45	63
n02823428_46.JPEG	15	11	18	19
n02823428_47.JPEG	31	16	43	63
n02823428_48.JPEG	11	2	26	51
n02823428_49.JPEG	13	0	20	16
n02823428_50.JPEG	0	11	55	41
n02823428_51.JPEG	11	4	57	54
n02823428_52.JPEG	23	0	63	63
n02823428_53.JPEG	19	0	45	63
n02823428_54.JPEG	45	7	57	50
n02823428_55.JPEG	13	0	42	63
n02823428_56.JPEG	0	4	7	39
n02823428_57.JPEG	10	0	32	63
n02823428_58.JPEG	29	25	37	55
n02823428_59.JPEG	0	1	49	58
n02823428_60.JPEG	20	0	40	63
n02823428_61.JPEG	22	0	47	63
n02823428_62.JPEG	23	0	44	63
n02823428_63.JPEG	0	0	63	63
n02823428_64.JPEG	16	0	42	63
n02823428_65.JPEG	11	0	50	63
n02823428_66.JPEG	22	0	44	63
n02823428_67.JPEG	0	0	63	63
n02823428_68.JPEG	25	0	42	63
n02823428_69.JPEG	17	31	48	49
n02823428_70.JPEG	16	5	32	61
n02823428_71.JPEG	18	0	46	63
n02823428_72.JPEG	19	21	50	63
n02823428_73.JPEG	20	0	41	63
n02823428_74.JPEG	6	0	36	63
n02823428_75.JPEG	18	2	45	62
n02823428_76.JPEG	21	0	44	63
n02823428_77.JPEG	36	0	61	63
n02823428_78.JPEG	27	3	43	60
n02823428_79.JPEG	0	2	63	63
n02823428_80.JPEG	27	0	47	63
n02823428_81.JPEG	0	0	34	44
n02823428_82.JPEG	17	0	46	63
n02823428_83.JPEG	20	0	45	63
n02823428_84.JPEG	14	0	41	63
n02823428_85.JPEG	10	0	53	63
n02823428_86.JPEG	13	2	44	63
n02823428_87.JPEG	0	9	36	63
n02823428_88.JPEG	1	8	63	62
n02823428_89.JPEG	0	0	63	56
n02823428_90.JPEG	2	1	20	49
n02823428_91.JPEG	18	10	45	63
n02823428_92.JPEG	19	5	29	28
n02823428_93.JPEG	0	0	39	63
n02823428_94.JPEG	50	0	63	56
n02823428_95.JPEG	0	0	52	63
n02823428_96.JPEG	19	0	55	63
n02823428_97.JPEG	30	1	63	63
n02823428_98.JPEG	17	2	33	60
n02823428_99.JPEG	24	9	37	57
n02823428_100.JPEG	18	0	43	63
n02823428_101.JPEG	3	0	63	63
n02823428_102.JPEG	0	0	49	63
n02823428_103.JPEG	33	0	53	52
n02823428_104.JPEG	42	0	60	63
n02823428_105.JPEG	25	8	48	41
n02823428_106.JPEG	0	23	63	58
n02823428_107.JPEG	7	22	21	63
n02823428_108.JPEG	17	0	50	63
n02823428_109.JPEG	22	27	59	63
n02823428_110.JPEG	0	0	29	63
n02823428_111.JPEG	6	0	45	63
n02823428_112.JPEG	0	12	63	63
n02823428_113.JPEG	21	1	52	63
n02823428_114.JPEG	0	25	63	54
n02823428_115.JPEG	40	0	60	63
n02823428_116.JPEG	13	0	47	63
n02823428_117.JPEG	8	0	63	63
n02823428_118.JPEG	21	0	42	63
n02823428_119.JPEG	11	21	44	63
n02823428_120.JPEG	14	0	51	63
n02823428_121.JPEG	6	0	29	63
n02823428_122.JPEG	40	5	56	63
n02823428_123.JPEG	13	0	61	63
n02823428_124.JPEG	16	0	44	63
n02823428_125.JPEG	33	3	58	63
n02823428_126.JPEG	0	19	63	44
n02823428_127.JPEG	0	1	63	62
n02823428_128.JPEG	23	0	41	62
n02823428_129.JPEG	12	8	29	63
n02823428_130.JPEG	24	4	38	60
n02823428_131.JPEG	0	0	53	63
n02823428_132.JPEG	3	17	40	63
n02823428_133.JPEG	18	0	38	63
n02823428_134.JPEG	22	0	43	63
n02823428_135.JPEG	55	21	63	62
n02823428_136.JPEG	4	0	27	63
n02823428_137.JPEG	16	0	41	63
n02823428_138.JPEG	15	0	47	63
n02823428_139.JPEG	28	5	43	60
n02823428_140.JPEG	4	0	62	63
n02823428_141.JPEG	9	1	56	63
n02823428_142.JPEG	29	0	45	59
n02823428_143.JPEG	27	2	33	16
n02823428_144.JPEG	24	2	41	63
n02823428_145.JPEG	23	0	42	63
n02823428_146.JPEG	34	1	54	59
n02823428_147.JPEG	0	1	63	61
n02823428_148.JPEG	21	0	50	63
n02823428_149.JPEG	0	34	63	60
n02823428_150.JPEG	12	0	62	63
n02823428_151.JPEG	33	21	46	61
n02823428_152.JPEG	45	1	63	49
n02823428_153.JPEG	9	4	39	63
n02823428_154.JPEG	23	5	39	62
n02823428_155.JPEG	37	0	55	63
n02823428_156.JPEG	10	0	57	63
n02823428_157.JPEG	30	9	44	62
n02823428_158.JPEG	45	3	60	52
n02823428_159.JPEG	5	0	39	63
n02823428_160.JPEG	22	0	43	63
n02823428_161.JPEG	3	1	63	63
n02823428_162.JPEG	32	0	54	63
n02823428_163.JPEG	14	0	53	63
n02823428_164.JPEG	3	0	39	63
n02823428_165.JPEG	13	5	36	54
n02823428_166.JPEG	3	17	31	58
n02823428_167.JPEG	24	33	63	43
n02823428_168.JPEG	3	0	61	63
n02823428_169.JPEG	1	19	12	59
n02823428_170.JPEG	11	0	48	63
n02823428_171.JPEG	21	1	39	63
n02823428_172.JPEG	1	0	25	63
n02823428_173.JPEG	19	0	43	60
n02823428_174.JPEG	0	12	63	53
n02823428_175.JPEG	3	0	58	63
n02823428_176.JPEG	20	0	42	63
n02823428_177.JPEG	22	2	39	63
n02823428_178.JPEG	22	0	46	63
n02823428_179.JPEG	13	35	24	58
n02823428_180.JPEG	29	1	53	56
n02823428_181.JPEG	18	0	47	63
n02823428_182.JPEG	48	7	63	63
n02823428_183.JPEG	36	13	49	60
n02823428_184.JPEG	12	0	35	63
n02823428_185.JPEG	20	0	44	63
n02823428_186.JPEG	39	2	55	62
n02823428_187.JPEG	3	0	61	63
n02823428_188.JPEG	0	5	8	63
n02823428_189.JPEG	11	8	28	58
n02823428_190.JPEG	25	2	40	60
n02823428_191.JPEG	19	0	45	63
n02823428_192.JPEG	17	0	34	63
n02823428_193.JPEG	8	0	56	63
n02823428_194.JPEG	22	0	63	63
n02823428_195.JPEG	1	0	61	63
n02823428_196.JPEG	11	0	54	63
n02823428_197.JPEG	18	0	47	63
n02823428_198.JPEG	39	1	63	63
n02823428_199.JPEG	0	0	31	63
n02823428_200.JPEG	0	29	22	63
n02823428_201.JPEG	33	1	57	40
n02823428_202.JPEG	28	0	63	63
n02823428_203.JPEG	29	0	63	63
n02823428_204.JPEG	32	0	60	63
n02823428_205.JPEG	46	1	63	48
n02823428_206.JPEG	34	4	43	38
n02823428_207.JPEG	14	0	54	63
n02823428_208.JPEG	16	0	54	63
n02823428_209.JPEG	40	13	50	50
n02823428_210.JPEG	29	9	39	46
n02823428_211.JPEG	6	0	53	63
n02823428_212.JPEG	3	0	57	63
n02823428_213.JPEG	54	16	63	63
n02823428_214.JPEG	14	0	48	63
n02823428_215.JPEG	4	4	28	63
n02823428_216.JPEG	42	0	61	63
n02823428_217.JPEG	41	0	63	63
n02823428_218.JPEG	22	0	44	63
n02823428_219.JPEG	20	0	48	63
n02823428_220.JPEG	44	24	50	45
n02823428_221.JPEG	8	0	29	63
n02823428_222.JPEG	18	0	47	63
n02823428_223.JPEG	16	0	49	63
n02823428_224.JPEG	17	0	47	63
n02823428_225.JPEG	12	0	35	44
n02823428_226.JPEG	8	0	53	63
n02823428_227.JPEG	20	0	42	63
n02823428_228.JPEG	19	0	46	63
n02823428_229.JPEG	16	0	44	63
n02823428_230.JPEG	0	1	49	63
n02823428_231.JPEG	3	2	63	61
n02823428_232.JPEG	9	0	32	53
n02823428_233.JPEG	32	9	47	56
n02823428_234.JPEG	0	9	18	59
n02823428_235.JPEG	18	0	42	63
n02823428_236.JPEG	36	0	63	63
n02823428_237.JPEG	21	0	44	63
n02823428_238.JPEG	20	0	41	63
n02823428_239.JPEG	18	0	46	63
n02823428_240.JPEG	47	7	63	63
n02823428_241.JPEG	9	0	62	63
n02823428_242.JPEG	0	0	63	63
n02823428_243.JPEG	14	10	29	49
n02823428_244.JPEG	4	8	17	55
n02823428_245.JPEG	21	0	45	63
n02823428_246.JPEG	5	16	19	63
n02823428_247.JPEG	22	0	42	60
n02823428_248.JPEG	21	0	43	63
n02823428_249.JPEG	13	0	47	63
n02823428_250.JPEG	22	0	40	63
n02823428_251.JPEG	16	0	58	63
n02823428_252.JPEG	4	42	7	52
n02823428_253.JPEG	2	0	26	63
n02823428_254.JPEG	0	11	2	59
n02823428_255.JPEG	21	3	45	58
n02823428_256.JPEG	13	0	58	63
n02823428_257.JPEG	19	0	46	63
n02823428_258.JPEG	49	0	63	63
n02823428_259.JPEG	21	0	42	63
n02823428_260.JPEG	19	0	44	63
n02823428_261.JPEG	18	0	46	63
n02823428_262.JPEG	44	42	50	59
n02823428_263.JPEG	10	0	28	63
n02823428_264.JPEG	0	6	26	59
n02823428_265.JPEG	20	3	46	63
n02823428_266.JPEG	14	0	51	63
n02823428_267.JPEG	42	7	58	60
n02823428_268.JPEG	12	0	43	60
n02823428_269.JPEG	0	29	0	59
n02823428_270.JPEG	28	1	63	33
n02823428_271.JPEG	22	5	34	25
n02823428_272.JPEG	0	6	55	56
n02823428_273.JPEG	9	0	57	55
n02823428_274.JPEG	28	15	47	63
n02823428_275.JPEG	24	0	43	63
n02823428_276.JPEG	42	0	63	61
n02823428_277.JPEG	27	4	42	58
n02823428_278.JPEG	14	0	51	63
n02823428_279.JPEG	21	0	43	63
n02823428_280.JPEG	6	10	18	55
n02823428_281.JPEG	2	5	22	63
n02823428_282.JPEG	35	24	62	32
n02823428_283.JPEG	3	0	63	63
n02823428_284.JPEG	18	0	50	63
n02823428_285.JPEG	39	7	63	63
n02823428_286.JPEG	25	0	41	63
n02823428_287.JPEG	26	0	45	63
n02823428_288.JPEG	30	0	50	63
n02823428_289.JPEG	25	27	44	37
n02823428_290.JPEG	27	12	58	63
n02823428_291.JPEG	20	3	41	59
n02823428_292.JPEG	19	0	63	3
n02823428_293.JPEG	14	0	39	63
n02823428_294.JPEG	38	14	54	54
n02823428_295.JPEG	51	1	61	37
n02823428_296.JPEG	2	0	31	63
n02823428_297.JPEG	1	16	19	41
n02823428_298.JPEG	37	26	55	63
n02823428_299.JPEG	11	0	45	49
n02823428_300.JPEG	17	0	59	63
n02823428_301.JPEG	49	20	60	35
n02823428_302.JPEG	0	0	55	63
n02823428_303.JPEG	31	0	60	63
n02823428_304.JPEG	33	15	46	61
n02823428_305.JPEG	51	9	63	62
n02823428_306.JPEG	31	0	58	63
n02823428_307.JPEG	33	0	63	55
n02823428_308.JPEG	18	0	39	60
n02823428_309.JPEG	1	29	50	63
n02823428_310.JPEG	25	0	40	52
n02823428_311.JPEG	13	7	34	63
n02823428_312.JPEG	1	0	18	63
n02823428_313.JPEG	0	11	63	36
n02823428_314.JPEG	38	13	63	63
n02823428_315.JPEG	0	0	45	48
n02823428_316.JPEG	26	2	41	56
n02823428_317.JPEG	12	0	50	63
n02823428_318.JPEG	0	0	62	63
n02823428_319.JPEG	17	0	48	63
n02823428_320.JPEG	13	0	53	63
n02823428_321.JPEG	19	0	41	63
n02823428_322.JPEG	0	0	36	63
n02823428_323.JPEG	1	0	61	63
n02823428_324.JPEG	17	0	41	63
n02823428_325.JPEG	12	0	55	63
n02823428_326.JPEG	11	4	24	43
n02823428_327.JPEG	19	23	58	34
n02823428_328.JPEG	17	0	44	63
n02823428_329.JPEG	13	0	52	63
n02823428_330.JPEG	17	0	49	63
n02823428_331.JPEG	24	6	39	59
n02823428_332.JPEG	19	0	45	63
n02823428_333.JPEG	0	4	29	63
n02823428_334.JPEG	15	0	53	63
n02823428_335.JPEG	36	0	58	63
n02823428_336.JPEG	13	1	46	63
n02823428_337.JPEG	15	14	63	63
n02823428_338.JPEG	23	0	47	63
n02823428_339.JPEG	27	0	63	48
n02823428_340.JPEG	6	0	27	63
n02823428_341.JPEG	29	13	39	44
n02823428_342.JPEG	51	31	61	51
n02823428_343.JPEG	15	0	43	60
n02823428_344.JPEG	2	38	45	59
n02823428_345.JPEG	4	0	59	63
n02823428_346.JPEG	15	0	48	63
n02823428_347.JPEG	36	6	54	63
n02823428_348.JPEG	60	10	63	61
n02823428_349.JPEG	5	4	21	63
n02823428_350.JPEG	9	0	43	63
n02823428_351.JPEG	19	0	40	63
n02823428_352.JPEG	7	0	27	63
n02823428_353.JPEG	4	5	63	63
n02823428_354.JPEG	52	0	63	63
n02823428_355.JPEG	33	0	63	63
n02823428_356.JPEG	24	14	38	62
n02823428_357.JPEG	17	2	34	63
n02823428_358.JPEG	19	0	44	63
n02823428_359.JPEG	20	0	39	63
n02823428_360.JPEG	11	0	53	63
n02823428_361.JPEG	14	0	58	63
n02823428_362.JPEG	33	31	63	62
n02823428_363.JPEG	11	14	30	63
n02823428_364.JPEG	33	3	54	59
n02823428_365.JPEG	2	0	28	63
n02823428_366.JPEG	13	0	34	63
n02823428_367.JPEG	19	26	36	63
n02823428_368.JPEG	5	0	62	63
n02823428_369.JPEG	45	23	60	60
n02823428_370.JPEG	25	23	43	61
n02823428_371.JPEG	33	38	42	63
n02823428_372.JPEG	47	0	63	63
n02823428_373.JPEG	7	0	35	63
n02823428_374.JPEG	26	36	31	55
n02823428_375.JPEG	26	0	52	63
n02823428_376.JPEG	3	17	16	57
n02823428_377.JPEG	33	19	46	59
n02823428_378.JPEG	28	5	42	58
n02823428_379.JPEG	21	0	42	63
n02823428_380.JPEG	16	0	45	63
n02823428_381.JPEG	1	0	63	63
n02823428_382.JPEG	18	0	44	63
n02823428_383.JPEG	19	0	26	21
n02823428_384.JPEG	20	27	30	63
n02823428_385.JPEG	10	1	55	63
n02823428_386.JPEG	7	0	55	63
n02823428_387.JPEG	54	5	63	61
n02823428_388.JPEG	15	0	42	63
n02823428_389.JPEG	30	13	46	41
n02823428_390.JPEG	10	0	50	39
n02823428_391.JPEG	16	0	40	63
n02823428_392.JPEG	53	12	63	63
n02823428_393.JPEG	14	0	50	63
n02823428_394.JPEG	0	0	41	63
n02823428_395.JPEG	0	0	16	63
n02823428_396.JPEG	14	0	51	63
n02823428_397.JPEG	19	3	43	63
n02823428_398.JPEG	35	0	52	46
n02823428_399.JPEG	0	0	31	63
n02823428_400.JPEG	17	0	48	63
n02823428_401.JPEG	0	2	0	63
n02823428_402.JPEG	14	0	52	63
n02823428_403.JPEG	6	37	22	63
n02823428_404.JPEG	14	0	40	63
n02823428_405.JPEG	14	0	25	40
n02823428_406.JPEG	17	13	30	28
n02823428_407.JPEG	23	0	58	63
n02823428_408.JPEG	11	0	59	63
n02823428_409.JPEG	17	4	34	62
n02823428_410.JPEG	17	0	49	63
n02823428_411.JPEG	7	7	56	58
n02823428_412.JPEG	40	17	50	47
n02823428_413.JPEG	24	0	43	63
n02823428_414.JPEG	30	18	60	38
n02823428_415.JPEG	11	17	25	55
n02823428_416.JPEG	13	0	35	63
n02823428_417.JPEG	25	0	45	48
n02823428_418.JPEG	15	0	63	63
n02823428_419.JPEG	27	5	45	62
n02823428_420.JPEG	55	16	63	63
n02823428_421.JPEG	22	0	45	63
n02823428_422.JPEG	7	0	39	61
n02823428_423.JPEG	9	0	32	63
n02823428_424.JPEG	30	0	58	63
n02823428_425.JPEG	3	1	46	63
n02823428_426.JPEG	24	12	44	61
n02823428_427.JPEG	29	17	63	63
n02823428_428.JPEG	23	0	52	63
n02823428_429.JPEG	18	12	29	43
n02823428_430.JPEG	45	25	51	42
n02823428_431.JPEG	17	0	36	63
n02823428_432.JPEG	48	0	63	61
n02823428_433.JPEG	13	0	51	63
n02823428_434.JPEG	34	20	42	50
n02823428_435.JPEG	21	0	44	63
n02823428_436.JPEG	22	0	49	63
n02823428_437.JPEG	26	1	63	63
n02823428_438.JPEG	12	0	31	63
n02823428_439.JPEG	16	0	51	63
n02823428_440.JPEG	9	0	60	63
n02823428_441.JPEG	40	0	56	56
n02823428_442.JPEG	38	0	62	63
n02823428_443.JPEG	19	0	37	25
n02823428_444.JPEG	21	0	44	63
n02823428_445.JPEG	30	2	44	51
n02823428_446.JPEG	21	0	45	63
n02823428_447.JPEG	0	0	14	63
n02823428_448.JPEG	18	0	43	63
n02823428_449.JPEG	23	0	41	63
n02823428_450.JPEG	10	0	56	63
n02823428_451.JPEG	13	0	49	63
n02823428_452.JPEG	31	20	63	48
n02823428_453.JPEG	17	33	26	63
n02823428_454.JPEG	47	0	63	63
n02823428_455.JPEG	18	0	42	63
n02823428_456.JPEG	7	0	47	63
n02823428_457.JPEG	19	0	45	63
n02823428_458.JPEG	29	9	42	59
n02823428_459.JPEG	30	0	52	63
n02823428_460.JPEG	28	9	42	53
n02823428_461.JPEG	39	18	49	52
n02823428_462.JPEG	35	0	59	63
n02823428_463.JPEG	6	0	28	60
n02823428_464.JPEG	34	29	60	56
n02823428_465.JPEG	27	0	50	57
n02823428_466.JPEG	15	0	35	63
n02823428_467.JPEG	17	0	46	63
n02823428_468.JPEG	0	22	45	35
n02823428_469.JPEG	5	0	58	63
n02823428_470.JPEG	36	22	63	63
n02823428_471.JPEG	6	6	20	56
n02823428_472.JPEG	25	8	38	55
n02823428_473.JPEG	20	0	42	63
n02823428_474.JPEG	21	0	44	63
n02823428_475.JPEG	0	0	63	63
n02823428_476.JPEG	16	0	41	63
n02823428_477.JPEG	1	0	63	63
n02823428_478.JPEG	45	2	63	63
n02823428_479.JPEG	19	0	40	63
n02823428_480.JPEG	6	0	57	63
n02823428_481.JPEG	13	0	42	63
n02823428_482.JPEG	25	0	41	63
n02823428_483.JPEG	7	0	63	63
n02823428_484.JPEG	12	13	54	63
n02823428_485.JPEG	16	0	41	63
n02823428_486.JPEG	11	0	43	63
n02823428_487.JPEG	16	0	58	63
n02823428_488.JPEG	22	0	43	63
n02823428_489.JPEG	3	0	59	63
n02823428_490.JPEG	22	13	35	61
n02823428_491.JPEG	23	0	47	63
n02823428_492.JPEG	13	0	56	63
n02823428_493.JPEG	16	0	52	63
n02823428_494.JPEG	38	0	54	63
n02823428_495.JPEG	10	0	33	63
n02823428_496.JPEG	8	0	60	63
n02823428_497.JPEG	10	0	53	63
n02823428_498.JPEG	28	39	40	63
n02823428_499.JPEG	32	0	35	4
