n02666196_0.JPEG	0	3	63	60
n02666196_1.JPEG	0	4	63	63
n02666196_2.JPEG	12	12	40	43
n02666196_3.JPEG	0	4	63	61
n02666196_4.JPEG	0	4	63	62
n02666196_5.JPEG	12	24	57	46
n02666196_6.JPEG	4	51	43	63
n02666196_7.JPEG	0	0	63	63
n02666196_8.JPEG	0	0	27	59
n02666196_9.JPEG	0	0	63	63
n02666196_10.JPEG	21	0	53	63
n02666196_11.JPEG	0	1	63	63
n02666196_12.JPEG	0	7	19	63
n02666196_13.JPEG	3	0	59	63
n02666196_14.JPEG	5	0	63	49
n02666196_15.JPEG	0	0	63	63
n02666196_16.JPEG	13	0	49	63
n02666196_17.JPEG	0	22	63	45
n02666196_18.JPEG	10	1	57	63
n02666196_19.JPEG	0	9	40	63
n02666196_20.JPEG	14	11	56	47
n02666196_21.JPEG	4	3	58	60
n02666196_22.JPEG	0	6	63	63
n02666196_23.JPEG	11	26	58	43
n02666196_24.JPEG	0	19	63	59
n02666196_25.JPEG	0	1	63	63
n02666196_26.JPEG	10	11	54	61
n02666196_27.JPEG	6	27	63	58
n02666196_28.JPEG	0	18	63	59
n02666196_29.JPEG	0	12	63	63
n02666196_30.JPEG	0	1	63	63
n02666196_31.JPEG	20	1	63	63
n02666196_32.JPEG	0	19	63	50
n02666196_33.JPEG	21	1	63	63
n02666196_34.JPEG	0	14	63	57
n02666196_35.JPEG	0	40	63	60
n02666196_36.JPEG	0	42	61	63
n02666196_37.JPEG	4	11	60	52
n02666196_38.JPEG	24	3	59	63
n02666196_39.JPEG	31	16	63	42
n02666196_40.JPEG	0	1	63	63
n02666196_41.JPEG	0	13	63	57
n02666196_42.JPEG	0	30	63	63
n02666196_43.JPEG	0	1	63	62
n02666196_44.JPEG	22	3	49	59
n02666196_45.JPEG	1	0	63	63
n02666196_46.JPEG	0	0	63	63
n02666196_47.JPEG	8	0	57	36
n02666196_48.JPEG	0	18	22	63
n02666196_49.JPEG	0	1	63	63
n02666196_50.JPEG	0	0	63	63
n02666196_51.JPEG	1	0	63	63
n02666196_52.JPEG	0	0	38	63
n02666196_53.JPEG	0	1	62	63
n02666196_54.JPEG	5	0	63	63
n02666196_55.JPEG	0	1	63	63
n02666196_56.JPEG	0	3	63	61
n02666196_57.JPEG	23	34	40	56
n02666196_58.JPEG	0	0	63	63
n02666196_59.JPEG	11	17	63	63
n02666196_60.JPEG	19	0	63	63
n02666196_61.JPEG	20	22	44	43
n02666196_62.JPEG	0	0	63	63
n02666196_63.JPEG	4	16	60	44
n02666196_64.JPEG	0	1	63	63
n02666196_65.JPEG	0	0	63	63
n02666196_66.JPEG	11	7	60	46
n02666196_67.JPEG	34	0	63	38
n02666196_68.JPEG	0	5	63	58
n02666196_69.JPEG	0	1	63	63
n02666196_70.JPEG	0	1	63	63
n02666196_71.JPEG	0	1	63	63
n02666196_72.JPEG	0	5	63	63
n02666196_73.JPEG	0	20	63	44
n02666196_74.JPEG	1	22	49	46
n02666196_75.JPEG	0	2	44	48
n02666196_76.JPEG	0	9	63	63
n02666196_77.JPEG	1	0	63	63
n02666196_78.JPEG	0	32	63	63
n02666196_79.JPEG	2	19	62	61
n02666196_80.JPEG	21	28	40	57
n02666196_81.JPEG	0	27	63	44
n02666196_82.JPEG	0	0	63	63
n02666196_83.JPEG	0	44	63	63
n02666196_84.JPEG	0	0	63	63
n02666196_85.JPEG	0	1	63	63
n02666196_86.JPEG	1	6	63	58
n02666196_87.JPEG	0	0	63	57
n02666196_88.JPEG	0	1	63	56
n02666196_89.JPEG	0	2	63	50
n02666196_90.JPEG	0	0	63	63
n02666196_91.JPEG	0	4	63	63
n02666196_92.JPEG	0	0	63	63
n02666196_93.JPEG	0	29	63	63
n02666196_94.JPEG	39	0	63	63
n02666196_95.JPEG	12	27	49	45
n02666196_96.JPEG	0	0	63	63
n02666196_97.JPEG	0	15	63	63
n02666196_98.JPEG	15	3	55	32
n02666196_99.JPEG	0	11	35	42
n02666196_100.JPEG	0	4	63	62
n02666196_101.JPEG	0	10	63	42
n02666196_102.JPEG	0	0	63	63
n02666196_103.JPEG	0	12	61	57
n02666196_104.JPEG	23	0	44	22
n02666196_105.JPEG	0	11	63	54
n02666196_106.JPEG	13	0	63	63
n02666196_107.JPEG	0	1	63	63
n02666196_108.JPEG	0	0	63	63
n02666196_109.JPEG	0	1	63	63
n02666196_110.JPEG	0	5	63	37
n02666196_111.JPEG	0	1	63	62
n02666196_112.JPEG	0	16	49	63
n02666196_113.JPEG	0	18	63	61
n02666196_114.JPEG	0	0	63	63
n02666196_115.JPEG	0	9	55	63
n02666196_116.JPEG	6	11	58	56
n02666196_117.JPEG	6	2	63	63
n02666196_118.JPEG	10	0	56	60
n02666196_119.JPEG	0	18	60	46
n02666196_120.JPEG	12	21	62	53
n02666196_121.JPEG	0	9	63	57
n02666196_122.JPEG	0	1	63	63
n02666196_123.JPEG	22	24	45	43
n02666196_124.JPEG	0	0	63	63
n02666196_125.JPEG	12	0	63	63
n02666196_126.JPEG	2	24	63	63
n02666196_127.JPEG	0	7	63	56
n02666196_128.JPEG	0	0	63	63
n02666196_129.JPEG	1	9	63	63
n02666196_130.JPEG	0	1	63	63
n02666196_131.JPEG	6	0	63	63
n02666196_132.JPEG	13	34	46	54
n02666196_133.JPEG	0	24	63	57
n02666196_134.JPEG	0	2	63	63
n02666196_135.JPEG	0	0	63	63
n02666196_136.JPEG	0	1	63	63
n02666196_137.JPEG	8	6	53	63
n02666196_138.JPEG	11	17	58	46
n02666196_139.JPEG	0	0	63	63
n02666196_140.JPEG	0	0	63	63
n02666196_141.JPEG	1	0	63	63
n02666196_142.JPEG	0	0	63	63
n02666196_143.JPEG	0	48	63	63
n02666196_144.JPEG	0	4	63	63
n02666196_145.JPEG	0	1	63	63
n02666196_146.JPEG	2	63	63	63
n02666196_147.JPEG	1	0	63	63
n02666196_148.JPEG	0	2	36	63
n02666196_149.JPEG	4	3	35	21
n02666196_150.JPEG	0	26	63	63
n02666196_151.JPEG	1	23	63	61
n02666196_152.JPEG	16	6	41	33
n02666196_153.JPEG	4	0	63	50
n02666196_154.JPEG	2	21	60	44
n02666196_155.JPEG	47	2	63	63
n02666196_156.JPEG	10	1	62	56
n02666196_157.JPEG	0	0	63	63
n02666196_158.JPEG	0	1	63	63
n02666196_159.JPEG	23	0	63	63
n02666196_160.JPEG	0	1	63	63
n02666196_161.JPEG	0	7	63	63
n02666196_162.JPEG	0	13	63	48
n02666196_163.JPEG	11	20	35	30
n02666196_164.JPEG	0	1	63	63
n02666196_165.JPEG	0	0	63	63
n02666196_166.JPEG	1	33	63	63
n02666196_167.JPEG	0	0	63	63
n02666196_168.JPEG	0	0	63	63
n02666196_169.JPEG	1	0	63	63
n02666196_170.JPEG	0	0	63	63
n02666196_171.JPEG	0	30	63	58
n02666196_172.JPEG	0	0	63	63
n02666196_173.JPEG	0	2	63	63
n02666196_174.JPEG	15	33	54	52
n02666196_175.JPEG	0	10	63	63
n02666196_176.JPEG	0	0	63	63
n02666196_177.JPEG	0	4	63	61
n02666196_178.JPEG	0	0	41	42
n02666196_179.JPEG	7	11	63	59
n02666196_180.JPEG	19	18	47	61
n02666196_181.JPEG	1	0	63	63
n02666196_182.JPEG	0	0	20	63
n02666196_183.JPEG	0	0	55	63
n02666196_184.JPEG	16	7	58	40
n02666196_185.JPEG	0	0	63	63
n02666196_186.JPEG	0	1	63	63
n02666196_187.JPEG	0	1	63	63
n02666196_188.JPEG	9	6	27	23
n02666196_189.JPEG	0	5	63	59
n02666196_190.JPEG	0	0	63	63
n02666196_191.JPEG	3	11	59	60
n02666196_192.JPEG	0	4	63	50
n02666196_193.JPEG	0	3	63	52
n02666196_194.JPEG	0	20	63	63
n02666196_195.JPEG	0	18	28	63
n02666196_196.JPEG	1	0	63	63
n02666196_197.JPEG	0	5	63	58
n02666196_198.JPEG	16	17	53	39
n02666196_199.JPEG	0	17	63	63
n02666196_200.JPEG	0	17	63	44
n02666196_201.JPEG	1	0	63	63
n02666196_202.JPEG	0	0	63	63
n02666196_203.JPEG	0	11	63	54
n02666196_204.JPEG	5	3	63	53
n02666196_205.JPEG	4	23	43	50
n02666196_206.JPEG	3	31	49	63
n02666196_207.JPEG	0	1	63	63
n02666196_208.JPEG	0	13	30	63
n02666196_209.JPEG	0	6	63	63
n02666196_210.JPEG	0	3	63	54
n02666196_211.JPEG	2	4	29	58
n02666196_212.JPEG	5	15	60	49
n02666196_213.JPEG	0	0	63	62
n02666196_214.JPEG	0	0	63	63
n02666196_215.JPEG	0	0	63	63
n02666196_216.JPEG	0	7	63	63
n02666196_217.JPEG	22	18	63	55
n02666196_218.JPEG	0	19	34	38
n02666196_219.JPEG	0	0	63	63
n02666196_220.JPEG	15	0	54	50
n02666196_221.JPEG	0	0	63	63
n02666196_222.JPEG	4	41	31	60
n02666196_223.JPEG	0	1	63	63
n02666196_224.JPEG	0	8	63	62
n02666196_225.JPEG	0	11	31	63
n02666196_226.JPEG	0	11	53	61
n02666196_227.JPEG	0	17	63	42
n02666196_228.JPEG	0	4	44	63
n02666196_229.JPEG	0	17	63	56
n02666196_230.JPEG	0	0	63	63
n02666196_231.JPEG	0	17	63	41
n02666196_232.JPEG	17	0	44	63
n02666196_233.JPEG	0	0	63	53
n02666196_234.JPEG	0	2	63	63
n02666196_235.JPEG	0	32	63	63
n02666196_236.JPEG	23	15	61	63
n02666196_237.JPEG	5	15	63	52
n02666196_238.JPEG	0	0	63	63
n02666196_239.JPEG	0	0	63	63
n02666196_240.JPEG	25	40	46	63
n02666196_241.JPEG	0	2	63	63
n02666196_242.JPEG	11	2	51	51
n02666196_243.JPEG	20	0	63	49
n02666196_244.JPEG	0	0	63	63
n02666196_245.JPEG	13	20	47	60
n02666196_246.JPEG	0	1	63	60
n02666196_247.JPEG	5	13	59	49
n02666196_248.JPEG	16	10	50	53
n02666196_249.JPEG	20	2	63	46
n02666196_250.JPEG	13	0	63	63
n02666196_251.JPEG	0	6	63	63
n02666196_252.JPEG	0	5	63	57
n02666196_253.JPEG	0	1	63	46
n02666196_254.JPEG	0	1	63	63
n02666196_255.JPEG	0	20	63	53
n02666196_256.JPEG	7	3	51	35
n02666196_257.JPEG	7	0	57	63
n02666196_258.JPEG	10	0	56	63
n02666196_259.JPEG	0	25	63	58
n02666196_260.JPEG	15	5	54	52
n02666196_261.JPEG	0	9	63	63
n02666196_262.JPEG	1	0	63	63
n02666196_263.JPEG	25	22	50	42
n02666196_264.JPEG	0	0	63	63
n02666196_265.JPEG	0	1	63	63
n02666196_266.JPEG	11	6	59	51
n02666196_267.JPEG	0	19	63	59
n02666196_268.JPEG	2	32	26	63
n02666196_269.JPEG	0	6	63	58
n02666196_270.JPEG	0	1	63	63
n02666196_271.JPEG	29	33	54	63
n02666196_272.JPEG	0	2	63	63
n02666196_273.JPEG	0	0	63	63
n02666196_274.JPEG	0	14	63	63
n02666196_275.JPEG	0	2	33	51
n02666196_276.JPEG	0	3	36	41
n02666196_277.JPEG	1	0	63	63
n02666196_278.JPEG	0	14	63	63
n02666196_279.JPEG	0	7	29	41
n02666196_280.JPEG	17	9	63	63
n02666196_281.JPEG	4	10	59	56
n02666196_282.JPEG	45	1	63	58
n02666196_283.JPEG	0	0	63	63
n02666196_284.JPEG	0	0	63	63
n02666196_285.JPEG	0	0	63	63
n02666196_286.JPEG	23	39	63	63
n02666196_287.JPEG	0	5	63	56
n02666196_288.JPEG	0	15	63	63
n02666196_289.JPEG	1	8	63	56
n02666196_290.JPEG	16	5	37	36
n02666196_291.JPEG	0	0	63	63
n02666196_292.JPEG	25	25	45	42
n02666196_293.JPEG	0	1	63	63
n02666196_294.JPEG	4	0	61	63
n02666196_295.JPEG	0	4	63	55
n02666196_296.JPEG	8	17	24	39
n02666196_297.JPEG	0	6	63	55
n02666196_298.JPEG	11	38	36	63
n02666196_299.JPEG	18	0	53	49
n02666196_300.JPEG	0	11	63	60
n02666196_301.JPEG	2	0	60	63
n02666196_302.JPEG	1	11	63	53
n02666196_303.JPEG	0	0	63	63
n02666196_304.JPEG	32	1	51	34
n02666196_305.JPEG	0	0	63	63
n02666196_306.JPEG	0	18	63	30
n02666196_307.JPEG	0	0	47	63
n02666196_308.JPEG	0	14	27	58
n02666196_309.JPEG	0	10	63	61
n02666196_310.JPEG	8	0	44	62
n02666196_311.JPEG	1	0	63	63
n02666196_312.JPEG	0	0	63	63
n02666196_313.JPEG	8	13	63	63
n02666196_314.JPEG	0	0	63	63
n02666196_315.JPEG	0	24	63	52
n02666196_316.JPEG	0	0	63	63
n02666196_317.JPEG	0	0	31	45
n02666196_318.JPEG	2	9	59	55
n02666196_319.JPEG	17	21	63	38
n02666196_320.JPEG	0	9	63	58
n02666196_321.JPEG	0	0	63	63
n02666196_322.JPEG	0	4	63	59
n02666196_323.JPEG	1	0	63	63
n02666196_324.JPEG	9	6	62	59
n02666196_325.JPEG	1	0	63	63
n02666196_326.JPEG	0	11	63	57
n02666196_327.JPEG	5	1	63	63
n02666196_328.JPEG	0	0	63	63
n02666196_329.JPEG	7	0	49	63
n02666196_330.JPEG	0	0	63	63
n02666196_331.JPEG	13	9	45	39
n02666196_332.JPEG	19	8	46	60
n02666196_333.JPEG	0	9	42	36
n02666196_334.JPEG	1	15	63	43
n02666196_335.JPEG	0	12	63	61
n02666196_336.JPEG	20	21	49	63
n02666196_337.JPEG	0	0	63	63
n02666196_338.JPEG	0	14	63	63
n02666196_339.JPEG	0	0	63	63
n02666196_340.JPEG	0	15	44	63
n02666196_341.JPEG	3	0	63	63
n02666196_342.JPEG	0	0	63	63
n02666196_343.JPEG	10	2	59	57
n02666196_344.JPEG	20	10	60	63
n02666196_345.JPEG	4	22	63	63
n02666196_346.JPEG	0	6	63	62
n02666196_347.JPEG	42	42	63	61
n02666196_348.JPEG	0	10	63	63
n02666196_349.JPEG	0	0	63	63
n02666196_350.JPEG	0	7	62	63
n02666196_351.JPEG	2	0	63	63
n02666196_352.JPEG	0	36	63	55
n02666196_353.JPEG	0	14	63	51
n02666196_354.JPEG	26	48	57	63
n02666196_355.JPEG	0	10	63	53
n02666196_356.JPEG	0	0	59	63
n02666196_357.JPEG	0	24	55	63
n02666196_358.JPEG	0	12	63	60
n02666196_359.JPEG	5	25	49	53
n02666196_360.JPEG	0	0	63	62
n02666196_361.JPEG	0	0	63	63
n02666196_362.JPEG	1	0	63	63
n02666196_363.JPEG	0	5	63	63
n02666196_364.JPEG	5	16	34	59
n02666196_365.JPEG	10	6	59	56
n02666196_366.JPEG	0	11	63	54
n02666196_367.JPEG	7	4	32	25
n02666196_368.JPEG	3	25	63	58
n02666196_369.JPEG	3	3	63	60
n02666196_370.JPEG	18	16	41	47
n02666196_371.JPEG	1	27	38	63
n02666196_372.JPEG	0	13	63	55
n02666196_373.JPEG	9	14	63	54
n02666196_374.JPEG	0	4	63	63
n02666196_375.JPEG	1	0	62	47
n02666196_376.JPEG	0	1	63	63
n02666196_377.JPEG	0	1	63	63
n02666196_378.JPEG	4	25	60	55
n02666196_379.JPEG	6	0	63	63
n02666196_380.JPEG	27	0	63	52
n02666196_381.JPEG	1	2	61	63
n02666196_382.JPEG	14	13	53	60
n02666196_383.JPEG	0	43	63	63
n02666196_384.JPEG	0	8	63	41
n02666196_385.JPEG	0	12	63	40
n02666196_386.JPEG	26	40	52	55
n02666196_387.JPEG	0	0	63	63
n02666196_388.JPEG	0	0	63	63
n02666196_389.JPEG	5	4	63	61
n02666196_390.JPEG	1	12	63	45
n02666196_391.JPEG	7	8	63	50
n02666196_392.JPEG	3	11	59	44
n02666196_393.JPEG	11	28	51	58
n02666196_394.JPEG	18	2	63	62
n02666196_395.JPEG	3	26	63	63
n02666196_396.JPEG	0	13	63	46
n02666196_397.JPEG	0	1	63	63
n02666196_398.JPEG	13	1	55	63
n02666196_399.JPEG	0	2	63	63
n02666196_400.JPEG	36	9	63	60
n02666196_401.JPEG	6	9	53	59
n02666196_402.JPEG	3	11	60	33
n02666196_403.JPEG	0	0	63	63
n02666196_404.JPEG	0	4	63	61
n02666196_405.JPEG	0	0	63	63
n02666196_406.JPEG	0	0	45	63
n02666196_407.JPEG	0	3	63	62
n02666196_408.JPEG	1	0	63	59
n02666196_409.JPEG	0	0	63	63
n02666196_410.JPEG	1	41	33	63
n02666196_411.JPEG	0	8	63	45
n02666196_412.JPEG	0	8	63	56
n02666196_413.JPEG	0	0	63	63
n02666196_414.JPEG	0	4	63	63
n02666196_415.JPEG	0	0	36	63
n02666196_416.JPEG	11	24	47	63
n02666196_417.JPEG	0	16	63	53
n02666196_418.JPEG	0	1	63	63
n02666196_419.JPEG	13	0	54	63
n02666196_420.JPEG	0	0	63	63
n02666196_421.JPEG	0	0	42	63
n02666196_422.JPEG	0	20	63	43
n02666196_423.JPEG	0	0	63	63
n02666196_424.JPEG	1	0	63	63
n02666196_425.JPEG	0	1	42	63
n02666196_426.JPEG	0	0	62	63
n02666196_427.JPEG	0	12	63	60
n02666196_428.JPEG	0	1	63	63
n02666196_429.JPEG	0	1	63	63
n02666196_430.JPEG	19	0	55	63
n02666196_431.JPEG	10	0	48	59
n02666196_432.JPEG	3	24	27	63
n02666196_433.JPEG	0	7	63	63
n02666196_434.JPEG	0	1	63	44
n02666196_435.JPEG	1	0	63	63
n02666196_436.JPEG	7	12	63	58
n02666196_437.JPEG	0	1	63	63
n02666196_438.JPEG	0	13	63	62
n02666196_439.JPEG	2	21	63	63
n02666196_440.JPEG	22	34	39	51
n02666196_441.JPEG	0	0	63	63
n02666196_442.JPEG	0	20	63	63
n02666196_443.JPEG	0	4	63	63
n02666196_444.JPEG	1	1	63	63
n02666196_445.JPEG	0	0	63	63
n02666196_446.JPEG	0	0	63	63
n02666196_447.JPEG	11	5	58	59
n02666196_448.JPEG	10	21	55	44
n02666196_449.JPEG	4	16	63	50
n02666196_450.JPEG	8	8	54	16
n02666196_451.JPEG	0	0	63	63
n02666196_452.JPEG	0	6	57	60
n02666196_453.JPEG	11	35	43	63
n02666196_454.JPEG	0	18	63	52
n02666196_455.JPEG	1	2	60	60
n02666196_456.JPEG	0	6	63	62
n02666196_457.JPEG	7	24	56	43
n02666196_458.JPEG	0	4	63	60
n02666196_459.JPEG	0	5	63	60
n02666196_460.JPEG	0	0	63	63
n02666196_461.JPEG	0	24	26	58
n02666196_462.JPEG	0	4	63	63
n02666196_463.JPEG	1	0	63	63
n02666196_464.JPEG	8	22	51	37
n02666196_465.JPEG	7	12	60	38
n02666196_466.JPEG	0	6	63	53
n02666196_467.JPEG	11	8	53	59
n02666196_468.JPEG	0	3	63	60
n02666196_469.JPEG	0	0	63	63
n02666196_470.JPEG	15	2	53	53
n02666196_471.JPEG	30	25	62	52
n02666196_472.JPEG	0	0	63	63
n02666196_473.JPEG	0	3	63	59
n02666196_474.JPEG	0	3	63	61
n02666196_475.JPEG	0	0	63	63
n02666196_476.JPEG	20	24	63	63
n02666196_477.JPEG	0	2	63	62
n02666196_478.JPEG	5	9	63	53
n02666196_479.JPEG	11	0	63	63
n02666196_480.JPEG	0	0	63	63
n02666196_481.JPEG	0	12	63	61
n02666196_482.JPEG	0	1	63	63
n02666196_483.JPEG	17	21	57	63
n02666196_484.JPEG	3	5	53	60
n02666196_485.JPEG	0	1	63	63
n02666196_486.JPEG	2	0	58	63
n02666196_487.JPEG	15	18	63	63
n02666196_488.JPEG	0	15	63	54
n02666196_489.JPEG	0	1	63	61
n02666196_490.JPEG	1	4	63	63
n02666196_491.JPEG	22	0	44	63
n02666196_492.JPEG	2	24	54	50
n02666196_493.JPEG	0	0	63	63
n02666196_494.JPEG	1	22	63	63
n02666196_495.JPEG	0	0	51	44
n02666196_496.JPEG	0	0	63	63
n02666196_497.JPEG	4	28	37	59
n02666196_498.JPEG	0	39	35	57
n02666196_499.JPEG	0	0	63	63
