n03970156_0.JPEG	20	39	45	52
n03970156_1.JPEG	20	10	63	63
n03970156_2.JPEG	46	11	62	54
n03970156_3.JPEG	30	2	39	35
n03970156_4.JPEG	28	6	50	63
n03970156_5.JPEG	23	0	57	30
n03970156_6.JPEG	30	0	47	63
n03970156_7.JPEG	34	37	43	55
n03970156_8.JPEG	46	14	63	40
n03970156_9.JPEG	18	0	40	63
n03970156_10.JPEG	30	14	35	63
n03970156_11.JPEG	19	26	26	51
n03970156_12.JPEG	24	0	40	30
n03970156_13.JPEG	21	11	29	39
n03970156_14.JPEG	5	38	39	61
n03970156_15.JPEG	22	24	31	39
n03970156_16.JPEG	38	18	52	38
n03970156_17.JPEG	25	44	35	60
n03970156_18.JPEG	46	47	63	63
n03970156_19.JPEG	14	29	32	63
n03970156_20.JPEG	0	13	63	59
n03970156_21.JPEG	0	24	25	41
n03970156_22.JPEG	12	12	33	41
n03970156_23.JPEG	28	5	32	18
n03970156_24.JPEG	3	0	19	56
n03970156_25.JPEG	27	27	33	57
n03970156_26.JPEG	19	1	54	54
n03970156_27.JPEG	24	3	40	49
n03970156_28.JPEG	14	20	45	43
n03970156_29.JPEG	20	19	32	26
n03970156_30.JPEG	0	17	63	63
n03970156_31.JPEG	25	45	42	63
n03970156_32.JPEG	19	19	39	58
n03970156_33.JPEG	27	16	36	38
n03970156_34.JPEG	0	17	63	42
n03970156_35.JPEG	0	26	4	51
n03970156_36.JPEG	0	0	63	63
n03970156_37.JPEG	8	35	17	59
n03970156_38.JPEG	46	29	56	63
n03970156_39.JPEG	2	0	57	28
n03970156_40.JPEG	7	0	24	21
n03970156_41.JPEG	19	0	45	63
n03970156_42.JPEG	21	35	35	44
n03970156_43.JPEG	9	18	58	63
n03970156_44.JPEG	0	15	63	56
n03970156_45.JPEG	54	16	63	51
n03970156_46.JPEG	16	36	50	63
n03970156_47.JPEG	42	11	63	42
n03970156_48.JPEG	24	1	36	60
n03970156_49.JPEG	23	7	41	59
n03970156_50.JPEG	5	20	35	44
n03970156_51.JPEG	38	12	56	62
n03970156_52.JPEG	0	32	62	50
n03970156_53.JPEG	31	33	37	54
n03970156_54.JPEG	3	0	29	60
n03970156_55.JPEG	17	18	25	24
n03970156_56.JPEG	10	4	32	63
n03970156_57.JPEG	16	0	52	37
n03970156_58.JPEG	33	42	44	49
n03970156_59.JPEG	45	22	51	27
n03970156_60.JPEG	52	46	63	58
n03970156_61.JPEG	28	0	46	25
n03970156_62.JPEG	30	0	62	63
n03970156_63.JPEG	12	7	24	51
n03970156_64.JPEG	0	26	35	61
n03970156_65.JPEG	25	0	40	24
n03970156_66.JPEG	11	34	38	61
n03970156_67.JPEG	0	14	63	59
n03970156_68.JPEG	43	12	54	51
n03970156_69.JPEG	13	44	26	63
n03970156_70.JPEG	27	19	63	34
n03970156_71.JPEG	0	0	7	31
n03970156_72.JPEG	0	12	63	51
n03970156_73.JPEG	22	4	54	39
n03970156_74.JPEG	21	11	28	17
n03970156_75.JPEG	16	30	27	63
n03970156_76.JPEG	30	11	36	38
n03970156_77.JPEG	27	27	47	44
n03970156_78.JPEG	27	0	39	63
n03970156_79.JPEG	42	2	55	38
n03970156_80.JPEG	6	29	28	55
n03970156_81.JPEG	19	21	50	63
n03970156_82.JPEG	22	4	52	33
n03970156_83.JPEG	29	28	36	53
n03970156_84.JPEG	46	1	63	35
n03970156_85.JPEG	31	32	37	55
n03970156_86.JPEG	9	2	24	34
n03970156_87.JPEG	0	41	7	59
n03970156_88.JPEG	0	5	63	45
n03970156_89.JPEG	0	14	10	53
n03970156_90.JPEG	16	17	35	27
n03970156_91.JPEG	0	30	21	54
n03970156_92.JPEG	21	29	41	59
n03970156_93.JPEG	35	37	44	63
n03970156_94.JPEG	8	23	18	48
n03970156_95.JPEG	33	23	45	46
n03970156_96.JPEG	50	0	63	33
n03970156_97.JPEG	27	0	35	27
n03970156_98.JPEG	21	18	31	45
n03970156_99.JPEG	38	22	47	51
n03970156_100.JPEG	27	18	46	31
n03970156_101.JPEG	6	13	23	63
n03970156_102.JPEG	7	0	37	21
n03970156_103.JPEG	3	16	42	38
n03970156_104.JPEG	26	20	31	27
n03970156_105.JPEG	25	20	31	38
n03970156_106.JPEG	51	16	63	63
n03970156_107.JPEG	11	33	59	63
n03970156_108.JPEG	17	0	34	22
n03970156_109.JPEG	8	27	37	63
n03970156_110.JPEG	23	4	37	25
n03970156_111.JPEG	32	39	38	51
n03970156_112.JPEG	2	17	40	32
n03970156_113.JPEG	24	0	37	26
n03970156_114.JPEG	45	1	59	29
n03970156_115.JPEG	0	42	4	63
n03970156_116.JPEG	23	55	33	63
n03970156_117.JPEG	25	51	59	63
n03970156_118.JPEG	6	29	19	56
n03970156_119.JPEG	55	25	63	63
n03970156_120.JPEG	40	11	62	45
n03970156_121.JPEG	22	0	31	20
n03970156_122.JPEG	1	4	53	63
n03970156_123.JPEG	21	0	45	63
n03970156_124.JPEG	12	41	19	61
n03970156_125.JPEG	30	6	38	42
n03970156_126.JPEG	1	36	25	58
n03970156_127.JPEG	0	3	63	61
n03970156_128.JPEG	0	5	63	63
n03970156_129.JPEG	37	25	41	42
n03970156_130.JPEG	33	0	43	22
n03970156_131.JPEG	34	52	53	62
n03970156_132.JPEG	10	20	55	33
n03970156_133.JPEG	5	0	18	0
n03970156_134.JPEG	22	0	33	63
n03970156_135.JPEG	23	42	36	47
n03970156_136.JPEG	19	0	41	63
n03970156_137.JPEG	10	19	63	63
n03970156_138.JPEG	7	1	54	61
n03970156_139.JPEG	20	37	63	54
n03970156_140.JPEG	11	0	60	58
n03970156_141.JPEG	0	12	24	50
n03970156_142.JPEG	38	40	52	63
n03970156_143.JPEG	20	2	26	26
n03970156_144.JPEG	24	6	43	63
n03970156_145.JPEG	11	33	26	51
n03970156_146.JPEG	18	5	24	17
n03970156_147.JPEG	46	40	61	63
n03970156_148.JPEG	20	0	36	58
n03970156_149.JPEG	1	1	28	63
n03970156_150.JPEG	25	16	53	34
n03970156_151.JPEG	0	30	17	62
n03970156_152.JPEG	13	0	29	41
n03970156_153.JPEG	27	0	46	44
n03970156_154.JPEG	34	0	45	14
n03970156_155.JPEG	14	36	41	44
n03970156_156.JPEG	4	16	12	43
n03970156_157.JPEG	42	0	48	22
n03970156_158.JPEG	16	15	26	45
n03970156_159.JPEG	38	1	63	63
n03970156_160.JPEG	27	29	50	37
n03970156_161.JPEG	14	7	63	43
n03970156_162.JPEG	16	16	37	59
n03970156_163.JPEG	33	16	47	54
n03970156_164.JPEG	27	0	34	29
n03970156_165.JPEG	0	22	10	53
n03970156_166.JPEG	20	0	30	15
n03970156_167.JPEG	5	13	49	46
n03970156_168.JPEG	0	6	45	47
n03970156_169.JPEG	40	7	53	55
n03970156_170.JPEG	15	27	52	44
n03970156_171.JPEG	7	0	22	58
n03970156_172.JPEG	35	25	63	63
n03970156_173.JPEG	27	28	50	53
n03970156_174.JPEG	12	32	21	62
n03970156_175.JPEG	36	39	45	53
n03970156_176.JPEG	23	0	62	63
n03970156_177.JPEG	6	46	31	61
n03970156_178.JPEG	3	0	40	60
n03970156_179.JPEG	12	0	27	35
n03970156_180.JPEG	1	0	47	63
n03970156_181.JPEG	16	9	63	45
n03970156_182.JPEG	28	0	57	47
n03970156_183.JPEG	46	3	52	31
n03970156_184.JPEG	26	0	63	62
n03970156_185.JPEG	22	13	36	52
n03970156_186.JPEG	32	27	51	55
n03970156_187.JPEG	31	1	46	27
n03970156_188.JPEG	0	26	33	63
n03970156_189.JPEG	16	0	28	19
n03970156_190.JPEG	4	7	47	46
n03970156_191.JPEG	25	0	50	63
n03970156_192.JPEG	21	39	31	61
n03970156_193.JPEG	13	45	40	56
n03970156_194.JPEG	28	1	40	28
n03970156_195.JPEG	2	36	13	42
n03970156_196.JPEG	30	0	38	9
n03970156_197.JPEG	47	25	57	54
n03970156_198.JPEG	31	13	40	52
n03970156_199.JPEG	32	21	37	32
n03970156_200.JPEG	40	14	52	54
n03970156_201.JPEG	37	32	51	55
n03970156_202.JPEG	27	15	46	27
n03970156_203.JPEG	33	49	42	63
n03970156_204.JPEG	4	13	18	60
n03970156_205.JPEG	11	26	40	42
n03970156_206.JPEG	5	0	31	63
n03970156_207.JPEG	21	2	44	63
n03970156_208.JPEG	30	47	37	63
n03970156_209.JPEG	23	19	26	37
n03970156_210.JPEG	23	38	31	55
n03970156_211.JPEG	2	2	18	16
n03970156_212.JPEG	10	11	19	42
n03970156_213.JPEG	31	0	42	42
n03970156_214.JPEG	7	0	22	26
n03970156_215.JPEG	37	0	51	24
n03970156_216.JPEG	33	29	59	54
n03970156_217.JPEG	63	44	63	47
n03970156_218.JPEG	30	14	63	28
n03970156_219.JPEG	15	24	37	55
n03970156_220.JPEG	7	1	44	63
n03970156_221.JPEG	16	0	55	63
n03970156_222.JPEG	42	40	51	63
n03970156_223.JPEG	27	8	40	58
n03970156_224.JPEG	23	25	33	59
n03970156_225.JPEG	19	20	34	53
n03970156_226.JPEG	11	30	42	39
n03970156_227.JPEG	42	6	60	45
n03970156_228.JPEG	8	24	24	49
n03970156_229.JPEG	22	21	43	52
n03970156_230.JPEG	31	0	46	7
n03970156_231.JPEG	9	1	51	44
n03970156_232.JPEG	23	36	28	56
n03970156_233.JPEG	26	7	37	24
n03970156_234.JPEG	35	14	51	42
n03970156_235.JPEG	24	3	31	22
n03970156_236.JPEG	54	21	63	53
n03970156_237.JPEG	1	15	28	63
n03970156_238.JPEG	20	28	40	41
n03970156_239.JPEG	47	0	58	23
n03970156_240.JPEG	28	12	43	45
n03970156_241.JPEG	0	30	32	41
n03970156_242.JPEG	11	0	63	55
n03970156_243.JPEG	24	20	35	33
n03970156_244.JPEG	19	2	27	21
n03970156_245.JPEG	0	0	63	56
n03970156_246.JPEG	0	4	24	39
n03970156_247.JPEG	13	15	48	57
n03970156_248.JPEG	17	0	41	25
n03970156_249.JPEG	16	0	46	63
n03970156_250.JPEG	6	33	14	63
n03970156_251.JPEG	16	0	51	63
n03970156_252.JPEG	20	4	39	63
n03970156_253.JPEG	27	26	34	51
n03970156_254.JPEG	16	0	46	56
n03970156_255.JPEG	14	0	33	63
n03970156_256.JPEG	0	21	44	49
n03970156_257.JPEG	36	26	47	56
n03970156_258.JPEG	32	26	51	59
n03970156_259.JPEG	27	22	33	29
n03970156_260.JPEG	34	0	46	19
n03970156_261.JPEG	0	32	34	50
n03970156_262.JPEG	26	15	58	60
n03970156_263.JPEG	8	0	56	55
n03970156_264.JPEG	25	12	44	58
n03970156_265.JPEG	7	0	63	63
n03970156_266.JPEG	0	30	47	44
n03970156_267.JPEG	25	6	40	58
n03970156_268.JPEG	19	27	39	46
n03970156_269.JPEG	0	1	63	60
n03970156_270.JPEG	21	29	48	39
n03970156_271.JPEG	56	0	61	7
n03970156_272.JPEG	16	29	31	39
n03970156_273.JPEG	20	7	46	25
n03970156_274.JPEG	7	0	61	63
n03970156_275.JPEG	29	1	49	47
n03970156_276.JPEG	25	28	35	63
n03970156_277.JPEG	0	13	9	63
n03970156_278.JPEG	1	22	63	63
n03970156_279.JPEG	13	21	19	38
n03970156_280.JPEG	10	11	61	44
n03970156_281.JPEG	19	12	35	57
n03970156_282.JPEG	25	26	37	51
n03970156_283.JPEG	35	11	41	34
n03970156_284.JPEG	30	19	42	35
n03970156_285.JPEG	0	0	43	63
n03970156_286.JPEG	46	29	62	34
n03970156_287.JPEG	24	0	37	36
n03970156_288.JPEG	17	16	33	49
n03970156_289.JPEG	21	0	37	63
n03970156_290.JPEG	41	3	53	49
n03970156_291.JPEG	26	5	38	61
n03970156_292.JPEG	20	32	39	37
n03970156_293.JPEG	33	26	40	51
n03970156_294.JPEG	8	40	31	49
n03970156_295.JPEG	45	0	59	0
n03970156_296.JPEG	20	38	25	56
n03970156_297.JPEG	20	11	59	35
n03970156_298.JPEG	29	0	37	63
n03970156_299.JPEG	8	42	19	53
n03970156_300.JPEG	34	17	42	37
n03970156_301.JPEG	23	0	49	63
n03970156_302.JPEG	23	0	35	39
n03970156_303.JPEG	29	41	34	45
n03970156_304.JPEG	22	24	36	60
n03970156_305.JPEG	27	16	63	55
n03970156_306.JPEG	0	1	63	63
n03970156_307.JPEG	20	22	40	56
n03970156_308.JPEG	11	0	45	63
n03970156_309.JPEG	26	17	48	36
n03970156_310.JPEG	25	18	63	63
n03970156_311.JPEG	4	21	54	37
n03970156_312.JPEG	19	0	39	52
n03970156_313.JPEG	42	27	55	63
n03970156_314.JPEG	12	0	57	63
n03970156_315.JPEG	31	30	35	41
n03970156_316.JPEG	27	0	40	31
n03970156_317.JPEG	6	30	46	63
n03970156_318.JPEG	26	1	45	60
n03970156_319.JPEG	34	29	48	43
n03970156_320.JPEG	19	0	42	16
n03970156_321.JPEG	27	45	35	63
n03970156_322.JPEG	21	20	59	31
n03970156_323.JPEG	33	32	56	63
n03970156_324.JPEG	0	28	44	56
n03970156_325.JPEG	6	22	45	63
n03970156_326.JPEG	26	12	39	34
n03970156_327.JPEG	15	7	21	26
n03970156_328.JPEG	18	31	28	37
n03970156_329.JPEG	28	17	63	30
n03970156_330.JPEG	25	10	38	61
n03970156_331.JPEG	0	22	29	63
n03970156_332.JPEG	34	36	42	56
n03970156_333.JPEG	51	46	62	63
n03970156_334.JPEG	42	0	63	58
n03970156_335.JPEG	22	27	37	34
n03970156_336.JPEG	4	27	17	45
n03970156_337.JPEG	12	4	24	51
n03970156_338.JPEG	27	45	35	63
n03970156_339.JPEG	26	0	43	23
n03970156_340.JPEG	12	31	21	63
n03970156_341.JPEG	11	22	23	49
n03970156_342.JPEG	32	45	40	63
n03970156_343.JPEG	33	7	43	27
n03970156_344.JPEG	27	0	51	48
n03970156_345.JPEG	3	43	25	63
n03970156_346.JPEG	11	0	55	63
n03970156_347.JPEG	17	34	63	63
n03970156_348.JPEG	14	1	38	34
n03970156_349.JPEG	43	39	60	57
n03970156_350.JPEG	32	27	38	35
n03970156_351.JPEG	10	10	32	48
n03970156_352.JPEG	22	39	52	54
n03970156_353.JPEG	44	50	57	63
n03970156_354.JPEG	16	12	55	21
n03970156_355.JPEG	44	21	56	38
n03970156_356.JPEG	1	6	20	50
n03970156_357.JPEG	18	0	42	63
n03970156_358.JPEG	18	9	35	63
n03970156_359.JPEG	18	0	39	63
n03970156_360.JPEG	14	0	27	51
n03970156_361.JPEG	15	13	41	62
n03970156_362.JPEG	54	11	59	22
n03970156_363.JPEG	11	7	26	56
n03970156_364.JPEG	0	21	46	55
n03970156_365.JPEG	1	38	40	56
n03970156_366.JPEG	42	0	62	59
n03970156_367.JPEG	18	18	30	34
n03970156_368.JPEG	35	25	63	45
n03970156_369.JPEG	55	12	63	37
n03970156_370.JPEG	22	14	34	38
n03970156_371.JPEG	3	0	63	63
n03970156_372.JPEG	19	0	41	63
n03970156_373.JPEG	20	10	60	47
n03970156_374.JPEG	29	0	45	24
n03970156_375.JPEG	51	16	63	51
n03970156_376.JPEG	20	1	45	63
n03970156_377.JPEG	25	52	34	63
n03970156_378.JPEG	16	6	59	17
n03970156_379.JPEG	28	23	33	43
n03970156_380.JPEG	28	15	45	45
n03970156_381.JPEG	25	0	41	13
n03970156_382.JPEG	25	35	30	54
n03970156_383.JPEG	30	28	49	41
n03970156_384.JPEG	26	0	56	63
n03970156_385.JPEG	0	3	63	56
n03970156_386.JPEG	0	8	63	62
n03970156_387.JPEG	0	17	19	35
n03970156_388.JPEG	0	13	63	55
n03970156_389.JPEG	34	10	48	46
n03970156_390.JPEG	14	9	26	30
n03970156_391.JPEG	14	25	55	41
n03970156_392.JPEG	26	1	42	63
n03970156_393.JPEG	26	14	41	39
n03970156_394.JPEG	0	12	53	37
n03970156_395.JPEG	48	22	63	63
n03970156_396.JPEG	0	0	5	27
n03970156_397.JPEG	26	24	31	37
n03970156_398.JPEG	41	12	57	18
n03970156_399.JPEG	0	35	24	59
n03970156_400.JPEG	24	13	38	63
n03970156_401.JPEG	45	18	63	50
n03970156_402.JPEG	27	5	51	63
n03970156_403.JPEG	28	5	56	34
n03970156_404.JPEG	48	0	63	39
n03970156_405.JPEG	22	0	44	63
n03970156_406.JPEG	30	42	51	63
n03970156_407.JPEG	0	35	42	51
n03970156_408.JPEG	28	14	56	44
n03970156_409.JPEG	0	28	63	58
n03970156_410.JPEG	3	11	27	33
n03970156_411.JPEG	26	8	35	48
n03970156_412.JPEG	37	37	49	46
n03970156_413.JPEG	10	2	28	36
n03970156_414.JPEG	40	34	51	56
n03970156_415.JPEG	24	0	37	44
n03970156_416.JPEG	28	3	63	21
n03970156_417.JPEG	19	15	31	54
n03970156_418.JPEG	30	34	42	59
n03970156_419.JPEG	5	13	61	54
n03970156_420.JPEG	15	0	52	63
n03970156_421.JPEG	39	0	63	48
n03970156_422.JPEG	25	29	45	48
n03970156_423.JPEG	0	19	42	58
n03970156_424.JPEG	5	21	23	63
n03970156_425.JPEG	3	11	35	32
n03970156_426.JPEG	24	0	42	53
n03970156_427.JPEG	21	44	28	63
n03970156_428.JPEG	15	1	51	63
n03970156_429.JPEG	19	50	35	63
n03970156_430.JPEG	4	16	26	43
n03970156_431.JPEG	24	0	48	61
n03970156_432.JPEG	0	21	42	34
n03970156_433.JPEG	21	40	23	49
n03970156_434.JPEG	6	5	31	48
n03970156_435.JPEG	32	26	53	41
n03970156_436.JPEG	26	16	30	27
n03970156_437.JPEG	0	1	54	63
n03970156_438.JPEG	7	23	35	38
n03970156_439.JPEG	29	7	33	18
n03970156_440.JPEG	16	9	35	20
n03970156_441.JPEG	24	23	32	52
n03970156_442.JPEG	39	20	63	58
n03970156_443.JPEG	13	20	38	54
n03970156_444.JPEG	38	8	58	51
n03970156_445.JPEG	29	36	47	46
n03970156_446.JPEG	0	19	31	63
n03970156_447.JPEG	15	0	61	32
n03970156_448.JPEG	20	15	29	31
n03970156_449.JPEG	38	18	50	56
n03970156_450.JPEG	28	31	63	42
n03970156_451.JPEG	4	18	28	33
n03970156_452.JPEG	26	3	37	61
n03970156_453.JPEG	16	0	62	63
n03970156_454.JPEG	35	36	41	57
n03970156_455.JPEG	28	0	63	46
n03970156_456.JPEG	0	20	37	61
n03970156_457.JPEG	30	11	40	41
n03970156_458.JPEG	28	12	40	37
n03970156_459.JPEG	35	49	46	63
n03970156_460.JPEG	27	37	63	47
n03970156_461.JPEG	3	24	12	49
n03970156_462.JPEG	13	51	49	63
n03970156_463.JPEG	47	24	59	31
n03970156_464.JPEG	8	11	63	61
n03970156_465.JPEG	24	26	34	62
n03970156_466.JPEG	0	16	54	55
n03970156_467.JPEG	25	0	39	50
n03970156_468.JPEG	31	36	50	63
n03970156_469.JPEG	7	27	27	63
n03970156_470.JPEG	6	0	14	27
n03970156_471.JPEG	0	8	46	63
n03970156_472.JPEG	14	0	44	63
n03970156_473.JPEG	31	22	60	63
n03970156_474.JPEG	26	15	39	36
n03970156_475.JPEG	16	0	39	63
n03970156_476.JPEG	17	21	39	43
n03970156_477.JPEG	15	1	45	61
n03970156_478.JPEG	22	0	34	41
n03970156_479.JPEG	42	9	52	52
n03970156_480.JPEG	34	30	51	39
n03970156_481.JPEG	0	10	39	44
n03970156_482.JPEG	28	20	41	57
n03970156_483.JPEG	34	7	39	16
n03970156_484.JPEG	21	9	43	63
n03970156_485.JPEG	6	0	60	61
n03970156_486.JPEG	16	14	51	63
n03970156_487.JPEG	16	9	41	62
n03970156_488.JPEG	3	8	62	55
n03970156_489.JPEG	11	50	19	63
n03970156_490.JPEG	5	1	63	29
n03970156_491.JPEG	9	21	60	40
n03970156_492.JPEG	2	0	56	63
n03970156_493.JPEG	0	27	44	63
n03970156_494.JPEG	0	24	5	35
n03970156_495.JPEG	32	1	49	54
n03970156_496.JPEG	17	6	25	24
n03970156_497.JPEG	31	2	42	32
n03970156_498.JPEG	39	5	54	56
n03970156_499.JPEG	11	38	46	52
