n03447447_0.JPEG	20	0	54	63
n03447447_1.JPEG	16	58	63	63
n03447447_2.JPEG	0	38	63	61
n03447447_3.JPEG	0	14	40	62
n03447447_4.JPEG	11	34	55	62
n03447447_5.JPEG	22	32	36	51
n03447447_6.JPEG	0	45	56	63
n03447447_7.JPEG	9	40	28	51
n03447447_8.JPEG	0	39	54	63
n03447447_9.JPEG	0	36	63	49
n03447447_10.JPEG	0	30	63	60
n03447447_11.JPEG	18	45	63	54
n03447447_12.JPEG	13	36	41	63
n03447447_13.JPEG	0	28	55	63
n03447447_14.JPEG	0	31	63	63
n03447447_15.JPEG	31	49	62	61
n03447447_16.JPEG	61	32	63	63
n03447447_17.JPEG	17	33	32	41
n03447447_18.JPEG	6	30	63	52
n03447447_19.JPEG	0	28	61	51
n03447447_20.JPEG	38	4	63	63
n03447447_21.JPEG	0	16	49	63
n03447447_22.JPEG	1	6	41	63
n03447447_23.JPEG	0	28	57	63
n03447447_24.JPEG	30	17	59	33
n03447447_25.JPEG	2	10	55	63
n03447447_26.JPEG	0	38	63	63
n03447447_27.JPEG	5	8	56	45
n03447447_28.JPEG	48	20	63	63
n03447447_29.JPEG	1	18	53	63
n03447447_30.JPEG	0	35	63	52
n03447447_31.JPEG	0	23	63	58
n03447447_32.JPEG	10	25	45	35
n03447447_33.JPEG	6	41	33	63
n03447447_34.JPEG	0	15	63	63
n03447447_35.JPEG	20	26	51	54
n03447447_36.JPEG	0	19	41	57
n03447447_37.JPEG	20	38	57	63
n03447447_38.JPEG	0	16	61	63
n03447447_39.JPEG	0	19	63	47
n03447447_40.JPEG	4	0	63	63
n03447447_41.JPEG	9	16	63	33
n03447447_42.JPEG	6	43	63	57
n03447447_43.JPEG	0	15	63	44
n03447447_44.JPEG	0	10	63	55
n03447447_45.JPEG	0	11	63	62
n03447447_46.JPEG	26	33	53	63
n03447447_47.JPEG	0	29	46	63
n03447447_48.JPEG	0	18	63	43
n03447447_49.JPEG	4	39	46	63
n03447447_50.JPEG	0	40	63	57
n03447447_51.JPEG	0	60	63	63
n03447447_52.JPEG	0	28	63	63
n03447447_53.JPEG	26	0	63	63
n03447447_54.JPEG	15	23	33	39
n03447447_55.JPEG	0	32	63	50
n03447447_56.JPEG	6	14	63	52
n03447447_57.JPEG	0	7	38	54
n03447447_58.JPEG	6	2	52	56
n03447447_59.JPEG	5	28	50	63
n03447447_60.JPEG	0	29	63	49
n03447447_61.JPEG	0	28	63	44
n03447447_62.JPEG	0	27	63	52
n03447447_63.JPEG	54	24	63	50
n03447447_64.JPEG	17	10	36	55
n03447447_65.JPEG	0	21	63	49
n03447447_66.JPEG	4	25	56	63
n03447447_67.JPEG	0	36	63	55
n03447447_68.JPEG	0	6	63	55
n03447447_69.JPEG	39	33	55	63
n03447447_70.JPEG	11	21	38	63
n03447447_71.JPEG	0	21	9	42
n03447447_72.JPEG	54	6	63	33
n03447447_73.JPEG	12	0	62	63
n03447447_74.JPEG	28	30	44	59
n03447447_75.JPEG	7	19	63	47
n03447447_76.JPEG	1	52	32	63
n03447447_77.JPEG	16	26	30	46
n03447447_78.JPEG	13	0	59	58
n03447447_79.JPEG	18	35	63	56
n03447447_80.JPEG	0	17	63	63
n03447447_81.JPEG	31	0	58	62
n03447447_82.JPEG	0	26	30	42
n03447447_83.JPEG	3	39	24	48
n03447447_84.JPEG	3	0	57	63
n03447447_85.JPEG	3	32	63	63
n03447447_86.JPEG	3	14	42	63
n03447447_87.JPEG	0	22	63	43
n03447447_88.JPEG	1	27	63	63
n03447447_89.JPEG	0	17	63	63
n03447447_90.JPEG	0	14	55	63
n03447447_91.JPEG	44	27	63	59
n03447447_92.JPEG	14	35	33	47
n03447447_93.JPEG	0	42	48	63
n03447447_94.JPEG	31	19	51	63
n03447447_95.JPEG	22	4	63	63
n03447447_96.JPEG	0	10	63	54
n03447447_97.JPEG	0	35	63	63
n03447447_98.JPEG	3	38	61	47
n03447447_99.JPEG	13	9	59	63
n03447447_100.JPEG	7	0	60	63
n03447447_101.JPEG	37	60	48	63
n03447447_102.JPEG	42	30	63	56
n03447447_103.JPEG	0	32	50	63
n03447447_104.JPEG	0	17	58	63
n03447447_105.JPEG	18	34	63	63
n03447447_106.JPEG	0	26	63	52
n03447447_107.JPEG	0	18	15	57
n03447447_108.JPEG	17	33	40	63
n03447447_109.JPEG	36	41	46	53
n03447447_110.JPEG	1	29	48	63
n03447447_111.JPEG	41	29	63	62
n03447447_112.JPEG	5	12	58	63
n03447447_113.JPEG	11	6	45	63
n03447447_114.JPEG	20	21	48	63
n03447447_115.JPEG	29	49	42	60
n03447447_116.JPEG	28	27	63	63
n03447447_117.JPEG	25	25	46	32
n03447447_118.JPEG	26	30	63	62
n03447447_119.JPEG	17	24	60	50
n03447447_120.JPEG	21	15	63	63
n03447447_121.JPEG	14	34	45	47
n03447447_122.JPEG	48	36	63	63
n03447447_123.JPEG	12	10	44	63
n03447447_124.JPEG	0	28	63	42
n03447447_125.JPEG	0	33	63	45
n03447447_126.JPEG	0	26	60	41
n03447447_127.JPEG	36	27	57	50
n03447447_128.JPEG	35	32	47	57
n03447447_129.JPEG	0	28	63	44
n03447447_130.JPEG	27	34	63	63
n03447447_131.JPEG	15	35	62	63
n03447447_132.JPEG	5	15	45	57
n03447447_133.JPEG	0	4	16	44
n03447447_134.JPEG	18	20	61	54
n03447447_135.JPEG	20	36	27	46
n03447447_136.JPEG	12	37	42	46
n03447447_137.JPEG	2	33	63	63
n03447447_138.JPEG	0	24	63	45
n03447447_139.JPEG	26	21	38	39
n03447447_140.JPEG	3	41	60	63
n03447447_141.JPEG	0	22	63	44
n03447447_142.JPEG	14	30	63	53
n03447447_143.JPEG	6	0	40	63
n03447447_144.JPEG	32	29	59	38
n03447447_145.JPEG	1	38	61	50
n03447447_146.JPEG	30	15	54	63
n03447447_147.JPEG	0	25	17	51
n03447447_148.JPEG	0	29	49	63
n03447447_149.JPEG	0	7	35	53
n03447447_150.JPEG	17	23	50	63
n03447447_151.JPEG	0	30	63	59
n03447447_152.JPEG	1	45	63	58
n03447447_153.JPEG	0	20	43	30
n03447447_154.JPEG	0	20	46	63
n03447447_155.JPEG	7	18	53	55
n03447447_156.JPEG	0	29	0	57
n03447447_157.JPEG	0	28	63	42
n03447447_158.JPEG	31	38	42	54
n03447447_159.JPEG	17	37	54	52
n03447447_160.JPEG	11	0	63	63
n03447447_161.JPEG	0	12	63	63
n03447447_162.JPEG	0	24	63	63
n03447447_163.JPEG	6	31	43	63
n03447447_164.JPEG	23	0	56	63
n03447447_165.JPEG	3	0	59	63
n03447447_166.JPEG	0	1	63	61
n03447447_167.JPEG	1	34	34	53
n03447447_168.JPEG	40	32	46	36
n03447447_169.JPEG	32	29	48	63
n03447447_170.JPEG	33	34	57	63
n03447447_171.JPEG	0	19	63	63
n03447447_172.JPEG	13	27	50	49
n03447447_173.JPEG	43	27	59	54
n03447447_174.JPEG	25	24	63	63
n03447447_175.JPEG	29	20	63	44
n03447447_176.JPEG	58	18	63	38
n03447447_177.JPEG	0	7	62	48
n03447447_178.JPEG	0	12	63	63
n03447447_179.JPEG	0	35	63	54
n03447447_180.JPEG	0	24	63	38
n03447447_181.JPEG	0	28	63	63
n03447447_182.JPEG	37	47	53	63
n03447447_183.JPEG	37	27	49	39
n03447447_184.JPEG	10	34	46	63
n03447447_185.JPEG	34	36	63	51
n03447447_186.JPEG	1	47	63	63
n03447447_187.JPEG	0	27	63	53
n03447447_188.JPEG	0	14	63	61
n03447447_189.JPEG	1	11	57	25
n03447447_190.JPEG	32	50	63	62
n03447447_191.JPEG	11	0	56	63
n03447447_192.JPEG	20	46	43	52
n03447447_193.JPEG	0	39	50	63
n03447447_194.JPEG	0	14	63	63
n03447447_195.JPEG	0	27	37	48
n03447447_196.JPEG	0	28	63	39
n03447447_197.JPEG	33	18	47	32
n03447447_198.JPEG	25	31	43	54
n03447447_199.JPEG	0	29	15	57
n03447447_200.JPEG	0	27	63	61
n03447447_201.JPEG	11	56	36	63
n03447447_202.JPEG	0	5	46	63
n03447447_203.JPEG	0	5	63	21
n03447447_204.JPEG	1	23	63	41
n03447447_205.JPEG	16	22	63	62
n03447447_206.JPEG	16	45	47	63
n03447447_207.JPEG	3	0	56	63
n03447447_208.JPEG	0	33	27	44
n03447447_209.JPEG	0	4	63	54
n03447447_210.JPEG	0	24	50	58
n03447447_211.JPEG	0	25	63	60
n03447447_212.JPEG	28	20	62	63
n03447447_213.JPEG	16	2	63	52
n03447447_214.JPEG	0	22	40	48
n03447447_215.JPEG	13	26	49	55
n03447447_216.JPEG	0	22	63	45
n03447447_217.JPEG	0	35	63	48
n03447447_218.JPEG	0	16	63	62
n03447447_219.JPEG	18	27	52	63
n03447447_220.JPEG	39	0	57	60
n03447447_221.JPEG	0	12	63	63
n03447447_222.JPEG	41	37	63	59
n03447447_223.JPEG	25	29	58	56
n03447447_224.JPEG	31	26	44	39
n03447447_225.JPEG	33	38	63	63
n03447447_226.JPEG	3	4	40	55
n03447447_227.JPEG	6	48	62	58
n03447447_228.JPEG	0	9	63	60
n03447447_229.JPEG	21	36	37	59
n03447447_230.JPEG	0	27	63	54
n03447447_231.JPEG	13	18	63	48
n03447447_232.JPEG	0	15	63	50
n03447447_233.JPEG	0	1	63	63
n03447447_234.JPEG	29	47	51	55
n03447447_235.JPEG	5	30	46	52
n03447447_236.JPEG	11	0	63	63
n03447447_237.JPEG	7	41	26	63
n03447447_238.JPEG	28	7	49	52
n03447447_239.JPEG	22	38	63	58
n03447447_240.JPEG	5	44	32	63
n03447447_241.JPEG	0	45	31	50
n03447447_242.JPEG	6	32	40	59
n03447447_243.JPEG	0	22	63	60
n03447447_244.JPEG	0	22	27	52
n03447447_245.JPEG	17	38	54	50
n03447447_246.JPEG	27	26	41	44
n03447447_247.JPEG	0	0	63	60
n03447447_248.JPEG	5	27	48	37
n03447447_249.JPEG	39	45	63	61
n03447447_250.JPEG	0	45	63	58
n03447447_251.JPEG	6	0	63	63
n03447447_252.JPEG	0	25	54	63
n03447447_253.JPEG	2	17	46	63
n03447447_254.JPEG	0	37	55	63
n03447447_255.JPEG	0	42	63	54
n03447447_256.JPEG	10	43	46	63
n03447447_257.JPEG	0	17	63	48
n03447447_258.JPEG	26	13	58	63
n03447447_259.JPEG	35	3	46	27
n03447447_260.JPEG	32	45	56	63
n03447447_261.JPEG	18	30	61	46
n03447447_262.JPEG	7	18	44	57
n03447447_263.JPEG	0	48	63	60
n03447447_264.JPEG	38	46	61	59
n03447447_265.JPEG	0	4	63	57
n03447447_266.JPEG	0	15	63	63
n03447447_267.JPEG	5	46	63	57
n03447447_268.JPEG	0	17	42	48
n03447447_269.JPEG	15	34	55	57
n03447447_270.JPEG	31	26	63	44
n03447447_271.JPEG	26	29	42	59
n03447447_272.JPEG	0	17	18	47
n03447447_273.JPEG	5	21	48	63
n03447447_274.JPEG	0	32	47	40
n03447447_275.JPEG	4	0	60	57
n03447447_276.JPEG	0	32	63	52
n03447447_277.JPEG	37	35	42	40
n03447447_278.JPEG	3	2	55	63
n03447447_279.JPEG	0	13	63	53
n03447447_280.JPEG	0	49	63	63
n03447447_281.JPEG	0	4	58	57
n03447447_282.JPEG	0	36	38	59
n03447447_283.JPEG	0	36	13	54
n03447447_284.JPEG	20	17	63	63
n03447447_285.JPEG	8	40	35	47
n03447447_286.JPEG	0	33	63	50
n03447447_287.JPEG	23	11	63	50
n03447447_288.JPEG	24	25	47	44
n03447447_289.JPEG	0	15	63	32
n03447447_290.JPEG	6	61	61	63
n03447447_291.JPEG	1	53	23	63
n03447447_292.JPEG	0	33	63	62
n03447447_293.JPEG	0	35	63	63
n03447447_294.JPEG	1	11	63	51
n03447447_295.JPEG	42	50	53	63
n03447447_296.JPEG	18	2	48	52
n03447447_297.JPEG	32	31	59	59
n03447447_298.JPEG	0	40	63	57
n03447447_299.JPEG	16	15	51	60
n03447447_300.JPEG	4	46	52	63
n03447447_301.JPEG	8	25	63	56
n03447447_302.JPEG	0	27	49	63
n03447447_303.JPEG	17	34	63	44
n03447447_304.JPEG	0	1	63	63
n03447447_305.JPEG	0	0	48	63
n03447447_306.JPEG	25	36	40	48
n03447447_307.JPEG	26	49	34	59
n03447447_308.JPEG	24	21	46	40
n03447447_309.JPEG	0	28	63	63
n03447447_310.JPEG	27	47	63	63
n03447447_311.JPEG	2	44	63	63
n03447447_312.JPEG	1	1	60	63
n03447447_313.JPEG	24	37	32	42
n03447447_314.JPEG	23	7	46	38
n03447447_315.JPEG	0	48	60	63
n03447447_316.JPEG	34	23	63	41
n03447447_317.JPEG	0	0	55	63
n03447447_318.JPEG	0	12	49	55
n03447447_319.JPEG	18	10	49	63
n03447447_320.JPEG	0	25	63	44
n03447447_321.JPEG	0	27	63	46
n03447447_322.JPEG	16	0	26	52
n03447447_323.JPEG	35	22	60	41
n03447447_324.JPEG	62	38	63	57
n03447447_325.JPEG	13	5	38	44
n03447447_326.JPEG	0	42	47	61
n03447447_327.JPEG	12	19	44	63
n03447447_328.JPEG	19	8	35	59
n03447447_329.JPEG	0	1	63	63
n03447447_330.JPEG	0	22	0	45
n03447447_331.JPEG	7	31	63	52
n03447447_332.JPEG	0	30	63	63
n03447447_333.JPEG	27	39	56	62
n03447447_334.JPEG	0	13	63	63
n03447447_335.JPEG	1	29	62	49
n03447447_336.JPEG	12	34	63	61
n03447447_337.JPEG	0	22	55	63
n03447447_338.JPEG	5	21	63	63
n03447447_339.JPEG	0	1	31	63
n03447447_340.JPEG	16	18	53	47
n03447447_341.JPEG	20	0	63	63
n03447447_342.JPEG	0	39	52	51
n03447447_343.JPEG	3	9	63	42
n03447447_344.JPEG	24	23	47	63
n03447447_345.JPEG	0	31	63	63
n03447447_346.JPEG	16	38	34	48
n03447447_347.JPEG	1	9	63	63
n03447447_348.JPEG	13	25	39	48
n03447447_349.JPEG	0	18	63	63
n03447447_350.JPEG	9	23	28	55
n03447447_351.JPEG	10	27	29	51
n03447447_352.JPEG	40	39	51	51
n03447447_353.JPEG	35	37	49	57
n03447447_354.JPEG	0	29	63	46
n03447447_355.JPEG	0	11	37	63
n03447447_356.JPEG	17	33	45	63
n03447447_357.JPEG	0	11	63	62
n03447447_358.JPEG	0	20	63	56
n03447447_359.JPEG	0	20	63	63
n03447447_360.JPEG	12	11	46	41
n03447447_361.JPEG	23	48	36	62
n03447447_362.JPEG	0	21	53	62
n03447447_363.JPEG	21	33	63	50
n03447447_364.JPEG	8	14	48	54
n03447447_365.JPEG	0	7	61	49
n03447447_366.JPEG	18	15	63	53
n03447447_367.JPEG	34	25	49	48
n03447447_368.JPEG	11	11	63	58
n03447447_369.JPEG	33	22	41	35
n03447447_370.JPEG	17	25	38	44
n03447447_371.JPEG	8	8	42	48
n03447447_372.JPEG	27	19	43	63
n03447447_373.JPEG	28	19	41	61
n03447447_374.JPEG	24	19	59	41
n03447447_375.JPEG	21	33	29	45
n03447447_376.JPEG	0	30	60	53
n03447447_377.JPEG	1	21	53	63
n03447447_378.JPEG	14	23	54	63
n03447447_379.JPEG	0	32	63	63
n03447447_380.JPEG	0	26	51	43
n03447447_381.JPEG	34	17	63	41
n03447447_382.JPEG	12	9	60	63
n03447447_383.JPEG	0	39	58	63
n03447447_384.JPEG	46	23	63	48
n03447447_385.JPEG	0	27	63	47
n03447447_386.JPEG	63	25	63	58
n03447447_387.JPEG	33	26	63	50
n03447447_388.JPEG	5	24	58	63
n03447447_389.JPEG	0	20	35	63
n03447447_390.JPEG	2	33	63	52
n03447447_391.JPEG	15	27	62	58
n03447447_392.JPEG	0	45	21	53
n03447447_393.JPEG	3	34	63	63
n03447447_394.JPEG	11	44	47	57
n03447447_395.JPEG	0	0	63	63
n03447447_396.JPEG	33	10	59	25
n03447447_397.JPEG	21	21	63	62
n03447447_398.JPEG	11	9	34	46
n03447447_399.JPEG	0	32	63	46
n03447447_400.JPEG	0	31	24	56
n03447447_401.JPEG	6	36	63	55
n03447447_402.JPEG	0	46	42	63
n03447447_403.JPEG	13	40	49	52
n03447447_404.JPEG	12	35	30	56
n03447447_405.JPEG	3	38	47	63
n03447447_406.JPEG	30	13	45	63
n03447447_407.JPEG	0	21	39	52
n03447447_408.JPEG	0	0	60	63
n03447447_409.JPEG	0	25	63	62
n03447447_410.JPEG	19	16	39	41
n03447447_411.JPEG	30	17	51	63
n03447447_412.JPEG	0	2	63	56
n03447447_413.JPEG	11	6	55	58
n03447447_414.JPEG	15	22	36	48
n03447447_415.JPEG	0	22	63	47
n03447447_416.JPEG	55	33	63	43
n03447447_417.JPEG	0	20	63	63
n03447447_418.JPEG	13	25	57	34
n03447447_419.JPEG	8	43	63	57
n03447447_420.JPEG	15	58	51	63
n03447447_421.JPEG	0	31	63	56
n03447447_422.JPEG	2	10	54	61
n03447447_423.JPEG	6	18	53	63
n03447447_424.JPEG	0	0	63	63
n03447447_425.JPEG	9	45	63	63
n03447447_426.JPEG	0	17	42	63
n03447447_427.JPEG	18	40	59	63
n03447447_428.JPEG	22	26	44	63
n03447447_429.JPEG	29	26	40	41
n03447447_430.JPEG	18	37	34	50
n03447447_431.JPEG	24	13	63	63
n03447447_432.JPEG	4	42	53	56
n03447447_433.JPEG	1	0	36	63
n03447447_434.JPEG	19	0	52	63
n03447447_435.JPEG	0	29	63	43
n03447447_436.JPEG	0	38	58	63
n03447447_437.JPEG	0	5	44	46
n03447447_438.JPEG	29	44	47	58
n03447447_439.JPEG	0	34	63	49
n03447447_440.JPEG	57	18	63	39
n03447447_441.JPEG	4	0	52	63
n03447447_442.JPEG	25	28	44	61
n03447447_443.JPEG	36	21	63	63
n03447447_444.JPEG	5	25	46	51
n03447447_445.JPEG	15	27	54	48
n03447447_446.JPEG	12	15	54	63
n03447447_447.JPEG	12	40	34	44
n03447447_448.JPEG	0	0	63	54
n03447447_449.JPEG	42	41	58	57
n03447447_450.JPEG	13	2	56	63
n03447447_451.JPEG	0	1	63	63
n03447447_452.JPEG	0	0	63	51
n03447447_453.JPEG	8	21	31	63
n03447447_454.JPEG	0	8	43	63
n03447447_455.JPEG	33	31	40	38
n03447447_456.JPEG	40	31	63	62
n03447447_457.JPEG	0	33	49	59
n03447447_458.JPEG	18	6	63	63
n03447447_459.JPEG	10	25	20	37
n03447447_460.JPEG	0	38	44	63
n03447447_461.JPEG	0	32	50	63
n03447447_462.JPEG	20	34	32	62
n03447447_463.JPEG	0	29	63	63
n03447447_464.JPEG	11	35	24	45
n03447447_465.JPEG	34	35	60	63
n03447447_466.JPEG	10	4	55	63
n03447447_467.JPEG	0	0	56	63
n03447447_468.JPEG	26	42	32	48
n03447447_469.JPEG	2	15	49	61
n03447447_470.JPEG	11	25	53	63
n03447447_471.JPEG	5	26	63	48
n03447447_472.JPEG	0	30	62	63
n03447447_473.JPEG	6	26	63	60
n03447447_474.JPEG	16	0	63	63
n03447447_475.JPEG	11	26	37	40
n03447447_476.JPEG	63	37	63	62
n03447447_477.JPEG	17	33	60	63
n03447447_478.JPEG	0	34	63	59
n03447447_479.JPEG	0	34	63	49
n03447447_480.JPEG	21	0	53	63
n03447447_481.JPEG	18	12	25	22
n03447447_482.JPEG	0	34	63	61
n03447447_483.JPEG	49	28	63	55
n03447447_484.JPEG	14	19	52	63
n03447447_485.JPEG	0	33	63	47
n03447447_486.JPEG	40	38	63	54
n03447447_487.JPEG	0	33	63	63
n03447447_488.JPEG	6	30	25	55
n03447447_489.JPEG	8	18	57	63
n03447447_490.JPEG	0	28	63	63
n03447447_491.JPEG	2	0	52	63
n03447447_492.JPEG	0	5	23	54
n03447447_493.JPEG	21	16	38	63
n03447447_494.JPEG	0	41	59	51
n03447447_495.JPEG	22	33	60	63
n03447447_496.JPEG	7	34	63	63
n03447447_497.JPEG	6	20	63	41
n03447447_498.JPEG	24	0	59	63
n03447447_499.JPEG	22	23	42	57
