n02423022_0.JPEG	12	17	49	57
n02423022_1.JPEG	5	0	40	63
n02423022_2.JPEG	13	0	48	63
n02423022_3.JPEG	0	12	56	60
n02423022_4.JPEG	0	23	20	42
n02423022_5.JPEG	0	10	34	63
n02423022_6.JPEG	0	2	63	63
n02423022_7.JPEG	0	3	46	60
n02423022_8.JPEG	23	4	63	61
n02423022_9.JPEG	5	15	63	63
n02423022_10.JPEG	0	26	27	61
n02423022_11.JPEG	0	0	63	63
n02423022_12.JPEG	43	33	63	57
n02423022_13.JPEG	0	3	63	57
n02423022_14.JPEG	5	2	60	60
n02423022_15.JPEG	7	0	61	63
n02423022_16.JPEG	15	0	63	57
n02423022_17.JPEG	4	6	62	63
n02423022_18.JPEG	17	13	63	61
n02423022_19.JPEG	4	2	61	62
n02423022_20.JPEG	0	11	46	63
n02423022_21.JPEG	39	40	48	44
n02423022_22.JPEG	29	22	63	58
n02423022_23.JPEG	12	6	56	63
n02423022_24.JPEG	0	4	63	55
n02423022_25.JPEG	24	32	37	41
n02423022_26.JPEG	17	0	53	63
n02423022_27.JPEG	0	23	27	49
n02423022_28.JPEG	6	12	25	52
n02423022_29.JPEG	0	20	40	58
n02423022_30.JPEG	36	26	47	37
n02423022_31.JPEG	0	1	58	57
n02423022_32.JPEG	36	22	54	40
n02423022_33.JPEG	45	26	61	37
n02423022_34.JPEG	8	13	63	59
n02423022_35.JPEG	0	0	60	63
n02423022_36.JPEG	15	4	59	61
n02423022_37.JPEG	6	0	60	63
n02423022_38.JPEG	12	3	63	63
n02423022_39.JPEG	9	25	20	32
n02423022_40.JPEG	0	3	47	60
n02423022_41.JPEG	8	2	59	63
n02423022_42.JPEG	25	0	58	61
n02423022_43.JPEG	0	22	34	52
n02423022_44.JPEG	20	10	63	39
n02423022_45.JPEG	55	0	63	48
n02423022_46.JPEG	16	0	50	63
n02423022_47.JPEG	13	7	63	57
n02423022_48.JPEG	0	4	25	56
n02423022_49.JPEG	51	19	63	46
n02423022_50.JPEG	8	16	45	47
n02423022_51.JPEG	32	20	56	47
n02423022_52.JPEG	2	0	60	63
n02423022_53.JPEG	10	2	63	63
n02423022_54.JPEG	4	18	63	63
n02423022_55.JPEG	0	10	55	48
n02423022_56.JPEG	4	0	61	63
n02423022_57.JPEG	11	13	42	44
n02423022_58.JPEG	20	10	56	54
n02423022_59.JPEG	0	4	63	59
n02423022_60.JPEG	0	27	14	51
n02423022_61.JPEG	22	18	40	39
n02423022_62.JPEG	18	13	38	53
n02423022_63.JPEG	4	0	63	60
n02423022_64.JPEG	0	0	57	63
n02423022_65.JPEG	0	33	55	63
n02423022_66.JPEG	2	3	63	57
n02423022_67.JPEG	36	27	51	37
n02423022_68.JPEG	14	9	49	55
n02423022_69.JPEG	0	35	7	62
n02423022_70.JPEG	0	18	54	63
n02423022_71.JPEG	1	0	63	63
n02423022_72.JPEG	7	0	53	63
n02423022_73.JPEG	2	3	61	60
n02423022_74.JPEG	22	23	49	54
n02423022_75.JPEG	15	0	53	63
n02423022_76.JPEG	5	19	47	63
n02423022_77.JPEG	5	8	50	54
n02423022_78.JPEG	14	19	49	58
n02423022_79.JPEG	13	22	51	54
n02423022_80.JPEG	0	25	34	63
n02423022_81.JPEG	10	3	55	59
n02423022_82.JPEG	8	6	57	61
n02423022_83.JPEG	13	5	57	63
n02423022_84.JPEG	2	20	41	48
n02423022_85.JPEG	4	18	63	46
n02423022_86.JPEG	1	1	60	58
n02423022_87.JPEG	3	1	57	62
n02423022_88.JPEG	26	24	39	54
n02423022_89.JPEG	13	0	49	63
n02423022_90.JPEG	4	23	49	53
n02423022_91.JPEG	4	0	63	63
n02423022_92.JPEG	17	15	50	56
n02423022_93.JPEG	9	10	48	47
n02423022_94.JPEG	18	16	42	46
n02423022_95.JPEG	0	17	60	63
n02423022_96.JPEG	0	24	32	48
n02423022_97.JPEG	3	8	32	63
n02423022_98.JPEG	11	5	60	62
n02423022_99.JPEG	5	49	36	63
n02423022_100.JPEG	31	28	40	36
n02423022_101.JPEG	63	42	63	53
n02423022_102.JPEG	9	25	52	61
n02423022_103.JPEG	7	6	59	62
n02423022_104.JPEG	0	29	24	57
n02423022_105.JPEG	15	9	53	58
n02423022_106.JPEG	3	0	63	63
n02423022_107.JPEG	0	10	63	52
n02423022_108.JPEG	6	0	57	33
n02423022_109.JPEG	0	17	20	45
n02423022_110.JPEG	20	17	51	56
n02423022_111.JPEG	5	11	37	63
n02423022_112.JPEG	29	23	50	48
n02423022_113.JPEG	17	3	47	63
n02423022_114.JPEG	50	14	63	48
n02423022_115.JPEG	21	20	57	63
n02423022_116.JPEG	27	26	47	63
n02423022_117.JPEG	15	4	63	63
n02423022_118.JPEG	5	4	32	54
n02423022_119.JPEG	11	21	40	47
n02423022_120.JPEG	8	0	52	63
n02423022_121.JPEG	19	26	36	37
n02423022_122.JPEG	7	9	51	59
n02423022_123.JPEG	17	10	58	62
n02423022_124.JPEG	9	0	56	63
n02423022_125.JPEG	2	25	11	36
n02423022_126.JPEG	0	9	63	63
n02423022_127.JPEG	6	12	53	52
n02423022_128.JPEG	25	22	48	45
n02423022_129.JPEG	18	24	47	48
n02423022_130.JPEG	5	0	63	63
n02423022_131.JPEG	15	17	50	49
n02423022_132.JPEG	1	6	49	56
n02423022_133.JPEG	0	5	46	63
n02423022_134.JPEG	1	18	26	57
n02423022_135.JPEG	6	5	56	53
n02423022_136.JPEG	2	9	24	58
n02423022_137.JPEG	0	4	41	63
n02423022_138.JPEG	18	13	43	63
n02423022_139.JPEG	56	26	63	42
n02423022_140.JPEG	0	4	48	63
n02423022_141.JPEG	15	2	62	63
n02423022_142.JPEG	60	17	63	49
n02423022_143.JPEG	0	1	63	63
n02423022_144.JPEG	0	4	43	63
n02423022_145.JPEG	4	3	62	60
n02423022_146.JPEG	43	20	63	45
n02423022_147.JPEG	15	0	45	63
n02423022_148.JPEG	0	6	60	63
n02423022_149.JPEG	0	13	48	63
n02423022_150.JPEG	21	14	54	47
n02423022_151.JPEG	17	8	45	63
n02423022_152.JPEG	25	28	41	63
n02423022_153.JPEG	7	6	62	63
n02423022_154.JPEG	12	0	57	59
n02423022_155.JPEG	24	0	41	63
n02423022_156.JPEG	22	27	63	63
n02423022_157.JPEG	0	8	63	60
n02423022_158.JPEG	46	6	60	35
n02423022_159.JPEG	13	5	55	58
n02423022_160.JPEG	15	0	36	63
n02423022_161.JPEG	15	0	40	63
n02423022_162.JPEG	5	6	63	59
n02423022_163.JPEG	36	8	63	61
n02423022_164.JPEG	27	30	62	57
n02423022_165.JPEG	2	2	63	63
n02423022_166.JPEG	23	0	63	63
n02423022_167.JPEG	0	0	63	63
n02423022_168.JPEG	1	2	51	63
n02423022_169.JPEG	7	0	56	63
n02423022_170.JPEG	0	0	60	63
n02423022_171.JPEG	15	41	38	63
n02423022_172.JPEG	1	18	61	63
n02423022_173.JPEG	13	26	49	60
n02423022_174.JPEG	10	5	47	58
n02423022_175.JPEG	3	8	48	49
n02423022_176.JPEG	2	0	63	63
n02423022_177.JPEG	7	14	48	63
n02423022_178.JPEG	8	17	56	47
n02423022_179.JPEG	31	1	51	17
n02423022_180.JPEG	5	9	54	59
n02423022_181.JPEG	5	9	53	61
n02423022_182.JPEG	13	5	58	52
n02423022_183.JPEG	17	6	53	60
n02423022_184.JPEG	18	9	51	51
n02423022_185.JPEG	4	17	34	43
n02423022_186.JPEG	0	17	30	45
n02423022_187.JPEG	0	0	61	63
n02423022_188.JPEG	11	14	53	56
n02423022_189.JPEG	7	0	48	63
n02423022_190.JPEG	31	27	43	46
n02423022_191.JPEG	37	17	63	50
n02423022_192.JPEG	13	9	62	56
n02423022_193.JPEG	57	36	63	63
n02423022_194.JPEG	51	19	63	46
n02423022_195.JPEG	0	10	34	56
n02423022_196.JPEG	27	38	50	63
n02423022_197.JPEG	2	6	58	54
n02423022_198.JPEG	12	0	51	63
n02423022_199.JPEG	1	0	61	63
n02423022_200.JPEG	0	16	41	43
n02423022_201.JPEG	0	0	44	57
n02423022_202.JPEG	0	16	42	53
n02423022_203.JPEG	5	1	53	61
n02423022_204.JPEG	14	7	40	59
n02423022_205.JPEG	0	12	63	52
n02423022_206.JPEG	10	8	61	53
n02423022_207.JPEG	10	1	53	53
n02423022_208.JPEG	4	11	38	63
n02423022_209.JPEG	12	19	35	40
n02423022_210.JPEG	12	16	63	58
n02423022_211.JPEG	1	27	25	53
n02423022_212.JPEG	26	9	49	63
n02423022_213.JPEG	19	1	52	61
n02423022_214.JPEG	7	1	47	63
n02423022_215.JPEG	0	1	46	63
n02423022_216.JPEG	37	39	63	63
n02423022_217.JPEG	0	26	28	55
n02423022_218.JPEG	20	11	56	44
n02423022_219.JPEG	0	11	35	63
n02423022_220.JPEG	20	15	53	45
n02423022_221.JPEG	0	0	63	63
n02423022_222.JPEG	14	5	63	59
n02423022_223.JPEG	13	14	53	55
n02423022_224.JPEG	1	0	55	63
n02423022_225.JPEG	57	12	63	21
n02423022_226.JPEG	7	10	50	55
n02423022_227.JPEG	17	23	28	33
n02423022_228.JPEG	25	17	56	48
n02423022_229.JPEG	18	10	63	52
n02423022_230.JPEG	0	10	60	63
n02423022_231.JPEG	0	0	59	63
n02423022_232.JPEG	31	15	57	37
n02423022_233.JPEG	24	25	38	45
n02423022_234.JPEG	12	0	63	63
n02423022_235.JPEG	42	0	61	15
n02423022_236.JPEG	19	30	25	34
n02423022_237.JPEG	0	1	33	56
n02423022_238.JPEG	20	22	40	40
n02423022_239.JPEG	0	5	51	63
n02423022_240.JPEG	0	5	63	57
n02423022_241.JPEG	17	11	43	55
n02423022_242.JPEG	11	22	35	50
n02423022_243.JPEG	7	14	48	59
n02423022_244.JPEG	7	0	60	56
n02423022_245.JPEG	3	4	63	63
n02423022_246.JPEG	20	8	47	61
n02423022_247.JPEG	9	10	41	57
n02423022_248.JPEG	4	9	54	63
n02423022_249.JPEG	14	0	63	63
n02423022_250.JPEG	0	14	3	33
n02423022_251.JPEG	35	15	60	51
n02423022_252.JPEG	12	0	47	63
n02423022_253.JPEG	5	11	42	52
n02423022_254.JPEG	0	14	63	53
n02423022_255.JPEG	1	0	63	63
n02423022_256.JPEG	0	16	50	52
n02423022_257.JPEG	12	18	50	51
n02423022_258.JPEG	0	1	50	63
n02423022_259.JPEG	44	25	59	56
n02423022_260.JPEG	0	13	41	57
n02423022_261.JPEG	36	18	59	44
n02423022_262.JPEG	1	15	51	58
n02423022_263.JPEG	1	18	61	55
n02423022_264.JPEG	11	16	49	48
n02423022_265.JPEG	44	18	51	30
n02423022_266.JPEG	26	26	34	35
n02423022_267.JPEG	26	22	63	55
n02423022_268.JPEG	7	38	37	61
n02423022_269.JPEG	0	22	63	63
n02423022_270.JPEG	23	3	63	58
n02423022_271.JPEG	17	12	63	63
n02423022_272.JPEG	30	9	61	55
n02423022_273.JPEG	17	9	63	62
n02423022_274.JPEG	3	3	63	63
n02423022_275.JPEG	16	23	28	36
n02423022_276.JPEG	0	3	54	63
n02423022_277.JPEG	0	8	50	63
n02423022_278.JPEG	9	3	45	63
n02423022_279.JPEG	14	23	40	49
n02423022_280.JPEG	5	6	60	58
n02423022_281.JPEG	0	1	57	63
n02423022_282.JPEG	14	5	63	61
n02423022_283.JPEG	34	23	63	47
n02423022_284.JPEG	0	0	63	63
n02423022_285.JPEG	3	6	50	61
n02423022_286.JPEG	21	5	47	59
n02423022_287.JPEG	4	34	63	54
n02423022_288.JPEG	4	10	45	60
n02423022_289.JPEG	10	9	52	58
n02423022_290.JPEG	19	21	33	63
n02423022_291.JPEG	25	29	38	52
n02423022_292.JPEG	3	0	63	63
n02423022_293.JPEG	18	8	61	58
n02423022_294.JPEG	15	27	53	54
n02423022_295.JPEG	8	0	62	63
n02423022_296.JPEG	10	10	51	61
n02423022_297.JPEG	21	2	42	63
n02423022_298.JPEG	8	6	63	63
n02423022_299.JPEG	36	17	63	52
n02423022_300.JPEG	5	0	61	63
n02423022_301.JPEG	3	2	59	63
n02423022_302.JPEG	23	5	47	63
n02423022_303.JPEG	0	6	63	61
n02423022_304.JPEG	11	4	61	60
n02423022_305.JPEG	29	22	63	60
n02423022_306.JPEG	0	2	63	61
n02423022_307.JPEG	8	9	63	57
n02423022_308.JPEG	5	0	63	63
n02423022_309.JPEG	0	30	6	63
n02423022_310.JPEG	22	18	39	47
n02423022_311.JPEG	0	6	63	61
n02423022_312.JPEG	41	14	63	28
n02423022_313.JPEG	35	22	44	49
n02423022_314.JPEG	0	3	54	56
n02423022_315.JPEG	15	19	61	50
n02423022_316.JPEG	9	0	63	63
n02423022_317.JPEG	12	0	59	63
n02423022_318.JPEG	0	21	56	63
n02423022_319.JPEG	0	14	39	53
n02423022_320.JPEG	0	5	61	54
n02423022_321.JPEG	21	5	51	63
n02423022_322.JPEG	10	5	61	63
n02423022_323.JPEG	5	8	50	51
n02423022_324.JPEG	25	17	40	62
n02423022_325.JPEG	1	0	63	63
n02423022_326.JPEG	5	19	57	60
n02423022_327.JPEG	45	44	58	56
n02423022_328.JPEG	5	4	59	63
n02423022_329.JPEG	11	5	60	58
n02423022_330.JPEG	0	10	63	51
n02423022_331.JPEG	6	9	28	27
n02423022_332.JPEG	15	0	63	63
n02423022_333.JPEG	0	33	46	57
n02423022_334.JPEG	8	11	58	62
n02423022_335.JPEG	1	31	35	48
n02423022_336.JPEG	14	1	63	63
n02423022_337.JPEG	0	1	63	63
n02423022_338.JPEG	17	6	52	63
n02423022_339.JPEG	12	0	60	46
n02423022_340.JPEG	0	24	26	60
n02423022_341.JPEG	0	1	63	63
n02423022_342.JPEG	3	4	63	63
n02423022_343.JPEG	2	1	54	63
n02423022_344.JPEG	17	1	63	63
n02423022_345.JPEG	0	6	62	63
n02423022_346.JPEG	13	7	63	63
n02423022_347.JPEG	3	0	63	63
n02423022_348.JPEG	21	29	29	40
n02423022_349.JPEG	5	0	63	63
n02423022_350.JPEG	0	1	63	55
n02423022_351.JPEG	6	14	63	58
n02423022_352.JPEG	31	11	62	42
n02423022_353.JPEG	19	6	60	57
n02423022_354.JPEG	10	0	60	63
n02423022_355.JPEG	7	13	43	52
n02423022_356.JPEG	9	12	55	49
n02423022_357.JPEG	1	0	63	60
n02423022_358.JPEG	10	0	63	63
n02423022_359.JPEG	12	9	48	53
n02423022_360.JPEG	13	0	58	63
n02423022_361.JPEG	11	11	51	55
n02423022_362.JPEG	17	24	49	51
n02423022_363.JPEG	0	7	55	63
n02423022_364.JPEG	0	13	55	63
n02423022_365.JPEG	24	12	54	51
n02423022_366.JPEG	7	34	23	49
n02423022_367.JPEG	2	6	41	56
n02423022_368.JPEG	21	4	62	59
n02423022_369.JPEG	21	9	63	60
n02423022_370.JPEG	26	3	43	63
n02423022_371.JPEG	6	5	56	63
n02423022_372.JPEG	3	0	60	63
n02423022_373.JPEG	0	10	34	47
n02423022_374.JPEG	11	18	44	54
n02423022_375.JPEG	19	0	48	63
n02423022_376.JPEG	0	8	45	63
n02423022_377.JPEG	2	1	53	59
n02423022_378.JPEG	4	5	36	55
n02423022_379.JPEG	40	30	47	38
n02423022_380.JPEG	14	6	55	54
n02423022_381.JPEG	11	20	45	46
n02423022_382.JPEG	31	20	63	56
n02423022_383.JPEG	5	21	58	63
n02423022_384.JPEG	2	30	14	63
n02423022_385.JPEG	61	30	63	52
n02423022_386.JPEG	3	0	63	63
n02423022_387.JPEG	7	2	57	63
n02423022_388.JPEG	16	20	34	50
n02423022_389.JPEG	3	22	32	48
n02423022_390.JPEG	0	20	9	39
n02423022_391.JPEG	1	3	63	63
n02423022_392.JPEG	10	0	63	63
n02423022_393.JPEG	58	29	63	40
n02423022_394.JPEG	0	28	3	62
n02423022_395.JPEG	32	16	61	63
n02423022_396.JPEG	25	4	54	56
n02423022_397.JPEG	36	26	63	51
n02423022_398.JPEG	13	14	49	52
n02423022_399.JPEG	34	19	63	57
n02423022_400.JPEG	0	0	50	63
n02423022_401.JPEG	10	20	45	58
n02423022_402.JPEG	4	5	63	63
n02423022_403.JPEG	0	12	53	63
n02423022_404.JPEG	0	1	57	63
n02423022_405.JPEG	0	7	50	62
n02423022_406.JPEG	0	9	63	53
n02423022_407.JPEG	25	11	42	61
n02423022_408.JPEG	8	13	55	44
n02423022_409.JPEG	45	37	63	50
n02423022_410.JPEG	0	26	44	60
n02423022_411.JPEG	24	45	31	60
n02423022_412.JPEG	10	15	36	63
n02423022_413.JPEG	0	31	15	49
n02423022_414.JPEG	9	25	39	48
n02423022_415.JPEG	6	0	56	63
n02423022_416.JPEG	17	17	45	51
n02423022_417.JPEG	0	16	40	57
n02423022_418.JPEG	0	11	63	63
n02423022_419.JPEG	6	5	53	60
n02423022_420.JPEG	17	8	63	63
n02423022_421.JPEG	0	12	3	45
n02423022_422.JPEG	10	19	37	63
n02423022_423.JPEG	2	23	14	60
n02423022_424.JPEG	38	30	43	37
n02423022_425.JPEG	0	7	59	55
n02423022_426.JPEG	23	15	52	49
n02423022_427.JPEG	23	7	49	63
n02423022_428.JPEG	0	7	56	58
n02423022_429.JPEG	9	10	63	39
n02423022_430.JPEG	21	6	63	54
n02423022_431.JPEG	14	11	42	57
n02423022_432.JPEG	11	0	63	63
n02423022_433.JPEG	6	0	63	63
n02423022_434.JPEG	0	23	0	44
n02423022_435.JPEG	12	1	62	61
n02423022_436.JPEG	0	0	63	63
n02423022_437.JPEG	19	25	41	51
n02423022_438.JPEG	8	0	63	63
n02423022_439.JPEG	13	9	53	60
n02423022_440.JPEG	36	21	63	51
n02423022_441.JPEG	42	10	63	57
n02423022_442.JPEG	0	0	63	63
n02423022_443.JPEG	26	25	42	46
n02423022_444.JPEG	10	1	63	63
n02423022_445.JPEG	18	20	43	39
n02423022_446.JPEG	0	1	51	57
n02423022_447.JPEG	7	7	50	60
n02423022_448.JPEG	0	2	54	63
n02423022_449.JPEG	0	14	56	59
n02423022_450.JPEG	5	1	56	63
n02423022_451.JPEG	0	15	33	37
n02423022_452.JPEG	28	18	47	37
n02423022_453.JPEG	10	10	53	54
n02423022_454.JPEG	6	5	60	58
n02423022_455.JPEG	6	38	20	59
n02423022_456.JPEG	10	5	63	57
n02423022_457.JPEG	4	16	55	53
n02423022_458.JPEG	31	20	62	59
n02423022_459.JPEG	20	6	50	62
n02423022_460.JPEG	1	13	59	58
n02423022_461.JPEG	7	1	63	62
n02423022_462.JPEG	7	11	49	45
n02423022_463.JPEG	25	8	56	37
n02423022_464.JPEG	9	7	49	58
n02423022_465.JPEG	0	20	29	54
n02423022_466.JPEG	22	9	45	60
n02423022_467.JPEG	0	1	44	54
n02423022_468.JPEG	8	0	60	63
n02423022_469.JPEG	21	20	44	63
n02423022_470.JPEG	3	14	63	54
n02423022_471.JPEG	18	24	57	63
n02423022_472.JPEG	6	1	55	63
n02423022_473.JPEG	0	5	60	55
n02423022_474.JPEG	0	6	35	55
n02423022_475.JPEG	18	12	46	55
n02423022_476.JPEG	0	2	30	54
n02423022_477.JPEG	5	22	29	55
n02423022_478.JPEG	16	17	47	58
n02423022_479.JPEG	0	10	36	50
n02423022_480.JPEG	4	6	60	58
n02423022_481.JPEG	2	0	59	63
n02423022_482.JPEG	0	0	63	63
n02423022_483.JPEG	0	10	55	63
n02423022_484.JPEG	10	3	62	57
n02423022_485.JPEG	13	9	57	56
n02423022_486.JPEG	7	11	63	63
n02423022_487.JPEG	31	17	44	47
n02423022_488.JPEG	16	21	36	52
n02423022_489.JPEG	0	13	20	63
n02423022_490.JPEG	1	4	51	63
n02423022_491.JPEG	0	0	63	63
n02423022_492.JPEG	0	1	63	63
n02423022_493.JPEG	13	13	44	63
n02423022_494.JPEG	6	20	61	55
n02423022_495.JPEG	21	3	44	59
n02423022_496.JPEG	11	5	52	56
n02423022_497.JPEG	0	3	63	63
n02423022_498.JPEG	0	2	55	61
n02423022_499.JPEG	20	8	46	55
