n03388043_0.JPEG	10	2	63	42
n03388043_1.JPEG	3	4	63	63
n03388043_2.JPEG	1	0	63	63
n03388043_3.JPEG	1	0	63	63
n03388043_4.JPEG	0	17	63	51
n03388043_5.JPEG	0	37	63	63
n03388043_6.JPEG	7	15	63	63
n03388043_7.JPEG	0	0	63	63
n03388043_8.JPEG	6	11	52	44
n03388043_9.JPEG	15	13	51	63
n03388043_10.JPEG	0	0	63	63
n03388043_11.JPEG	0	15	63	46
n03388043_12.JPEG	0	6	63	44
n03388043_13.JPEG	5	15	17	41
n03388043_14.JPEG	0	22	63	59
n03388043_15.JPEG	11	29	37	51
n03388043_16.JPEG	0	12	16	62
n03388043_17.JPEG	0	9	63	39
n03388043_18.JPEG	5	0	58	55
n03388043_19.JPEG	6	4	56	63
n03388043_20.JPEG	0	3	63	62
n03388043_21.JPEG	0	3	63	63
n03388043_22.JPEG	19	9	41	50
n03388043_23.JPEG	15	3	40	44
n03388043_24.JPEG	0	15	63	63
n03388043_25.JPEG	13	8	37	29
n03388043_26.JPEG	0	1	63	63
n03388043_27.JPEG	63	26	63	50
n03388043_28.JPEG	0	0	63	63
n03388043_29.JPEG	16	40	17	60
n03388043_30.JPEG	40	23	63	53
n03388043_31.JPEG	18	7	57	63
n03388043_32.JPEG	23	19	47	53
n03388043_33.JPEG	0	0	63	63
n03388043_34.JPEG	0	1	63	63
n03388043_35.JPEG	6	0	56	63
n03388043_36.JPEG	36	15	63	42
n03388043_37.JPEG	0	9	63	48
n03388043_38.JPEG	10	3	49	49
n03388043_39.JPEG	0	0	63	63
n03388043_40.JPEG	0	15	63	60
n03388043_41.JPEG	17	0	63	63
n03388043_42.JPEG	0	0	63	42
n03388043_43.JPEG	0	4	63	63
n03388043_44.JPEG	4	25	12	47
n03388043_45.JPEG	2	0	54	63
n03388043_46.JPEG	0	35	63	56
n03388043_47.JPEG	0	4	63	63
n03388043_48.JPEG	0	1	63	63
n03388043_49.JPEG	0	0	63	63
n03388043_50.JPEG	0	0	63	63
n03388043_51.JPEG	23	20	48	43
n03388043_52.JPEG	12	0	52	63
n03388043_53.JPEG	38	15	63	58
n03388043_54.JPEG	19	0	35	47
n03388043_55.JPEG	10	0	51	63
n03388043_56.JPEG	3	18	60	49
n03388043_57.JPEG	0	6	63	63
n03388043_58.JPEG	15	0	63	49
n03388043_59.JPEG	0	0	63	63
n03388043_60.JPEG	1	1	63	58
n03388043_61.JPEG	0	0	63	38
n03388043_62.JPEG	28	0	38	57
n03388043_63.JPEG	29	7	48	51
n03388043_64.JPEG	2	13	63	63
n03388043_65.JPEG	9	7	45	63
n03388043_66.JPEG	36	38	52	55
n03388043_67.JPEG	11	15	19	49
n03388043_68.JPEG	14	11	63	59
n03388043_69.JPEG	0	3	63	63
n03388043_70.JPEG	24	8	43	40
n03388043_71.JPEG	10	30	61	55
n03388043_72.JPEG	0	0	63	63
n03388043_73.JPEG	0	11	63	63
n03388043_74.JPEG	0	0	63	37
n03388043_75.JPEG	0	0	63	63
n03388043_76.JPEG	0	1	63	60
n03388043_77.JPEG	23	21	47	50
n03388043_78.JPEG	0	37	63	63
n03388043_79.JPEG	0	1	63	63
n03388043_80.JPEG	0	46	25	61
n03388043_81.JPEG	27	0	55	43
n03388043_82.JPEG	16	4	63	63
n03388043_83.JPEG	0	1	63	63
n03388043_84.JPEG	17	16	63	63
n03388043_85.JPEG	0	2	41	63
n03388043_86.JPEG	0	30	47	63
n03388043_87.JPEG	0	4	63	51
n03388043_88.JPEG	24	4	33	45
n03388043_89.JPEG	0	0	59	60
n03388043_90.JPEG	0	9	63	63
n03388043_91.JPEG	0	0	63	25
n03388043_92.JPEG	0	34	63	52
n03388043_93.JPEG	18	0	43	28
n03388043_94.JPEG	27	11	44	39
n03388043_95.JPEG	0	3	63	56
n03388043_96.JPEG	12	21	55	39
n03388043_97.JPEG	0	7	18	52
n03388043_98.JPEG	22	0	46	63
n03388043_99.JPEG	0	0	63	63
n03388043_100.JPEG	7	2	53	49
n03388043_101.JPEG	6	0	18	52
n03388043_102.JPEG	0	7	62	63
n03388043_103.JPEG	0	0	63	63
n03388043_104.JPEG	8	13	44	52
n03388043_105.JPEG	3	26	61	61
n03388043_106.JPEG	0	0	63	63
n03388043_107.JPEG	60	32	63	45
n03388043_108.JPEG	0	4	41	43
n03388043_109.JPEG	27	1	63	42
n03388043_110.JPEG	0	13	63	63
n03388043_111.JPEG	0	2	28	63
n03388043_112.JPEG	0	12	63	62
n03388043_113.JPEG	0	0	63	63
n03388043_114.JPEG	35	22	53	50
n03388043_115.JPEG	13	20	46	62
n03388043_116.JPEG	16	0	49	17
n03388043_117.JPEG	16	0	54	63
n03388043_118.JPEG	0	0	63	63
n03388043_119.JPEG	0	1	63	63
n03388043_120.JPEG	6	27	57	63
n03388043_121.JPEG	10	13	58	60
n03388043_122.JPEG	0	17	5	39
n03388043_123.JPEG	34	25	55	57
n03388043_124.JPEG	22	20	36	44
n03388043_125.JPEG	19	5	43	57
n03388043_126.JPEG	18	0	49	62
n03388043_127.JPEG	16	18	63	57
n03388043_128.JPEG	11	23	39	51
n03388043_129.JPEG	14	5	63	59
n03388043_130.JPEG	20	1	40	35
n03388043_131.JPEG	11	9	48	57
n03388043_132.JPEG	0	11	54	59
n03388043_133.JPEG	0	1	63	63
n03388043_134.JPEG	9	0	56	63
n03388043_135.JPEG	1	2	63	63
n03388043_136.JPEG	0	0	63	63
n03388043_137.JPEG	0	0	63	63
n03388043_138.JPEG	23	23	46	51
n03388043_139.JPEG	0	1	63	59
n03388043_140.JPEG	0	15	63	46
n03388043_141.JPEG	0	28	63	54
n03388043_142.JPEG	0	0	63	62
n03388043_143.JPEG	0	10	63	63
n03388043_144.JPEG	0	1	31	63
n03388043_145.JPEG	24	28	40	62
n03388043_146.JPEG	27	10	47	52
n03388043_147.JPEG	18	19	51	59
n03388043_148.JPEG	11	6	56	41
n03388043_149.JPEG	19	15	53	63
n03388043_150.JPEG	0	0	63	63
n03388043_151.JPEG	3	5	63	61
n03388043_152.JPEG	0	0	63	63
n03388043_153.JPEG	22	0	63	60
n03388043_154.JPEG	0	3	63	63
n03388043_155.JPEG	0	2	63	63
n03388043_156.JPEG	22	0	44	63
n03388043_157.JPEG	23	26	25	52
n03388043_158.JPEG	1	53	63	63
n03388043_159.JPEG	0	3	63	63
n03388043_160.JPEG	0	0	63	63
n03388043_161.JPEG	20	0	63	63
n03388043_162.JPEG	0	23	48	62
n03388043_163.JPEG	11	0	52	63
n03388043_164.JPEG	14	0	52	63
n03388043_165.JPEG	0	19	63	46
n03388043_166.JPEG	7	18	23	53
n03388043_167.JPEG	18	0	50	63
n03388043_168.JPEG	0	11	63	63
n03388043_169.JPEG	4	13	31	32
n03388043_170.JPEG	14	31	55	60
n03388043_171.JPEG	13	24	51	63
n03388043_172.JPEG	0	8	63	63
n03388043_173.JPEG	0	23	63	63
n03388043_174.JPEG	19	0	58	63
n03388043_175.JPEG	0	16	63	63
n03388043_176.JPEG	24	10	45	51
n03388043_177.JPEG	0	3	63	63
n03388043_178.JPEG	0	0	52	56
n03388043_179.JPEG	0	0	63	63
n03388043_180.JPEG	0	10	63	63
n03388043_181.JPEG	16	15	46	46
n03388043_182.JPEG	0	19	63	55
n03388043_183.JPEG	7	1	63	63
n03388043_184.JPEG	0	0	0	34
n03388043_185.JPEG	17	0	55	63
n03388043_186.JPEG	30	22	34	35
n03388043_187.JPEG	1	4	63	63
n03388043_188.JPEG	17	13	49	63
n03388043_189.JPEG	0	39	63	63
n03388043_190.JPEG	0	0	59	63
n03388043_191.JPEG	13	1	51	60
n03388043_192.JPEG	0	0	63	55
n03388043_193.JPEG	6	7	62	63
n03388043_194.JPEG	1	0	63	63
n03388043_195.JPEG	11	0	54	63
n03388043_196.JPEG	0	1	63	63
n03388043_197.JPEG	0	1	63	63
n03388043_198.JPEG	0	13	63	55
n03388043_199.JPEG	3	21	43	50
n03388043_200.JPEG	13	0	63	63
n03388043_201.JPEG	0	0	63	63
n03388043_202.JPEG	0	25	63	55
n03388043_203.JPEG	0	20	63	54
n03388043_204.JPEG	1	1	63	63
n03388043_205.JPEG	28	15	63	31
n03388043_206.JPEG	0	17	63	63
n03388043_207.JPEG	0	15	63	46
n03388043_208.JPEG	17	13	58	44
n03388043_209.JPEG	11	2	56	50
n03388043_210.JPEG	0	21	2	58
n03388043_211.JPEG	0	0	63	63
n03388043_212.JPEG	15	41	49	63
n03388043_213.JPEG	0	33	63	63
n03388043_214.JPEG	2	23	41	50
n03388043_215.JPEG	2	9	62	63
n03388043_216.JPEG	0	0	63	63
n03388043_217.JPEG	22	1	33	63
n03388043_218.JPEG	0	12	63	63
n03388043_219.JPEG	0	4	63	63
n03388043_220.JPEG	27	0	41	31
n03388043_221.JPEG	0	19	60	48
n03388043_222.JPEG	0	61	63	63
n03388043_223.JPEG	23	0	43	57
n03388043_224.JPEG	16	32	46	48
n03388043_225.JPEG	0	9	49	63
n03388043_226.JPEG	0	0	63	63
n03388043_227.JPEG	0	1	57	48
n03388043_228.JPEG	1	17	63	51
n03388043_229.JPEG	15	18	40	51
n03388043_230.JPEG	0	32	63	53
n03388043_231.JPEG	0	1	63	48
n03388043_232.JPEG	5	0	57	63
n03388043_233.JPEG	17	12	56	63
n03388043_234.JPEG	12	24	49	63
n03388043_235.JPEG	26	0	63	63
n03388043_236.JPEG	0	0	63	63
n03388043_237.JPEG	6	2	58	63
n03388043_238.JPEG	5	17	62	62
n03388043_239.JPEG	13	2	63	63
n03388043_240.JPEG	1	0	63	63
n03388043_241.JPEG	29	31	63	49
n03388043_242.JPEG	16	0	45	55
n03388043_243.JPEG	0	1	63	63
n03388043_244.JPEG	26	2	63	62
n03388043_245.JPEG	6	16	56	52
n03388043_246.JPEG	53	24	63	50
n03388043_247.JPEG	23	5	41	52
n03388043_248.JPEG	1	0	63	38
n03388043_249.JPEG	13	47	63	63
n03388043_250.JPEG	0	28	63	63
n03388043_251.JPEG	30	40	33	60
n03388043_252.JPEG	0	0	63	60
n03388043_253.JPEG	0	4	63	63
n03388043_254.JPEG	27	0	43	55
n03388043_255.JPEG	1	0	63	63
n03388043_256.JPEG	2	25	63	58
n03388043_257.JPEG	0	6	63	60
n03388043_258.JPEG	0	0	35	50
n03388043_259.JPEG	0	10	63	63
n03388043_260.JPEG	0	0	63	63
n03388043_261.JPEG	0	0	63	63
n03388043_262.JPEG	8	32	9	46
n03388043_263.JPEG	7	3	62	63
n03388043_264.JPEG	12	28	30	63
n03388043_265.JPEG	0	2	53	47
n03388043_266.JPEG	0	7	63	54
n03388043_267.JPEG	1	0	54	63
n03388043_268.JPEG	1	1	17	59
n03388043_269.JPEG	21	0	63	26
n03388043_270.JPEG	63	6	63	46
n03388043_271.JPEG	8	16	63	63
n03388043_272.JPEG	2	0	63	45
n03388043_273.JPEG	34	0	62	63
n03388043_274.JPEG	41	18	63	36
n03388043_275.JPEG	6	0	62	63
n03388043_276.JPEG	8	0	60	42
n03388043_277.JPEG	0	0	63	63
n03388043_278.JPEG	39	3	63	63
n03388043_279.JPEG	5	9	57	46
n03388043_280.JPEG	13	17	18	62
n03388043_281.JPEG	15	17	46	35
n03388043_282.JPEG	0	2	63	63
n03388043_283.JPEG	0	2	63	53
n03388043_284.JPEG	14	21	63	63
n03388043_285.JPEG	1	8	63	60
n03388043_286.JPEG	45	39	56	53
n03388043_287.JPEG	7	0	42	50
n03388043_288.JPEG	0	2	63	62
n03388043_289.JPEG	3	13	61	63
n03388043_290.JPEG	0	42	4	55
n03388043_291.JPEG	35	0	38	34
n03388043_292.JPEG	8	0	59	63
n03388043_293.JPEG	2	0	61	63
n03388043_294.JPEG	11	13	48	43
n03388043_295.JPEG	20	30	42	62
n03388043_296.JPEG	0	12	63	63
n03388043_297.JPEG	26	5	36	52
n03388043_298.JPEG	19	1	46	57
n03388043_299.JPEG	0	25	63	63
n03388043_300.JPEG	1	0	63	63
n03388043_301.JPEG	0	30	63	63
n03388043_302.JPEG	0	7	49	47
n03388043_303.JPEG	0	0	63	63
n03388043_304.JPEG	1	0	63	63
n03388043_305.JPEG	18	0	63	63
n03388043_306.JPEG	10	0	55	63
n03388043_307.JPEG	63	3	63	25
n03388043_308.JPEG	1	2	63	63
n03388043_309.JPEG	19	30	63	63
n03388043_310.JPEG	4	0	63	63
n03388043_311.JPEG	36	4	63	63
n03388043_312.JPEG	0	26	63	63
n03388043_313.JPEG	0	0	63	63
n03388043_314.JPEG	0	11	63	63
n03388043_315.JPEG	32	19	43	37
n03388043_316.JPEG	7	28	63	63
n03388043_317.JPEG	5	5	63	63
n03388043_318.JPEG	0	15	63	63
n03388043_319.JPEG	0	0	63	63
n03388043_320.JPEG	31	17	39	47
n03388043_321.JPEG	0	20	63	63
n03388043_322.JPEG	29	2	51	37
n03388043_323.JPEG	6	13	56	46
n03388043_324.JPEG	23	2	40	40
n03388043_325.JPEG	2	1	56	43
n03388043_326.JPEG	9	7	63	63
n03388043_327.JPEG	0	4	47	59
n03388043_328.JPEG	21	0	42	53
n03388043_329.JPEG	13	0	51	63
n03388043_330.JPEG	0	3	42	45
n03388043_331.JPEG	0	4	63	56
n03388043_332.JPEG	26	0	44	55
n03388043_333.JPEG	21	7	49	45
n03388043_334.JPEG	0	6	63	60
n03388043_335.JPEG	9	0	50	63
n03388043_336.JPEG	0	17	63	63
n03388043_337.JPEG	0	1	63	63
n03388043_338.JPEG	30	1	63	63
n03388043_339.JPEG	0	1	63	63
n03388043_340.JPEG	1	10	63	63
n03388043_341.JPEG	3	39	34	56
n03388043_342.JPEG	7	0	58	63
n03388043_343.JPEG	0	4	63	63
n03388043_344.JPEG	16	0	45	59
n03388043_345.JPEG	13	15	29	43
n03388043_346.JPEG	22	14	52	41
n03388043_347.JPEG	0	13	13	58
n03388043_348.JPEG	0	6	35	55
n03388043_349.JPEG	0	3	35	60
n03388043_350.JPEG	0	15	63	54
n03388043_351.JPEG	0	6	63	63
n03388043_352.JPEG	18	12	28	33
n03388043_353.JPEG	0	1	63	63
n03388043_354.JPEG	0	2	63	63
n03388043_355.JPEG	16	18	62	49
n03388043_356.JPEG	5	10	34	48
n03388043_357.JPEG	9	15	55	58
n03388043_358.JPEG	0	1	63	63
n03388043_359.JPEG	0	0	42	60
n03388043_360.JPEG	0	19	63	63
n03388043_361.JPEG	0	5	63	51
n03388043_362.JPEG	5	28	63	62
n03388043_363.JPEG	9	0	59	41
n03388043_364.JPEG	0	1	63	63
n03388043_365.JPEG	19	15	46	63
n03388043_366.JPEG	26	28	33	37
n03388043_367.JPEG	0	9	63	61
n03388043_368.JPEG	0	0	63	63
n03388043_369.JPEG	27	17	58	50
n03388043_370.JPEG	6	0	59	63
n03388043_371.JPEG	5	0	60	63
n03388043_372.JPEG	0	0	63	63
n03388043_373.JPEG	0	23	53	63
n03388043_374.JPEG	8	7	58	48
n03388043_375.JPEG	0	2	63	55
n03388043_376.JPEG	0	0	63	63
n03388043_377.JPEG	13	7	50	57
n03388043_378.JPEG	0	21	63	63
n03388043_379.JPEG	23	4	50	54
n03388043_380.JPEG	0	4	38	58
n03388043_381.JPEG	0	1	63	63
n03388043_382.JPEG	5	0	59	63
n03388043_383.JPEG	16	7	49	61
n03388043_384.JPEG	0	33	63	63
n03388043_385.JPEG	0	35	63	50
n03388043_386.JPEG	11	39	63	63
n03388043_387.JPEG	0	7	63	63
n03388043_388.JPEG	0	12	63	50
n03388043_389.JPEG	23	48	29	55
n03388043_390.JPEG	0	0	63	63
n03388043_391.JPEG	3	9	27	63
n03388043_392.JPEG	25	15	34	38
n03388043_393.JPEG	0	0	63	63
n03388043_394.JPEG	9	16	36	49
n03388043_395.JPEG	0	1	63	63
n03388043_396.JPEG	1	0	63	63
n03388043_397.JPEG	31	37	34	47
n03388043_398.JPEG	0	2	63	63
n03388043_399.JPEG	7	0	63	63
n03388043_400.JPEG	7	19	63	52
n03388043_401.JPEG	21	26	58	60
n03388043_402.JPEG	0	5	63	47
n03388043_403.JPEG	26	20	39	40
n03388043_404.JPEG	0	1	46	48
n03388043_405.JPEG	0	4	63	63
n03388043_406.JPEG	0	1	63	62
n03388043_407.JPEG	15	17	45	51
n03388043_408.JPEG	0	14	63	43
n03388043_409.JPEG	9	0	55	55
n03388043_410.JPEG	1	11	61	52
n03388043_411.JPEG	22	14	54	49
n03388043_412.JPEG	0	10	63	63
n03388043_413.JPEG	0	12	63	53
n03388043_414.JPEG	0	6	63	56
n03388043_415.JPEG	1	0	63	28
n03388043_416.JPEG	20	7	32	53
n03388043_417.JPEG	27	8	41	61
n03388043_418.JPEG	0	7	20	61
n03388043_419.JPEG	4	5	60	54
n03388043_420.JPEG	4	11	45	63
n03388043_421.JPEG	21	21	63	63
n03388043_422.JPEG	0	15	63	62
n03388043_423.JPEG	24	17	48	54
n03388043_424.JPEG	0	38	8	54
n03388043_425.JPEG	0	0	26	19
n03388043_426.JPEG	4	21	51	45
n03388043_427.JPEG	0	3	63	63
n03388043_428.JPEG	0	15	63	60
n03388043_429.JPEG	0	1	63	56
n03388043_430.JPEG	1	9	63	57
n03388043_431.JPEG	0	2	63	56
n03388043_432.JPEG	0	1	63	63
n03388043_433.JPEG	0	0	63	63
n03388043_434.JPEG	26	0	42	63
n03388043_435.JPEG	4	0	41	63
n03388043_436.JPEG	1	2	63	63
n03388043_437.JPEG	34	0	63	63
n03388043_438.JPEG	4	7	59	63
n03388043_439.JPEG	20	0	46	50
n03388043_440.JPEG	1	0	63	63
n03388043_441.JPEG	0	1	63	43
n03388043_442.JPEG	0	15	63	63
n03388043_443.JPEG	17	10	46	52
n03388043_444.JPEG	1	17	42	55
n03388043_445.JPEG	0	8	63	59
n03388043_446.JPEG	25	11	35	36
n03388043_447.JPEG	2	56	63	63
n03388043_448.JPEG	0	20	63	63
n03388043_449.JPEG	0	0	63	61
n03388043_450.JPEG	48	0	63	57
n03388043_451.JPEG	0	0	63	63
n03388043_452.JPEG	42	1	63	46
n03388043_453.JPEG	1	0	63	63
n03388043_454.JPEG	1	0	63	63
n03388043_455.JPEG	21	24	46	41
n03388043_456.JPEG	6	0	63	63
n03388043_457.JPEG	11	0	52	63
n03388043_458.JPEG	5	0	60	57
n03388043_459.JPEG	0	9	63	44
n03388043_460.JPEG	6	3	32	38
n03388043_461.JPEG	23	22	45	43
n03388043_462.JPEG	10	0	58	63
n03388043_463.JPEG	21	21	63	63
n03388043_464.JPEG	0	0	63	63
n03388043_465.JPEG	0	35	42	59
n03388043_466.JPEG	0	5	61	63
n03388043_467.JPEG	23	45	49	54
n03388043_468.JPEG	0	55	0	59
n03388043_469.JPEG	4	24	35	63
n03388043_470.JPEG	1	0	63	63
n03388043_471.JPEG	6	0	59	63
n03388043_472.JPEG	0	0	63	58
n03388043_473.JPEG	25	31	49	63
n03388043_474.JPEG	0	1	63	63
n03388043_475.JPEG	2	0	62	63
n03388043_476.JPEG	26	0	60	63
n03388043_477.JPEG	25	0	39	58
n03388043_478.JPEG	9	23	63	63
n03388043_479.JPEG	1	0	63	63
n03388043_480.JPEG	0	6	63	63
n03388043_481.JPEG	1	0	63	63
n03388043_482.JPEG	0	11	63	59
n03388043_483.JPEG	9	0	63	63
n03388043_484.JPEG	0	7	62	47
n03388043_485.JPEG	30	1	39	6
n03388043_486.JPEG	21	7	53	55
n03388043_487.JPEG	0	37	63	60
n03388043_488.JPEG	0	0	63	63
n03388043_489.JPEG	0	0	50	63
n03388043_490.JPEG	0	8	63	62
n03388043_491.JPEG	23	0	41	52
n03388043_492.JPEG	0	35	63	63
n03388043_493.JPEG	7	0	63	63
n03388043_494.JPEG	0	8	63	59
n03388043_495.JPEG	0	5	63	63
n03388043_496.JPEG	0	0	63	56
n03388043_497.JPEG	0	7	63	62
n03388043_498.JPEG	33	1	63	60
n03388043_499.JPEG	0	1	61	63
