n02321529_0.JPEG	6	12	53	57
n02321529_1.JPEG	38	40	63	61
n02321529_2.JPEG	0	13	63	39
n02321529_3.JPEG	0	12	59	42
n02321529_4.JPEG	9	0	56	49
n02321529_5.JPEG	3	3	63	61
n02321529_6.JPEG	0	7	63	57
n02321529_7.JPEG	0	23	63	45
n02321529_8.JPEG	0	0	55	63
n02321529_9.JPEG	5	3	62	63
n02321529_10.JPEG	6	8	58	58
n02321529_11.JPEG	0	25	62	54
n02321529_12.JPEG	11	13	51	57
n02321529_13.JPEG	11	22	56	41
n02321529_14.JPEG	0	16	63	51
n02321529_15.JPEG	49	22	63	63
n02321529_16.JPEG	9	22	63	52
n02321529_17.JPEG	12	11	39	35
n02321529_18.JPEG	0	12	63	35
n02321529_19.JPEG	0	10	63	59
n02321529_20.JPEG	6	22	49	46
n02321529_21.JPEG	4	18	62	51
n02321529_22.JPEG	3	9	55	53
n02321529_23.JPEG	11	22	58	55
n02321529_24.JPEG	0	6	63	63
n02321529_25.JPEG	0	11	63	55
n02321529_26.JPEG	2	21	55	52
n02321529_27.JPEG	2	7	63	49
n02321529_28.JPEG	3	8	54	38
n02321529_29.JPEG	27	13	48	53
n02321529_30.JPEG	1	8	63	61
n02321529_31.JPEG	0	0	63	63
n02321529_32.JPEG	0	0	63	63
n02321529_33.JPEG	0	8	63	39
n02321529_34.JPEG	2	11	63	55
n02321529_35.JPEG	0	9	26	47
n02321529_36.JPEG	0	6	63	60
n02321529_37.JPEG	0	16	63	50
n02321529_38.JPEG	3	27	60	53
n02321529_39.JPEG	0	6	63	61
n02321529_40.JPEG	8	22	55	43
n02321529_41.JPEG	1	17	63	60
n02321529_42.JPEG	0	8	63	53
n02321529_43.JPEG	0	26	63	44
n02321529_44.JPEG	2	23	63	45
n02321529_45.JPEG	0	16	63	63
n02321529_46.JPEG	8	0	60	63
n02321529_47.JPEG	0	10	63	56
n02321529_48.JPEG	0	17	63	53
n02321529_49.JPEG	0	8	63	59
n02321529_50.JPEG	0	21	63	48
n02321529_51.JPEG	0	0	63	63
n02321529_52.JPEG	0	14	63	49
n02321529_53.JPEG	0	10	63	48
n02321529_54.JPEG	0	7	48	33
n02321529_55.JPEG	0	30	31	63
n02321529_56.JPEG	0	6	63	56
n02321529_57.JPEG	0	12	63	55
n02321529_58.JPEG	8	18	61	63
n02321529_59.JPEG	5	25	56	44
n02321529_60.JPEG	0	9	63	57
n02321529_61.JPEG	7	5	63	49
n02321529_62.JPEG	3	34	34	63
n02321529_63.JPEG	0	2	63	60
n02321529_64.JPEG	13	5	55	47
n02321529_65.JPEG	0	26	48	63
n02321529_66.JPEG	0	22	45	46
n02321529_67.JPEG	16	15	28	42
n02321529_68.JPEG	5	24	62	47
n02321529_69.JPEG	0	6	63	51
n02321529_70.JPEG	0	3	63	63
n02321529_71.JPEG	0	22	63	45
n02321529_72.JPEG	0	10	63	48
n02321529_73.JPEG	0	33	40	54
n02321529_74.JPEG	0	0	63	61
n02321529_75.JPEG	22	0	52	63
n02321529_76.JPEG	2	7	63	60
n02321529_77.JPEG	5	20	63	45
n02321529_78.JPEG	0	22	63	58
n02321529_79.JPEG	0	32	48	63
n02321529_80.JPEG	1	21	60	55
n02321529_81.JPEG	17	25	50	46
n02321529_82.JPEG	0	10	63	38
n02321529_83.JPEG	0	2	63	59
n02321529_84.JPEG	2	26	63	61
n02321529_85.JPEG	13	19	60	62
n02321529_86.JPEG	0	1	63	63
n02321529_87.JPEG	0	17	63	45
n02321529_88.JPEG	13	10	57	63
n02321529_89.JPEG	0	11	55	52
n02321529_90.JPEG	6	22	56	47
n02321529_91.JPEG	17	11	63	61
n02321529_92.JPEG	0	2	63	63
n02321529_93.JPEG	0	7	63	57
n02321529_94.JPEG	1	0	60	63
n02321529_95.JPEG	1	16	63	47
n02321529_96.JPEG	21	19	63	59
n02321529_97.JPEG	14	17	53	39
n02321529_98.JPEG	5	9	58	55
n02321529_99.JPEG	1	10	63	54
n02321529_100.JPEG	0	5	63	59
n02321529_101.JPEG	0	17	59	55
n02321529_102.JPEG	0	27	59	51
n02321529_103.JPEG	12	24	56	37
n02321529_104.JPEG	0	3	63	63
n02321529_105.JPEG	0	7	63	57
n02321529_106.JPEG	0	10	63	53
n02321529_107.JPEG	21	8	45	59
n02321529_108.JPEG	8	23	62	48
n02321529_109.JPEG	14	26	60	63
n02321529_110.JPEG	0	21	63	48
n02321529_111.JPEG	4	18	47	41
n02321529_112.JPEG	3	13	58	53
n02321529_113.JPEG	0	11	63	56
n02321529_114.JPEG	0	6	63	57
n02321529_115.JPEG	2	9	63	45
n02321529_116.JPEG	0	1	63	60
n02321529_117.JPEG	3	2	63	61
n02321529_118.JPEG	0	10	63	49
n02321529_119.JPEG	0	12	63	40
n02321529_120.JPEG	0	14	63	50
n02321529_121.JPEG	0	24	63	42
n02321529_122.JPEG	0	8	60	55
n02321529_123.JPEG	0	9	54	63
n02321529_124.JPEG	8	27	63	45
n02321529_125.JPEG	0	1	63	63
n02321529_126.JPEG	0	13	63	53
n02321529_127.JPEG	9	7	63	51
n02321529_128.JPEG	7	29	56	49
n02321529_129.JPEG	11	0	61	63
n02321529_130.JPEG	10	19	63	54
n02321529_131.JPEG	9	10	55	40
n02321529_132.JPEG	1	14	63	51
n02321529_133.JPEG	23	7	63	41
n02321529_134.JPEG	26	23	63	38
n02321529_135.JPEG	0	15	63	47
n02321529_136.JPEG	16	10	54	54
n02321529_137.JPEG	8	1	61	63
n02321529_138.JPEG	0	10	63	53
n02321529_139.JPEG	27	13	63	39
n02321529_140.JPEG	0	3	63	61
n02321529_141.JPEG	29	34	40	59
n02321529_142.JPEG	0	7	63	51
n02321529_143.JPEG	0	12	63	48
n02321529_144.JPEG	0	17	63	47
n02321529_145.JPEG	0	5	63	58
n02321529_146.JPEG	7	23	63	46
n02321529_147.JPEG	10	16	55	53
n02321529_148.JPEG	0	9	63	63
n02321529_149.JPEG	14	16	61	52
n02321529_150.JPEG	0	13	61	48
n02321529_151.JPEG	3	1	55	45
n02321529_152.JPEG	0	1	63	63
n02321529_153.JPEG	0	13	63	52
n02321529_154.JPEG	3	17	63	43
n02321529_155.JPEG	0	0	63	59
n02321529_156.JPEG	2	14	52	61
n02321529_157.JPEG	0	11	63	40
n02321529_158.JPEG	0	16	63	58
n02321529_159.JPEG	0	3	63	57
n02321529_160.JPEG	3	12	62	53
n02321529_161.JPEG	0	18	63	47
n02321529_162.JPEG	0	14	63	54
n02321529_163.JPEG	0	16	63	49
n02321529_164.JPEG	17	20	38	50
n02321529_165.JPEG	0	17	63	44
n02321529_166.JPEG	22	23	40	63
n02321529_167.JPEG	9	12	47	57
n02321529_168.JPEG	0	0	63	63
n02321529_169.JPEG	14	16	46	42
n02321529_170.JPEG	0	4	63	62
n02321529_171.JPEG	0	20	63	46
n02321529_172.JPEG	0	7	63	57
n02321529_173.JPEG	0	19	58	53
n02321529_174.JPEG	0	4	63	44
n02321529_175.JPEG	0	14	63	53
n02321529_176.JPEG	17	16	44	52
n02321529_177.JPEG	0	19	63	54
n02321529_178.JPEG	0	14	63	47
n02321529_179.JPEG	12	15	63	44
n02321529_180.JPEG	14	15	52	53
n02321529_181.JPEG	17	29	54	57
n02321529_182.JPEG	9	13	52	51
n02321529_183.JPEG	0	9	63	53
n02321529_184.JPEG	0	16	63	57
n02321529_185.JPEG	0	7	63	59
n02321529_186.JPEG	20	14	47	55
n02321529_187.JPEG	14	18	51	47
n02321529_188.JPEG	8	21	62	46
n02321529_189.JPEG	7	14	63	60
n02321529_190.JPEG	0	20	63	63
n02321529_191.JPEG	12	20	61	39
n02321529_192.JPEG	0	20	56	53
n02321529_193.JPEG	0	20	63	48
n02321529_194.JPEG	4	7	52	52
n02321529_195.JPEG	0	26	60	52
n02321529_196.JPEG	10	12	51	55
n02321529_197.JPEG	14	14	49	63
n02321529_198.JPEG	15	22	45	47
n02321529_199.JPEG	11	22	60	45
n02321529_200.JPEG	7	24	62	51
n02321529_201.JPEG	25	5	62	29
n02321529_202.JPEG	0	4	60	53
n02321529_203.JPEG	19	22	47	48
n02321529_204.JPEG	4	6	50	49
n02321529_205.JPEG	0	9	60	45
n02321529_206.JPEG	14	1	56	50
n02321529_207.JPEG	0	15	63	46
n02321529_208.JPEG	0	8	63	63
n02321529_209.JPEG	0	15	63	46
n02321529_210.JPEG	0	13	63	50
n02321529_211.JPEG	25	32	50	63
n02321529_212.JPEG	0	21	35	62
n02321529_213.JPEG	0	19	63	48
n02321529_214.JPEG	9	13	55	51
n02321529_215.JPEG	0	1	46	53
n02321529_216.JPEG	18	15	41	46
n02321529_217.JPEG	0	7	63	53
n02321529_218.JPEG	0	20	63	51
n02321529_219.JPEG	2	1	56	56
n02321529_220.JPEG	5	0	59	63
n02321529_221.JPEG	1	9	63	63
n02321529_222.JPEG	7	21	63	58
n02321529_223.JPEG	0	15	63	63
n02321529_224.JPEG	5	13	52	50
n02321529_225.JPEG	2	20	63	43
n02321529_226.JPEG	0	11	63	54
n02321529_227.JPEG	19	12	45	42
n02321529_228.JPEG	0	2	63	46
n02321529_229.JPEG	0	13	63	43
n02321529_230.JPEG	12	13	63	49
n02321529_231.JPEG	12	0	55	63
n02321529_232.JPEG	8	15	45	38
n02321529_233.JPEG	2	3	51	63
n02321529_234.JPEG	0	10	63	57
n02321529_235.JPEG	6	0	63	58
n02321529_236.JPEG	0	10	63	59
n02321529_237.JPEG	0	21	63	45
n02321529_238.JPEG	38	0	63	63
n02321529_239.JPEG	7	40	53	53
n02321529_240.JPEG	19	7	45	59
n02321529_241.JPEG	0	24	30	62
n02321529_242.JPEG	0	18	63	43
n02321529_243.JPEG	6	19	63	45
n02321529_244.JPEG	0	11	61	54
n02321529_245.JPEG	8	19	56	60
n02321529_246.JPEG	0	14	63	47
n02321529_247.JPEG	15	16	42	41
n02321529_248.JPEG	0	11	63	54
n02321529_249.JPEG	0	7	62	56
n02321529_250.JPEG	0	6	63	54
n02321529_251.JPEG	0	11	55	40
n02321529_252.JPEG	0	8	63	53
n02321529_253.JPEG	0	5	63	63
n02321529_254.JPEG	44	13	63	54
n02321529_255.JPEG	37	43	58	63
n02321529_256.JPEG	4	2	63	62
n02321529_257.JPEG	37	27	63	44
n02321529_258.JPEG	0	0	63	56
n02321529_259.JPEG	0	18	63	53
n02321529_260.JPEG	0	0	63	63
n02321529_261.JPEG	2	22	62	47
n02321529_262.JPEG	33	19	63	34
n02321529_263.JPEG	0	9	63	42
n02321529_264.JPEG	5	18	59	38
n02321529_265.JPEG	0	11	51	50
n02321529_266.JPEG	0	9	63	54
n02321529_267.JPEG	15	11	49	59
n02321529_268.JPEG	9	6	54	55
n02321529_269.JPEG	0	6	63	62
n02321529_270.JPEG	0	18	63	45
n02321529_271.JPEG	10	0	63	48
n02321529_272.JPEG	6	13	60	39
n02321529_273.JPEG	9	31	63	59
n02321529_274.JPEG	0	3	63	59
n02321529_275.JPEG	6	1	63	60
n02321529_276.JPEG	27	0	63	63
n02321529_277.JPEG	2	23	61	56
n02321529_278.JPEG	0	8	63	63
n02321529_279.JPEG	0	10	63	49
n02321529_280.JPEG	6	18	58	62
n02321529_281.JPEG	31	34	63	46
n02321529_282.JPEG	0	18	52	60
n02321529_283.JPEG	0	22	63	52
n02321529_284.JPEG	9	29	51	54
n02321529_285.JPEG	3	18	36	58
n02321529_286.JPEG	14	0	58	60
n02321529_287.JPEG	0	13	63	55
n02321529_288.JPEG	10	13	63	60
n02321529_289.JPEG	0	0	63	54
n02321529_290.JPEG	13	2	43	28
n02321529_291.JPEG	0	0	50	45
n02321529_292.JPEG	0	11	63	50
n02321529_293.JPEG	0	13	63	53
n02321529_294.JPEG	19	9	62	53
n02321529_295.JPEG	0	10	63	54
n02321529_296.JPEG	0	4	42	54
n02321529_297.JPEG	0	1	58	63
n02321529_298.JPEG	0	0	60	63
n02321529_299.JPEG	8	11	59	50
n02321529_300.JPEG	6	6	63	54
n02321529_301.JPEG	2	24	32	38
n02321529_302.JPEG	0	3	63	62
n02321529_303.JPEG	3	5	58	63
n02321529_304.JPEG	0	0	63	61
n02321529_305.JPEG	1	25	63	58
n02321529_306.JPEG	10	22	46	47
n02321529_307.JPEG	0	8	63	62
n02321529_308.JPEG	0	0	63	57
n02321529_309.JPEG	7	5	53	57
n02321529_310.JPEG	0	23	63	43
n02321529_311.JPEG	0	14	61	44
n02321529_312.JPEG	0	9	63	58
n02321529_313.JPEG	0	9	63	58
n02321529_314.JPEG	2	7	36	55
n02321529_315.JPEG	0	5	63	53
n02321529_316.JPEG	22	22	43	47
n02321529_317.JPEG	5	20	55	46
n02321529_318.JPEG	0	15	63	50
n02321529_319.JPEG	0	0	47	42
n02321529_320.JPEG	38	35	63	55
n02321529_321.JPEG	0	10	61	54
n02321529_322.JPEG	0	12	63	56
n02321529_323.JPEG	0	7	63	57
n02321529_324.JPEG	7	15	63	52
n02321529_325.JPEG	0	11	63	58
n02321529_326.JPEG	8	0	63	63
n02321529_327.JPEG	0	15	63	49
n02321529_328.JPEG	4	15	63	45
n02321529_329.JPEG	5	14	63	50
n02321529_330.JPEG	0	20	63	45
n02321529_331.JPEG	0	15	63	47
n02321529_332.JPEG	20	27	40	39
n02321529_333.JPEG	17	4	42	56
n02321529_334.JPEG	2	7	63	58
n02321529_335.JPEG	0	18	63	50
n02321529_336.JPEG	6	21	63	49
n02321529_337.JPEG	6	40	38	53
n02321529_338.JPEG	7	0	54	63
n02321529_339.JPEG	13	4	55	51
n02321529_340.JPEG	0	1	63	59
n02321529_341.JPEG	0	7	63	58
n02321529_342.JPEG	4	1	46	49
n02321529_343.JPEG	9	13	63	35
n02321529_344.JPEG	18	12	55	62
n02321529_345.JPEG	0	7	63	59
n02321529_346.JPEG	2	16	59	54
n02321529_347.JPEG	0	18	63	44
n02321529_348.JPEG	1	19	63	43
n02321529_349.JPEG	0	20	63	54
n02321529_350.JPEG	0	22	63	53
n02321529_351.JPEG	6	35	63	51
n02321529_352.JPEG	3	16	63	52
n02321529_353.JPEG	0	1	63	63
n02321529_354.JPEG	0	4	22	62
n02321529_355.JPEG	0	7	63	58
n02321529_356.JPEG	8	0	48	63
n02321529_357.JPEG	6	15	62	46
n02321529_358.JPEG	0	22	63	46
n02321529_359.JPEG	4	32	41	50
n02321529_360.JPEG	0	16	48	43
n02321529_361.JPEG	0	17	63	47
n02321529_362.JPEG	0	28	63	52
n02321529_363.JPEG	18	21	50	54
n02321529_364.JPEG	16	14	37	41
n02321529_365.JPEG	0	17	61	49
n02321529_366.JPEG	0	19	63	63
n02321529_367.JPEG	0	13	53	38
n02321529_368.JPEG	16	15	42	47
n02321529_369.JPEG	0	12	63	52
n02321529_370.JPEG	23	23	63	38
n02321529_371.JPEG	0	10	63	61
n02321529_372.JPEG	7	17	61	59
n02321529_373.JPEG	0	1	63	61
n02321529_374.JPEG	0	16	63	41
n02321529_375.JPEG	0	4	63	48
n02321529_376.JPEG	8	14	59	44
n02321529_377.JPEG	4	0	59	63
n02321529_378.JPEG	8	15	57	51
n02321529_379.JPEG	0	9	63	57
n02321529_380.JPEG	2	13	63	45
n02321529_381.JPEG	0	11	63	52
n02321529_382.JPEG	0	21	42	35
n02321529_383.JPEG	0	14	63	53
n02321529_384.JPEG	2	10	63	52
n02321529_385.JPEG	0	1	63	59
n02321529_386.JPEG	1	3	63	59
n02321529_387.JPEG	8	21	38	53
n02321529_388.JPEG	0	33	63	56
n02321529_389.JPEG	0	11	63	56
n02321529_390.JPEG	0	8	63	57
n02321529_391.JPEG	11	13	52	53
n02321529_392.JPEG	3	19	63	40
n02321529_393.JPEG	0	11	63	53
n02321529_394.JPEG	0	6	63	61
n02321529_395.JPEG	10	2	63	63
n02321529_396.JPEG	3	10	30	63
n02321529_397.JPEG	22	23	46	52
n02321529_398.JPEG	5	3	53	55
n02321529_399.JPEG	0	19	63	56
n02321529_400.JPEG	3	13	59	44
n02321529_401.JPEG	0	23	63	47
n02321529_402.JPEG	4	23	46	46
n02321529_403.JPEG	22	29	50	51
n02321529_404.JPEG	0	20	63	49
n02321529_405.JPEG	0	1	63	63
n02321529_406.JPEG	0	7	63	59
n02321529_407.JPEG	0	34	63	62
n02321529_408.JPEG	0	12	51	54
n02321529_409.JPEG	0	4	51	63
n02321529_410.JPEG	1	5	49	60
n02321529_411.JPEG	6	5	60	58
n02321529_412.JPEG	0	0	50	49
n02321529_413.JPEG	15	16	63	46
n02321529_414.JPEG	13	9	58	60
n02321529_415.JPEG	8	16	58	50
n02321529_416.JPEG	0	16	63	45
n02321529_417.JPEG	30	28	48	36
n02321529_418.JPEG	0	0	63	46
n02321529_419.JPEG	4	6	63	54
n02321529_420.JPEG	6	14	60	43
n02321529_421.JPEG	24	11	60	53
n02321529_422.JPEG	0	0	63	61
n02321529_423.JPEG	3	31	15	47
n02321529_424.JPEG	21	12	48	51
n02321529_425.JPEG	0	13	58	51
n02321529_426.JPEG	18	19	53	49
n02321529_427.JPEG	20	14	59	55
n02321529_428.JPEG	18	6	63	60
n02321529_429.JPEG	2	15	63	50
n02321529_430.JPEG	5	13	63	63
n02321529_431.JPEG	18	26	54	46
n02321529_432.JPEG	25	15	58	50
n02321529_433.JPEG	0	5	63	63
n02321529_434.JPEG	10	17	62	55
n02321529_435.JPEG	0	35	59	54
n02321529_436.JPEG	0	13	63	56
n02321529_437.JPEG	9	14	60	53
n02321529_438.JPEG	0	0	63	42
n02321529_439.JPEG	0	14	63	50
n02321529_440.JPEG	0	15	38	63
n02321529_441.JPEG	0	8	63	59
n02321529_442.JPEG	0	16	61	56
n02321529_443.JPEG	0	15	63	52
n02321529_444.JPEG	0	16	51	63
n02321529_445.JPEG	0	14	57	34
n02321529_446.JPEG	0	6	63	63
n02321529_447.JPEG	1	1	63	63
n02321529_448.JPEG	0	9	63	51
n02321529_449.JPEG	10	6	62	63
n02321529_450.JPEG	0	21	63	48
n02321529_451.JPEG	0	9	63	58
n02321529_452.JPEG	0	13	63	49
n02321529_453.JPEG	0	16	63	45
n02321529_454.JPEG	5	22	63	55
n02321529_455.JPEG	0	16	63	47
n02321529_456.JPEG	0	11	63	43
n02321529_457.JPEG	0	17	63	47
n02321529_458.JPEG	0	9	63	53
n02321529_459.JPEG	13	8	53	50
n02321529_460.JPEG	0	18	63	45
n02321529_461.JPEG	5	0	55	63
n02321529_462.JPEG	0	6	63	59
n02321529_463.JPEG	9	0	44	63
n02321529_464.JPEG	16	0	55	55
n02321529_465.JPEG	21	11	46	47
n02321529_466.JPEG	0	13	63	49
n02321529_467.JPEG	1	27	61	47
n02321529_468.JPEG	16	3	52	63
n02321529_469.JPEG	11	1	63	61
n02321529_470.JPEG	23	10	44	52
n02321529_471.JPEG	0	19	51	50
n02321529_472.JPEG	7	26	63	63
n02321529_473.JPEG	0	19	63	51
n02321529_474.JPEG	0	6	63	58
n02321529_475.JPEG	0	25	56	47
n02321529_476.JPEG	2	12	63	41
n02321529_477.JPEG	14	7	63	56
n02321529_478.JPEG	4	5	63	55
n02321529_479.JPEG	0	9	63	60
n02321529_480.JPEG	10	0	63	55
n02321529_481.JPEG	0	20	63	45
n02321529_482.JPEG	5	24	57	40
n02321529_483.JPEG	0	12	34	51
n02321529_484.JPEG	0	8	63	55
n02321529_485.JPEG	0	15	63	46
n02321529_486.JPEG	1	11	63	49
n02321529_487.JPEG	13	0	63	63
n02321529_488.JPEG	1	2	63	40
n02321529_489.JPEG	0	4	63	57
n02321529_490.JPEG	17	6	57	55
n02321529_491.JPEG	0	6	29	48
n02321529_492.JPEG	0	17	62	49
n02321529_493.JPEG	7	20	63	51
n02321529_494.JPEG	0	3	63	63
n02321529_495.JPEG	0	35	63	62
n02321529_496.JPEG	0	4	63	60
n02321529_497.JPEG	0	9	63	47
n02321529_498.JPEG	0	3	63	61
n02321529_499.JPEG	4	18	60	55
