n07695742_0.JPEG	19	37	41	53
n07695742_1.JPEG	37	31	63	53
n07695742_2.JPEG	63	38	63	47
n07695742_3.JPEG	19	28	45	50
n07695742_4.JPEG	0	20	63	63
n07695742_5.JPEG	5	28	60	63
n07695742_6.JPEG	16	16	32	31
n07695742_7.JPEG	0	21	51	61
n07695742_8.JPEG	0	28	36	51
n07695742_9.JPEG	29	1	63	34
n07695742_10.JPEG	0	21	48	57
n07695742_11.JPEG	10	0	43	48
n07695742_12.JPEG	0	10	63	63
n07695742_13.JPEG	4	28	35	57
n07695742_14.JPEG	45	32	60	41
n07695742_15.JPEG	0	6	63	62
n07695742_16.JPEG	0	5	63	63
n07695742_17.JPEG	0	9	63	63
n07695742_18.JPEG	1	5	60	63
n07695742_19.JPEG	17	5	63	45
n07695742_20.JPEG	27	46	44	49
n07695742_21.JPEG	13	32	37	42
n07695742_22.JPEG	22	26	45	47
n07695742_23.JPEG	11	10	63	51
n07695742_24.JPEG	28	7	63	33
n07695742_25.JPEG	17	8	63	34
n07695742_26.JPEG	14	14	56	52
n07695742_27.JPEG	40	20	61	63
n07695742_28.JPEG	19	37	54	63
n07695742_29.JPEG	0	9	63	50
n07695742_30.JPEG	20	16	63	63
n07695742_31.JPEG	35	25	40	29
n07695742_32.JPEG	3	4	61	60
n07695742_33.JPEG	0	0	59	59
n07695742_34.JPEG	0	7	63	58
n07695742_35.JPEG	11	24	21	38
n07695742_36.JPEG	5	22	23	45
n07695742_37.JPEG	5	8	52	51
n07695742_38.JPEG	22	41	34	54
n07695742_39.JPEG	0	7	63	62
n07695742_40.JPEG	20	6	63	53
n07695742_41.JPEG	3	5	55	54
n07695742_42.JPEG	3	25	39	62
n07695742_43.JPEG	7	0	63	44
n07695742_44.JPEG	44	2	63	30
n07695742_45.JPEG	9	15	53	58
n07695742_46.JPEG	0	20	22	35
n07695742_47.JPEG	16	27	33	39
n07695742_48.JPEG	2	4	63	61
n07695742_49.JPEG	7	34	63	63
n07695742_50.JPEG	35	41	42	48
n07695742_51.JPEG	21	6	52	30
n07695742_52.JPEG	3	6	54	56
n07695742_53.JPEG	33	0	63	47
n07695742_54.JPEG	17	27	44	41
n07695742_55.JPEG	27	30	54	54
n07695742_56.JPEG	0	19	63	57
n07695742_57.JPEG	0	0	60	63
n07695742_58.JPEG	6	0	58	49
n07695742_59.JPEG	6	14	52	50
n07695742_60.JPEG	16	22	53	56
n07695742_61.JPEG	34	7	50	23
n07695742_62.JPEG	0	0	63	63
n07695742_63.JPEG	18	38	63	63
n07695742_64.JPEG	24	32	60	52
n07695742_65.JPEG	4	22	37	50
n07695742_66.JPEG	7	22	62	63
n07695742_67.JPEG	46	55	53	60
n07695742_68.JPEG	12	16	57	41
n07695742_69.JPEG	7	10	63	52
n07695742_70.JPEG	9	34	38	62
n07695742_71.JPEG	9	15	46	38
n07695742_72.JPEG	0	0	63	63
n07695742_73.JPEG	37	39	60	57
n07695742_74.JPEG	33	9	63	55
n07695742_75.JPEG	12	23	56	54
n07695742_76.JPEG	0	27	35	63
n07695742_77.JPEG	2	14	47	58
n07695742_78.JPEG	0	21	63	63
n07695742_79.JPEG	5	0	62	43
n07695742_80.JPEG	13	35	19	38
n07695742_81.JPEG	14	20	58	60
n07695742_82.JPEG	13	12	59	54
n07695742_83.JPEG	37	24	63	59
n07695742_84.JPEG	8	1	49	33
n07695742_85.JPEG	52	47	63	55
n07695742_86.JPEG	0	14	14	28
n07695742_87.JPEG	26	18	60	37
n07695742_88.JPEG	0	2	63	62
n07695742_89.JPEG	0	3	63	53
n07695742_90.JPEG	20	6	63	63
n07695742_91.JPEG	13	16	50	42
n07695742_92.JPEG	25	52	46	63
n07695742_93.JPEG	0	9	63	63
n07695742_94.JPEG	0	4	63	56
n07695742_95.JPEG	0	5	63	63
n07695742_96.JPEG	28	5	63	53
n07695742_97.JPEG	50	14	59	19
n07695742_98.JPEG	1	8	63	60
n07695742_99.JPEG	17	25	41	46
n07695742_100.JPEG	1	17	34	47
n07695742_101.JPEG	9	37	47	46
n07695742_102.JPEG	0	16	63	61
n07695742_103.JPEG	0	22	63	63
n07695742_104.JPEG	4	18	35	43
n07695742_105.JPEG	0	25	40	56
n07695742_106.JPEG	34	30	41	38
n07695742_107.JPEG	21	28	39	42
n07695742_108.JPEG	16	14	41	56
n07695742_109.JPEG	6	11	50	54
n07695742_110.JPEG	0	30	54	63
n07695742_111.JPEG	3	0	63	63
n07695742_112.JPEG	0	0	63	63
n07695742_113.JPEG	0	11	60	57
n07695742_114.JPEG	13	12	49	51
n07695742_115.JPEG	20	20	55	49
n07695742_116.JPEG	21	34	48	46
n07695742_117.JPEG	14	42	63	63
n07695742_118.JPEG	11	18	49	54
n07695742_119.JPEG	0	3	63	63
n07695742_120.JPEG	7	4	57	37
n07695742_121.JPEG	6	2	63	62
n07695742_122.JPEG	13	14	63	55
n07695742_123.JPEG	5	1	56	63
n07695742_124.JPEG	2	0	63	58
n07695742_125.JPEG	0	5	63	62
n07695742_126.JPEG	28	35	48	55
n07695742_127.JPEG	0	1	59	63
n07695742_128.JPEG	14	32	63	63
n07695742_129.JPEG	1	0	60	63
n07695742_130.JPEG	0	6	63	62
n07695742_131.JPEG	7	0	63	63
n07695742_132.JPEG	26	24	63	63
n07695742_133.JPEG	3	27	43	63
n07695742_134.JPEG	0	26	63	63
n07695742_135.JPEG	0	6	63	61
n07695742_136.JPEG	6	33	18	37
n07695742_137.JPEG	11	10	60	50
n07695742_138.JPEG	0	0	63	63
n07695742_139.JPEG	0	6	63	63
n07695742_140.JPEG	0	37	12	49
n07695742_141.JPEG	27	11	63	48
n07695742_142.JPEG	12	35	43	63
n07695742_143.JPEG	7	7	58	44
n07695742_144.JPEG	2	14	61	53
n07695742_145.JPEG	4	2	61	43
n07695742_146.JPEG	22	29	33	37
n07695742_147.JPEG	0	0	63	63
n07695742_148.JPEG	3	9	63	52
n07695742_149.JPEG	3	34	38	62
n07695742_150.JPEG	0	7	61	63
n07695742_151.JPEG	0	15	57	63
n07695742_152.JPEG	3	0	60	58
n07695742_153.JPEG	2	8	61	56
n07695742_154.JPEG	16	32	51	63
n07695742_155.JPEG	29	52	33	56
n07695742_156.JPEG	3	0	52	23
n07695742_157.JPEG	8	44	35	63
n07695742_158.JPEG	14	6	63	43
n07695742_159.JPEG	1	27	63	63
n07695742_160.JPEG	29	24	63	54
n07695742_161.JPEG	0	28	26	54
n07695742_162.JPEG	0	3	63	63
n07695742_163.JPEG	11	20	63	55
n07695742_164.JPEG	7	16	41	44
n07695742_165.JPEG	0	3	63	58
n07695742_166.JPEG	46	27	63	56
n07695742_167.JPEG	2	9	57	63
n07695742_168.JPEG	1	19	63	63
n07695742_169.JPEG	1	0	63	63
n07695742_170.JPEG	0	0	63	63
n07695742_171.JPEG	35	1	62	27
n07695742_172.JPEG	1	8	46	46
n07695742_173.JPEG	6	7	59	59
n07695742_174.JPEG	2	15	44	53
n07695742_175.JPEG	0	12	51	63
n07695742_176.JPEG	13	39	50	63
n07695742_177.JPEG	0	3	63	62
n07695742_178.JPEG	0	23	54	61
n07695742_179.JPEG	0	9	63	62
n07695742_180.JPEG	3	12	63	60
n07695742_181.JPEG	0	34	14	41
n07695742_182.JPEG	9	26	28	43
n07695742_183.JPEG	8	24	48	57
n07695742_184.JPEG	47	32	62	48
n07695742_185.JPEG	24	7	46	27
n07695742_186.JPEG	0	6	63	58
n07695742_187.JPEG	0	26	43	61
n07695742_188.JPEG	4	9	63	57
n07695742_189.JPEG	0	3	46	40
n07695742_190.JPEG	10	10	59	59
n07695742_191.JPEG	0	5	63	60
n07695742_192.JPEG	0	35	43	63
n07695742_193.JPEG	4	22	58	63
n07695742_194.JPEG	22	7	57	36
n07695742_195.JPEG	0	0	63	63
n07695742_196.JPEG	5	2	63	63
n07695742_197.JPEG	8	26	45	52
n07695742_198.JPEG	23	47	33	53
n07695742_199.JPEG	3	3	62	62
n07695742_200.JPEG	7	0	63	63
n07695742_201.JPEG	1	36	51	63
n07695742_202.JPEG	21	4	63	62
n07695742_203.JPEG	2	13	59	54
n07695742_204.JPEG	0	9	63	63
n07695742_205.JPEG	0	19	63	52
n07695742_206.JPEG	30	11	61	33
n07695742_207.JPEG	0	1	63	62
n07695742_208.JPEG	53	31	63	50
n07695742_209.JPEG	0	3	63	63
n07695742_210.JPEG	0	32	63	63
n07695742_211.JPEG	1	7	63	63
n07695742_212.JPEG	6	15	31	35
n07695742_213.JPEG	0	2	63	63
n07695742_214.JPEG	2	23	63	48
n07695742_215.JPEG	40	31	55	38
n07695742_216.JPEG	7	29	33	44
n07695742_217.JPEG	0	20	31	54
n07695742_218.JPEG	5	19	53	49
n07695742_219.JPEG	0	0	63	63
n07695742_220.JPEG	0	1	63	63
n07695742_221.JPEG	1	12	62	59
n07695742_222.JPEG	24	5	40	21
n07695742_223.JPEG	0	48	21	61
n07695742_224.JPEG	29	56	53	63
n07695742_225.JPEG	16	14	53	48
n07695742_226.JPEG	19	19	45	46
n07695742_227.JPEG	19	18	63	50
n07695742_228.JPEG	0	0	63	63
n07695742_229.JPEG	0	37	54	63
n07695742_230.JPEG	3	25	63	52
n07695742_231.JPEG	17	13	55	58
n07695742_232.JPEG	0	14	63	60
n07695742_233.JPEG	0	8	63	63
n07695742_234.JPEG	0	1	54	60
n07695742_235.JPEG	5	12	63	62
n07695742_236.JPEG	30	16	63	55
n07695742_237.JPEG	30	25	56	44
n07695742_238.JPEG	29	0	63	33
n07695742_239.JPEG	0	1	42	63
n07695742_240.JPEG	0	28	39	63
n07695742_241.JPEG	9	32	45	60
n07695742_242.JPEG	22	15	61	59
n07695742_243.JPEG	0	21	40	47
n07695742_244.JPEG	38	18	60	37
n07695742_245.JPEG	2	21	31	41
n07695742_246.JPEG	3	11	62	51
n07695742_247.JPEG	18	30	37	37
n07695742_248.JPEG	2	3	63	56
n07695742_249.JPEG	22	24	34	33
n07695742_250.JPEG	18	9	43	24
n07695742_251.JPEG	13	5	52	54
n07695742_252.JPEG	15	18	63	58
n07695742_253.JPEG	37	12	46	19
n07695742_254.JPEG	2	0	63	63
n07695742_255.JPEG	9	0	60	59
n07695742_256.JPEG	1	27	35	57
n07695742_257.JPEG	36	27	63	60
n07695742_258.JPEG	21	33	32	42
n07695742_259.JPEG	0	5	45	63
n07695742_260.JPEG	2	23	42	63
n07695742_261.JPEG	9	21	63	63
n07695742_262.JPEG	5	42	28	57
n07695742_263.JPEG	0	0	63	63
n07695742_264.JPEG	5	4	62	54
n07695742_265.JPEG	9	19	51	31
n07695742_266.JPEG	0	11	54	59
n07695742_267.JPEG	0	6	56	32
n07695742_268.JPEG	0	25	51	50
n07695742_269.JPEG	0	8	45	47
n07695742_270.JPEG	19	19	44	38
n07695742_271.JPEG	30	28	59	48
n07695742_272.JPEG	6	5	45	46
n07695742_273.JPEG	0	4	63	61
n07695742_274.JPEG	20	36	63	63
n07695742_275.JPEG	4	2	62	62
n07695742_276.JPEG	0	10	63	63
n07695742_277.JPEG	0	2	63	63
n07695742_278.JPEG	21	43	52	63
n07695742_279.JPEG	0	12	63	63
n07695742_280.JPEG	0	12	28	46
n07695742_281.JPEG	10	0	63	62
n07695742_282.JPEG	0	27	44	59
n07695742_283.JPEG	17	4	57	59
n07695742_284.JPEG	4	6	63	58
n07695742_285.JPEG	18	25	53	48
n07695742_286.JPEG	12	20	33	52
n07695742_287.JPEG	0	19	63	63
n07695742_288.JPEG	0	4	63	60
n07695742_289.JPEG	0	9	63	60
n07695742_290.JPEG	25	32	48	55
n07695742_291.JPEG	23	14	46	34
n07695742_292.JPEG	8	32	40	56
n07695742_293.JPEG	34	5	63	59
n07695742_294.JPEG	28	15	60	51
n07695742_295.JPEG	45	39	63	51
n07695742_296.JPEG	18	5	57	39
n07695742_297.JPEG	32	41	42	50
n07695742_298.JPEG	42	16	63	45
n07695742_299.JPEG	7	0	63	50
n07695742_300.JPEG	0	14	40	63
n07695742_301.JPEG	10	27	59	62
n07695742_302.JPEG	0	20	50	63
n07695742_303.JPEG	8	0	63	33
n07695742_304.JPEG	10	17	61	63
n07695742_305.JPEG	13	9	43	38
n07695742_306.JPEG	0	1	50	63
n07695742_307.JPEG	27	16	63	45
n07695742_308.JPEG	37	29	63	60
n07695742_309.JPEG	24	17	49	42
n07695742_310.JPEG	14	32	54	62
n07695742_311.JPEG	13	35	40	63
n07695742_312.JPEG	6	0	57	63
n07695742_313.JPEG	42	8	63	40
n07695742_314.JPEG	48	22	63	53
n07695742_315.JPEG	7	20	51	63
n07695742_316.JPEG	16	15	49	42
n07695742_317.JPEG	8	38	32	54
n07695742_318.JPEG	9	3	63	57
n07695742_319.JPEG	42	51	63	63
n07695742_320.JPEG	0	4	63	63
n07695742_321.JPEG	4	0	61	63
n07695742_322.JPEG	0	3	43	63
n07695742_323.JPEG	27	17	57	41
n07695742_324.JPEG	9	1	63	56
n07695742_325.JPEG	2	22	57	63
n07695742_326.JPEG	3	39	30	63
n07695742_327.JPEG	26	30	33	41
n07695742_328.JPEG	6	37	49	54
n07695742_329.JPEG	24	17	35	28
n07695742_330.JPEG	21	17	35	58
n07695742_331.JPEG	0	0	63	63
n07695742_332.JPEG	0	7	63	61
n07695742_333.JPEG	0	2	63	57
n07695742_334.JPEG	0	0	61	31
n07695742_335.JPEG	0	5	63	59
n07695742_336.JPEG	0	18	63	63
n07695742_337.JPEG	47	28	63	44
n07695742_338.JPEG	14	11	43	45
n07695742_339.JPEG	0	37	28	63
n07695742_340.JPEG	7	17	63	48
n07695742_341.JPEG	3	4	61	63
n07695742_342.JPEG	2	19	32	49
n07695742_343.JPEG	2	3	63	61
n07695742_344.JPEG	0	25	37	53
n07695742_345.JPEG	35	37	63	63
n07695742_346.JPEG	0	8	48	62
n07695742_347.JPEG	39	37	63	60
n07695742_348.JPEG	21	5	63	40
n07695742_349.JPEG	5	5	61	54
n07695742_350.JPEG	0	0	53	61
n07695742_351.JPEG	3	43	19	59
n07695742_352.JPEG	28	6	63	53
n07695742_353.JPEG	1	7	63	59
n07695742_354.JPEG	0	10	34	31
n07695742_355.JPEG	23	38	32	43
n07695742_356.JPEG	0	0	60	63
n07695742_357.JPEG	9	31	60	63
n07695742_358.JPEG	9	15	51	52
n07695742_359.JPEG	10	23	32	42
n07695742_360.JPEG	1	8	63	58
n07695742_361.JPEG	0	1	63	60
n07695742_362.JPEG	0	0	63	63
n07695742_363.JPEG	30	28	63	41
n07695742_364.JPEG	0	27	8	53
n07695742_365.JPEG	3	3	59	56
n07695742_366.JPEG	0	0	63	46
n07695742_367.JPEG	0	7	63	60
n07695742_368.JPEG	10	15	63	46
n07695742_369.JPEG	9	8	62	59
n07695742_370.JPEG	17	41	42	63
n07695742_371.JPEG	13	5	63	60
n07695742_372.JPEG	3	17	53	56
n07695742_373.JPEG	3	4	59	49
n07695742_374.JPEG	14	3	63	53
n07695742_375.JPEG	5	13	59	49
n07695742_376.JPEG	7	15	60	48
n07695742_377.JPEG	0	14	63	54
n07695742_378.JPEG	0	0	63	62
n07695742_379.JPEG	23	13	63	58
n07695742_380.JPEG	41	63	56	63
n07695742_381.JPEG	22	31	56	56
n07695742_382.JPEG	17	17	54	49
n07695742_383.JPEG	8	3	63	61
n07695742_384.JPEG	39	36	58	56
n07695742_385.JPEG	14	42	26	50
n07695742_386.JPEG	11	44	48	58
n07695742_387.JPEG	3	0	63	63
n07695742_388.JPEG	34	31	46	43
n07695742_389.JPEG	0	0	44	43
n07695742_390.JPEG	18	22	40	36
n07695742_391.JPEG	12	10	47	48
n07695742_392.JPEG	25	28	59	62
n07695742_393.JPEG	7	6	32	33
n07695742_394.JPEG	0	4	63	61
n07695742_395.JPEG	0	9	63	49
n07695742_396.JPEG	6	11	55	53
n07695742_397.JPEG	21	25	63	58
n07695742_398.JPEG	30	0	53	11
n07695742_399.JPEG	38	14	63	52
n07695742_400.JPEG	11	28	56	56
n07695742_401.JPEG	11	15	50	57
n07695742_402.JPEG	5	4	63	62
n07695742_403.JPEG	16	24	38	51
n07695742_404.JPEG	13	21	52	58
n07695742_405.JPEG	27	17	56	44
n07695742_406.JPEG	5	25	62	63
n07695742_407.JPEG	26	13	38	28
n07695742_408.JPEG	1	9	63	63
n07695742_409.JPEG	6	28	26	54
n07695742_410.JPEG	0	0	63	63
n07695742_411.JPEG	0	12	41	60
n07695742_412.JPEG	9	10	49	49
n07695742_413.JPEG	1	33	63	63
n07695742_414.JPEG	0	9	57	51
n07695742_415.JPEG	0	13	60	63
n07695742_416.JPEG	0	0	63	63
n07695742_417.JPEG	0	19	9	27
n07695742_418.JPEG	0	21	63	63
n07695742_419.JPEG	8	13	63	61
n07695742_420.JPEG	13	1	44	53
n07695742_421.JPEG	15	3	45	61
n07695742_422.JPEG	0	15	63	63
n07695742_423.JPEG	1	4	63	58
n07695742_424.JPEG	0	0	63	63
n07695742_425.JPEG	0	26	63	63
n07695742_426.JPEG	27	31	57	54
n07695742_427.JPEG	19	20	48	43
n07695742_428.JPEG	0	15	53	63
n07695742_429.JPEG	0	7	63	54
n07695742_430.JPEG	0	20	63	46
n07695742_431.JPEG	11	19	46	54
n07695742_432.JPEG	41	26	63	44
n07695742_433.JPEG	16	26	25	35
n07695742_434.JPEG	0	22	53	59
n07695742_435.JPEG	0	34	55	63
n07695742_436.JPEG	8	15	63	59
n07695742_437.JPEG	5	3	56	42
n07695742_438.JPEG	2	7	62	63
n07695742_439.JPEG	31	4	63	45
n07695742_440.JPEG	7	12	59	51
n07695742_441.JPEG	0	5	63	61
n07695742_442.JPEG	17	9	63	52
n07695742_443.JPEG	1	4	63	63
n07695742_444.JPEG	0	4	63	63
n07695742_445.JPEG	49	6	63	29
n07695742_446.JPEG	0	14	32	63
n07695742_447.JPEG	0	4	63	63
n07695742_448.JPEG	0	3	63	57
n07695742_449.JPEG	2	15	63	56
n07695742_450.JPEG	61	19	63	63
n07695742_451.JPEG	20	28	54	61
n07695742_452.JPEG	0	1	62	63
n07695742_453.JPEG	14	26	42	43
n07695742_454.JPEG	11	26	57	59
n07695742_455.JPEG	0	5	59	59
n07695742_456.JPEG	30	0	60	32
n07695742_457.JPEG	6	50	21	63
n07695742_458.JPEG	2	20	51	57
n07695742_459.JPEG	0	6	51	59
n07695742_460.JPEG	0	12	53	54
n07695742_461.JPEG	31	4	62	36
n07695742_462.JPEG	12	22	48	60
n07695742_463.JPEG	0	14	63	63
n07695742_464.JPEG	0	8	63	58
n07695742_465.JPEG	0	6	35	37
n07695742_466.JPEG	9	33	37	62
n07695742_467.JPEG	1	11	63	57
n07695742_468.JPEG	0	6	63	61
n07695742_469.JPEG	0	3	63	62
n07695742_470.JPEG	0	5	63	57
n07695742_471.JPEG	10	0	63	63
n07695742_472.JPEG	0	0	63	63
n07695742_473.JPEG	20	17	62	47
n07695742_474.JPEG	23	27	63	57
n07695742_475.JPEG	0	15	63	62
n07695742_476.JPEG	0	3	63	56
n07695742_477.JPEG	13	14	53	53
n07695742_478.JPEG	0	21	63	53
n07695742_479.JPEG	0	11	36	49
n07695742_480.JPEG	25	19	51	44
n07695742_481.JPEG	0	21	63	63
n07695742_482.JPEG	0	1	63	60
n07695742_483.JPEG	27	36	40	52
n07695742_484.JPEG	6	1	44	22
n07695742_485.JPEG	0	2	58	62
n07695742_486.JPEG	6	15	43	61
n07695742_487.JPEG	8	6	58	59
n07695742_488.JPEG	0	7	63	63
n07695742_489.JPEG	9	28	41	51
n07695742_490.JPEG	0	3	63	62
n07695742_491.JPEG	0	2	63	63
n07695742_492.JPEG	34	24	63	46
n07695742_493.JPEG	0	1	63	63
n07695742_494.JPEG	0	0	29	41
n07695742_495.JPEG	8	32	34	63
n07695742_496.JPEG	2	16	51	53
n07695742_497.JPEG	30	17	62	53
n07695742_498.JPEG	47	33	59	46
n07695742_499.JPEG	11	43	42	62
