n02125311_0.JPEG	13	34	63	62
n02125311_1.JPEG	9	0	63	63
n02125311_2.JPEG	3	6	53	54
n02125311_3.JPEG	16	0	63	63
n02125311_4.JPEG	18	22	46	43
n02125311_5.JPEG	0	6	63	63
n02125311_6.JPEG	6	21	49	53
n02125311_7.JPEG	11	22	63	53
n02125311_8.JPEG	0	6	63	48
n02125311_9.JPEG	18	0	63	63
n02125311_10.JPEG	4	7	63	63
n02125311_11.JPEG	0	14	48	61
n02125311_12.JPEG	4	0	59	63
n02125311_13.JPEG	0	0	58	63
n02125311_14.JPEG	15	0	50	63
n02125311_15.JPEG	37	23	41	29
n02125311_16.JPEG	15	17	47	38
n02125311_17.JPEG	3	23	63	45
n02125311_18.JPEG	0	9	63	63
n02125311_19.JPEG	0	4	63	59
n02125311_20.JPEG	0	1	63	63
n02125311_21.JPEG	0	20	63	59
n02125311_22.JPEG	0	8	48	63
n02125311_23.JPEG	0	36	63	63
n02125311_24.JPEG	0	0	63	63
n02125311_25.JPEG	12	6	63	63
n02125311_26.JPEG	0	5	63	63
n02125311_27.JPEG	21	5	50	63
n02125311_28.JPEG	0	14	63	58
n02125311_29.JPEG	30	14	60	60
n02125311_30.JPEG	0	1	63	63
n02125311_31.JPEG	0	0	60	63
n02125311_32.JPEG	15	17	63	48
n02125311_33.JPEG	0	10	57	62
n02125311_34.JPEG	13	1	54	63
n02125311_35.JPEG	0	7	63	57
n02125311_36.JPEG	0	20	59	63
n02125311_37.JPEG	1	0	56	63
n02125311_38.JPEG	3	0	63	63
n02125311_39.JPEG	0	2	63	63
n02125311_40.JPEG	1	0	63	63
n02125311_41.JPEG	0	7	60	63
n02125311_42.JPEG	11	21	41	45
n02125311_43.JPEG	0	18	63	62
n02125311_44.JPEG	0	1	52	63
n02125311_45.JPEG	0	13	63	49
n02125311_46.JPEG	1	0	63	63
n02125311_47.JPEG	0	3	63	60
n02125311_48.JPEG	8	1	50	63
n02125311_49.JPEG	13	5	63	48
n02125311_50.JPEG	17	22	57	60
n02125311_51.JPEG	6	0	63	63
n02125311_52.JPEG	13	1	45	63
n02125311_53.JPEG	0	15	63	63
n02125311_54.JPEG	0	6	63	59
n02125311_55.JPEG	1	10	43	63
n02125311_56.JPEG	0	4	61	63
n02125311_57.JPEG	0	4	63	63
n02125311_58.JPEG	23	17	44	40
n02125311_59.JPEG	10	9	61	63
n02125311_60.JPEG	0	5	63	63
n02125311_61.JPEG	14	5	45	58
n02125311_62.JPEG	16	0	54	63
n02125311_63.JPEG	0	4	61	63
n02125311_64.JPEG	8	2	56	61
n02125311_65.JPEG	0	0	63	63
n02125311_66.JPEG	0	2	63	63
n02125311_67.JPEG	4	22	63	60
n02125311_68.JPEG	1	0	63	63
n02125311_69.JPEG	7	1	62	63
n02125311_70.JPEG	0	1	63	57
n02125311_71.JPEG	0	3	63	62
n02125311_72.JPEG	0	0	47	63
n02125311_73.JPEG	17	15	63	56
n02125311_74.JPEG	11	43	39	63
n02125311_75.JPEG	0	25	63	54
n02125311_76.JPEG	20	18	46	39
n02125311_77.JPEG	0	9	55	61
n02125311_78.JPEG	9	18	58	46
n02125311_79.JPEG	8	0	53	63
n02125311_80.JPEG	14	29	50	63
n02125311_81.JPEG	0	18	63	63
n02125311_82.JPEG	0	3	53	63
n02125311_83.JPEG	0	9	63	63
n02125311_84.JPEG	0	14	42	63
n02125311_85.JPEG	25	8	63	63
n02125311_86.JPEG	0	16	56	63
n02125311_87.JPEG	0	12	51	60
n02125311_88.JPEG	20	28	49	38
n02125311_89.JPEG	0	4	58	63
n02125311_90.JPEG	0	0	63	63
n02125311_91.JPEG	0	0	63	63
n02125311_92.JPEG	2	10	63	61
n02125311_93.JPEG	5	0	63	63
n02125311_94.JPEG	1	7	63	58
n02125311_95.JPEG	3	0	63	54
n02125311_96.JPEG	9	31	63	60
n02125311_97.JPEG	0	18	35	63
n02125311_98.JPEG	0	5	63	58
n02125311_99.JPEG	0	0	63	63
n02125311_100.JPEG	23	22	44	44
n02125311_101.JPEG	0	1	63	62
n02125311_102.JPEG	2	7	63	56
n02125311_103.JPEG	0	22	42	63
n02125311_104.JPEG	0	1	63	63
n02125311_105.JPEG	3	6	45	63
n02125311_106.JPEG	1	23	41	51
n02125311_107.JPEG	6	2	62	63
n02125311_108.JPEG	1	0	63	63
n02125311_109.JPEG	0	5	63	63
n02125311_110.JPEG	10	3	46	63
n02125311_111.JPEG	0	0	63	63
n02125311_112.JPEG	0	17	63	51
n02125311_113.JPEG	0	0	63	63
n02125311_114.JPEG	6	1	63	63
n02125311_115.JPEG	21	13	47	63
n02125311_116.JPEG	20	3	63	62
n02125311_117.JPEG	0	0	63	63
n02125311_118.JPEG	0	13	63	55
n02125311_119.JPEG	28	17	50	37
n02125311_120.JPEG	0	8	55	57
n02125311_121.JPEG	0	10	61	61
n02125311_122.JPEG	0	0	63	63
n02125311_123.JPEG	0	1	63	63
n02125311_124.JPEG	0	13	63	47
n02125311_125.JPEG	3	4	63	63
n02125311_126.JPEG	0	15	63	63
n02125311_127.JPEG	0	0	56	63
n02125311_128.JPEG	10	7	63	63
n02125311_129.JPEG	0	5	63	51
n02125311_130.JPEG	0	32	63	63
n02125311_131.JPEG	3	0	52	63
n02125311_132.JPEG	0	4	61	63
n02125311_133.JPEG	0	0	63	63
n02125311_134.JPEG	0	0	63	63
n02125311_135.JPEG	0	1	63	63
n02125311_136.JPEG	0	15	52	55
n02125311_137.JPEG	22	3	63	63
n02125311_138.JPEG	20	8	49	59
n02125311_139.JPEG	0	2	63	63
n02125311_140.JPEG	2	1	63	63
n02125311_141.JPEG	18	20	42	63
n02125311_142.JPEG	2	3	63	63
n02125311_143.JPEG	0	1	51	63
n02125311_144.JPEG	18	20	52	55
n02125311_145.JPEG	16	11	56	51
n02125311_146.JPEG	0	0	62	63
n02125311_147.JPEG	0	0	63	63
n02125311_148.JPEG	0	6	48	54
n02125311_149.JPEG	0	11	58	61
n02125311_150.JPEG	4	6	60	40
n02125311_151.JPEG	5	22	63	55
n02125311_152.JPEG	32	31	47	63
n02125311_153.JPEG	9	1	63	63
n02125311_154.JPEG	0	9	26	63
n02125311_155.JPEG	0	28	63	61
n02125311_156.JPEG	0	8	63	58
n02125311_157.JPEG	0	4	43	63
n02125311_158.JPEG	19	13	63	63
n02125311_159.JPEG	4	15	63	56
n02125311_160.JPEG	0	27	63	62
n02125311_161.JPEG	0	9	63	63
n02125311_162.JPEG	2	0	63	63
n02125311_163.JPEG	17	0	47	63
n02125311_164.JPEG	0	0	63	63
n02125311_165.JPEG	20	19	63	48
n02125311_166.JPEG	0	2	55	63
n02125311_167.JPEG	8	8	63	63
n02125311_168.JPEG	9	0	56	63
n02125311_169.JPEG	5	12	61	53
n02125311_170.JPEG	3	20	42	61
n02125311_171.JPEG	31	13	63	63
n02125311_172.JPEG	12	3	63	63
n02125311_173.JPEG	0	1	54	53
n02125311_174.JPEG	23	24	63	47
n02125311_175.JPEG	0	18	62	56
n02125311_176.JPEG	0	1	63	63
n02125311_177.JPEG	4	9	63	58
n02125311_178.JPEG	2	10	63	63
n02125311_179.JPEG	1	22	59	61
n02125311_180.JPEG	1	0	58	63
n02125311_181.JPEG	18	9	63	52
n02125311_182.JPEG	0	34	22	48
n02125311_183.JPEG	6	7	63	56
n02125311_184.JPEG	4	0	63	63
n02125311_185.JPEG	0	12	41	60
n02125311_186.JPEG	4	7	63	63
n02125311_187.JPEG	12	16	36	38
n02125311_188.JPEG	0	0	54	63
n02125311_189.JPEG	0	1	63	63
n02125311_190.JPEG	0	0	63	63
n02125311_191.JPEG	20	7	58	41
n02125311_192.JPEG	0	0	63	63
n02125311_193.JPEG	9	1	63	63
n02125311_194.JPEG	3	0	61	63
n02125311_195.JPEG	0	1	63	63
n02125311_196.JPEG	0	4	63	59
n02125311_197.JPEG	12	6	51	41
n02125311_198.JPEG	7	0	63	63
n02125311_199.JPEG	27	8	63	63
n02125311_200.JPEG	4	2	49	58
n02125311_201.JPEG	34	11	63	60
n02125311_202.JPEG	13	40	44	59
n02125311_203.JPEG	10	8	63	63
n02125311_204.JPEG	1	1	63	63
n02125311_205.JPEG	2	0	55	63
n02125311_206.JPEG	0	4	63	63
n02125311_207.JPEG	19	19	56	53
n02125311_208.JPEG	0	9	63	63
n02125311_209.JPEG	10	18	54	52
n02125311_210.JPEG	0	5	63	63
n02125311_211.JPEG	0	3	63	63
n02125311_212.JPEG	0	26	50	53
n02125311_213.JPEG	0	2	49	63
n02125311_214.JPEG	0	22	63	60
n02125311_215.JPEG	1	0	60	63
n02125311_216.JPEG	20	21	63	57
n02125311_217.JPEG	0	0	63	63
n02125311_218.JPEG	10	0	53	63
n02125311_219.JPEG	15	2	63	63
n02125311_220.JPEG	0	4	63	59
n02125311_221.JPEG	0	2	63	63
n02125311_222.JPEG	0	20	61	53
n02125311_223.JPEG	0	1	63	51
n02125311_224.JPEG	24	9	63	63
n02125311_225.JPEG	0	20	63	54
n02125311_226.JPEG	36	4	63	48
n02125311_227.JPEG	0	5	58	63
n02125311_228.JPEG	0	7	63	60
n02125311_229.JPEG	0	36	62	61
n02125311_230.JPEG	1	6	49	63
n02125311_231.JPEG	20	15	45	57
n02125311_232.JPEG	0	0	63	63
n02125311_233.JPEG	9	0	63	63
n02125311_234.JPEG	22	2	63	44
n02125311_235.JPEG	19	33	45	52
n02125311_236.JPEG	9	1	63	63
n02125311_237.JPEG	0	6	63	53
n02125311_238.JPEG	18	4	63	63
n02125311_239.JPEG	4	5	53	62
n02125311_240.JPEG	0	0	61	63
n02125311_241.JPEG	0	1	63	63
n02125311_242.JPEG	0	4	63	59
n02125311_243.JPEG	34	30	44	38
n02125311_244.JPEG	39	26	63	63
n02125311_245.JPEG	0	1	63	63
n02125311_246.JPEG	0	0	63	63
n02125311_247.JPEG	0	0	63	63
n02125311_248.JPEG	0	0	62	63
n02125311_249.JPEG	0	0	53	63
n02125311_250.JPEG	0	0	63	63
n02125311_251.JPEG	5	19	63	58
n02125311_252.JPEG	0	4	63	57
n02125311_253.JPEG	9	4	57	60
n02125311_254.JPEG	0	5	49	63
n02125311_255.JPEG	0	18	61	44
n02125311_256.JPEG	0	1	62	63
n02125311_257.JPEG	12	17	51	47
n02125311_258.JPEG	18	9	63	63
n02125311_259.JPEG	0	0	60	63
n02125311_260.JPEG	12	13	63	61
n02125311_261.JPEG	11	20	46	50
n02125311_262.JPEG	0	19	63	59
n02125311_263.JPEG	11	32	59	61
n02125311_264.JPEG	0	3	63	63
n02125311_265.JPEG	11	2	62	63
n02125311_266.JPEG	23	11	53	52
n02125311_267.JPEG	20	0	45	54
n02125311_268.JPEG	1	0	63	63
n02125311_269.JPEG	0	0	63	63
n02125311_270.JPEG	5	0	58	63
n02125311_271.JPEG	17	4	44	32
n02125311_272.JPEG	7	0	55	63
n02125311_273.JPEG	0	0	48	63
n02125311_274.JPEG	12	18	59	63
n02125311_275.JPEG	0	23	52	46
n02125311_276.JPEG	13	4	55	63
n02125311_277.JPEG	3	0	63	63
n02125311_278.JPEG	0	14	53	63
n02125311_279.JPEG	0	0	63	63
n02125311_280.JPEG	0	0	54	63
n02125311_281.JPEG	7	15	63	57
n02125311_282.JPEG	21	0	50	50
n02125311_283.JPEG	0	12	63	59
n02125311_284.JPEG	21	5	63	60
n02125311_285.JPEG	0	12	63	61
n02125311_286.JPEG	4	3	48	63
n02125311_287.JPEG	0	4	48	63
n02125311_288.JPEG	8	1	63	63
n02125311_289.JPEG	1	0	63	63
n02125311_290.JPEG	0	0	63	56
n02125311_291.JPEG	0	13	63	56
n02125311_292.JPEG	0	15	63	59
n02125311_293.JPEG	0	1	47	63
n02125311_294.JPEG	0	13	57	63
n02125311_295.JPEG	14	5	63	63
n02125311_296.JPEG	0	0	63	63
n02125311_297.JPEG	0	0	55	63
n02125311_298.JPEG	0	12	49	63
n02125311_299.JPEG	9	2	62	63
n02125311_300.JPEG	0	0	63	63
n02125311_301.JPEG	0	16	63	49
n02125311_302.JPEG	0	26	63	58
n02125311_303.JPEG	0	1	53	63
n02125311_304.JPEG	0	11	63	55
n02125311_305.JPEG	0	16	60	63
n02125311_306.JPEG	19	22	60	63
n02125311_307.JPEG	0	12	58	63
n02125311_308.JPEG	1	0	63	63
n02125311_309.JPEG	5	0	63	63
n02125311_310.JPEG	7	0	63	63
n02125311_311.JPEG	8	1	56	62
n02125311_312.JPEG	10	8	63	63
n02125311_313.JPEG	0	13	63	59
n02125311_314.JPEG	0	4	57	63
n02125311_315.JPEG	0	8	63	63
n02125311_316.JPEG	0	12	63	57
n02125311_317.JPEG	10	16	55	60
n02125311_318.JPEG	4	2	39	59
n02125311_319.JPEG	7	10	63	63
n02125311_320.JPEG	3	0	63	63
n02125311_321.JPEG	9	23	38	50
n02125311_322.JPEG	0	30	63	54
n02125311_323.JPEG	0	3	62	63
n02125311_324.JPEG	9	0	63	63
n02125311_325.JPEG	0	20	49	63
n02125311_326.JPEG	22	26	60	42
n02125311_327.JPEG	0	0	63	63
n02125311_328.JPEG	1	1	52	63
n02125311_329.JPEG	0	0	56	63
n02125311_330.JPEG	0	12	63	48
n02125311_331.JPEG	16	15	62	55
n02125311_332.JPEG	19	16	63	63
n02125311_333.JPEG	0	26	63	52
n02125311_334.JPEG	0	16	44	50
n02125311_335.JPEG	0	5	63	63
n02125311_336.JPEG	25	14	63	54
n02125311_337.JPEG	15	29	43	47
n02125311_338.JPEG	15	15	43	60
n02125311_339.JPEG	5	0	63	63
n02125311_340.JPEG	0	0	63	63
n02125311_341.JPEG	4	12	61	45
n02125311_342.JPEG	5	10	63	57
n02125311_343.JPEG	2	6	63	63
n02125311_344.JPEG	0	4	62	63
n02125311_345.JPEG	3	0	58	63
n02125311_346.JPEG	0	18	40	39
n02125311_347.JPEG	7	0	63	63
n02125311_348.JPEG	0	1	50	63
n02125311_349.JPEG	0	0	44	52
n02125311_350.JPEG	0	2	62	63
n02125311_351.JPEG	8	10	60	63
n02125311_352.JPEG	4	19	63	56
n02125311_353.JPEG	3	7	63	63
n02125311_354.JPEG	0	7	63	63
n02125311_355.JPEG	1	0	62	63
n02125311_356.JPEG	2	3	62	63
n02125311_357.JPEG	0	10	63	55
n02125311_358.JPEG	24	19	63	49
n02125311_359.JPEG	0	10	51	34
n02125311_360.JPEG	14	20	63	63
n02125311_361.JPEG	0	0	59	63
n02125311_362.JPEG	4	16	61	54
n02125311_363.JPEG	4	26	63	63
n02125311_364.JPEG	0	1	42	63
n02125311_365.JPEG	0	2	62	63
n02125311_366.JPEG	0	4	63	59
n02125311_367.JPEG	1	0	63	63
n02125311_368.JPEG	0	3	42	60
n02125311_369.JPEG	9	28	63	63
n02125311_370.JPEG	17	9	63	53
n02125311_371.JPEG	14	0	57	63
n02125311_372.JPEG	0	5	63	47
n02125311_373.JPEG	18	25	53	48
n02125311_374.JPEG	26	11	63	63
n02125311_375.JPEG	0	10	56	63
n02125311_376.JPEG	7	1	63	63
n02125311_377.JPEG	0	3	63	63
n02125311_378.JPEG	10	30	48	56
n02125311_379.JPEG	9	10	63	53
n02125311_380.JPEG	1	5	39	63
n02125311_381.JPEG	0	12	59	62
n02125311_382.JPEG	10	12	45	63
n02125311_383.JPEG	4	0	63	63
n02125311_384.JPEG	0	8	50	63
n02125311_385.JPEG	13	14	53	56
n02125311_386.JPEG	0	6	52	63
n02125311_387.JPEG	15	19	49	63
n02125311_388.JPEG	9	0	60	63
n02125311_389.JPEG	16	1	60	60
n02125311_390.JPEG	0	10	63	63
n02125311_391.JPEG	24	5	46	60
n02125311_392.JPEG	21	9	51	48
n02125311_393.JPEG	0	11	55	63
n02125311_394.JPEG	4	27	49	55
n02125311_395.JPEG	16	24	63	61
n02125311_396.JPEG	18	27	41	45
n02125311_397.JPEG	13	8	63	45
n02125311_398.JPEG	4	0	61	63
n02125311_399.JPEG	0	0	63	63
n02125311_400.JPEG	6	12	46	55
n02125311_401.JPEG	9	0	63	63
n02125311_402.JPEG	3	0	55	63
n02125311_403.JPEG	18	0	63	63
n02125311_404.JPEG	1	0	63	63
n02125311_405.JPEG	13	6	60	63
n02125311_406.JPEG	2	9	44	52
n02125311_407.JPEG	0	0	58	63
n02125311_408.JPEG	0	16	62	53
n02125311_409.JPEG	23	22	40	37
n02125311_410.JPEG	4	26	53	51
n02125311_411.JPEG	28	40	58	53
n02125311_412.JPEG	15	3	45	61
n02125311_413.JPEG	0	4	63	63
n02125311_414.JPEG	8	6	63	63
n02125311_415.JPEG	4	12	63	52
n02125311_416.JPEG	0	0	63	63
n02125311_417.JPEG	26	21	37	44
n02125311_418.JPEG	16	12	44	59
n02125311_419.JPEG	0	19	63	59
n02125311_420.JPEG	19	9	63	63
n02125311_421.JPEG	9	0	55	63
n02125311_422.JPEG	0	0	63	63
n02125311_423.JPEG	0	14	48	63
n02125311_424.JPEG	0	16	60	63
n02125311_425.JPEG	0	6	63	63
n02125311_426.JPEG	3	10	63	63
n02125311_427.JPEG	9	0	63	53
n02125311_428.JPEG	7	7	63	63
n02125311_429.JPEG	8	13	63	57
n02125311_430.JPEG	0	1	63	61
n02125311_431.JPEG	37	35	63	56
n02125311_432.JPEG	0	1	63	63
n02125311_433.JPEG	8	16	47	48
n02125311_434.JPEG	21	0	63	63
n02125311_435.JPEG	3	0	63	50
n02125311_436.JPEG	0	9	60	62
n02125311_437.JPEG	21	24	41	47
n02125311_438.JPEG	13	15	53	52
n02125311_439.JPEG	3	12	61	51
n02125311_440.JPEG	33	36	63	63
n02125311_441.JPEG	0	0	56	63
n02125311_442.JPEG	9	13	63	62
n02125311_443.JPEG	16	8	63	61
n02125311_444.JPEG	0	0	48	63
n02125311_445.JPEG	0	11	63	56
n02125311_446.JPEG	9	5	59	63
n02125311_447.JPEG	0	6	63	63
n02125311_448.JPEG	1	22	51	47
n02125311_449.JPEG	5	8	48	63
n02125311_450.JPEG	21	4	63	60
n02125311_451.JPEG	0	17	62	60
n02125311_452.JPEG	30	1	63	63
n02125311_453.JPEG	0	4	63	63
n02125311_454.JPEG	12	0	63	63
n02125311_455.JPEG	4	0	49	53
n02125311_456.JPEG	0	7	57	63
n02125311_457.JPEG	9	17	61	56
n02125311_458.JPEG	0	3	63	63
n02125311_459.JPEG	10	1	63	63
n02125311_460.JPEG	0	11	43	63
n02125311_461.JPEG	38	17	63	54
n02125311_462.JPEG	0	1	63	63
n02125311_463.JPEG	0	4	61	63
n02125311_464.JPEG	0	1	30	63
n02125311_465.JPEG	6	0	63	63
n02125311_466.JPEG	4	15	52	50
n02125311_467.JPEG	8	1	61	62
n02125311_468.JPEG	14	0	62	59
n02125311_469.JPEG	0	1	63	48
n02125311_470.JPEG	15	0	63	63
n02125311_471.JPEG	6	0	52	63
n02125311_472.JPEG	0	4	63	63
n02125311_473.JPEG	11	7	63	63
n02125311_474.JPEG	0	0	63	63
n02125311_475.JPEG	16	41	63	63
n02125311_476.JPEG	0	4	63	52
n02125311_477.JPEG	0	19	42	63
n02125311_478.JPEG	3	2	58	63
n02125311_479.JPEG	0	7	63	56
n02125311_480.JPEG	0	5	63	61
n02125311_481.JPEG	0	28	63	63
n02125311_482.JPEG	0	0	50	62
n02125311_483.JPEG	0	0	63	63
n02125311_484.JPEG	8	1	63	63
n02125311_485.JPEG	1	0	63	63
n02125311_486.JPEG	5	12	58	51
n02125311_487.JPEG	28	23	45	58
n02125311_488.JPEG	19	1	63	63
n02125311_489.JPEG	1	0	63	63
n02125311_490.JPEG	19	18	63	51
n02125311_491.JPEG	1	0	60	63
n02125311_492.JPEG	0	2	63	63
n02125311_493.JPEG	14	25	43	61
n02125311_494.JPEG	0	0	56	63
n02125311_495.JPEG	0	6	63	48
n02125311_496.JPEG	0	33	63	61
n02125311_497.JPEG	30	6	63	63
n02125311_498.JPEG	0	9	63	63
n02125311_499.JPEG	17	2	59	63
