n04366367_0.JPEG	0	19	63	63
n04366367_1.JPEG	0	1	63	63
n04366367_2.JPEG	0	25	56	38
n04366367_3.JPEG	0	3	51	63
n04366367_4.JPEG	20	27	60	34
n04366367_5.JPEG	0	18	63	63
n04366367_6.JPEG	0	0	63	63
n04366367_7.JPEG	7	21	62	55
n04366367_8.JPEG	0	0	63	63
n04366367_9.JPEG	11	18	63	43
n04366367_10.JPEG	1	0	63	63
n04366367_11.JPEG	55	14	63	29
n04366367_12.JPEG	0	14	56	59
n04366367_13.JPEG	0	0	63	63
n04366367_14.JPEG	0	8	63	18
n04366367_15.JPEG	0	0	63	63
n04366367_16.JPEG	0	1	63	52
n04366367_17.JPEG	0	19	63	53
n04366367_18.JPEG	7	25	63	49
n04366367_19.JPEG	0	19	40	63
n04366367_20.JPEG	0	8	63	55
n04366367_21.JPEG	46	0	63	21
n04366367_22.JPEG	1	2	63	63
n04366367_23.JPEG	0	0	63	63
n04366367_24.JPEG	0	10	61	36
n04366367_25.JPEG	0	6	63	21
n04366367_26.JPEG	0	25	63	32
n04366367_27.JPEG	0	0	63	63
n04366367_28.JPEG	1	0	38	63
n04366367_29.JPEG	0	4	54	63
n04366367_30.JPEG	0	20	59	26
n04366367_31.JPEG	0	9	63	23
n04366367_32.JPEG	0	6	63	63
n04366367_33.JPEG	0	14	63	37
n04366367_34.JPEG	0	1	16	56
n04366367_35.JPEG	0	6	63	51
n04366367_36.JPEG	3	0	62	63
n04366367_37.JPEG	0	0	63	63
n04366367_38.JPEG	0	0	41	40
n04366367_39.JPEG	0	2	63	63
n04366367_40.JPEG	0	27	63	58
n04366367_41.JPEG	0	0	63	63
n04366367_42.JPEG	0	16	63	47
n04366367_43.JPEG	0	18	63	41
n04366367_44.JPEG	0	14	63	29
n04366367_45.JPEG	0	17	60	35
n04366367_46.JPEG	0	33	63	44
n04366367_47.JPEG	0	6	61	47
n04366367_48.JPEG	1	0	58	63
n04366367_49.JPEG	4	1	63	58
n04366367_50.JPEG	0	18	59	51
n04366367_51.JPEG	0	14	63	36
n04366367_52.JPEG	0	0	63	63
n04366367_53.JPEG	0	3	53	36
n04366367_54.JPEG	1	0	63	63
n04366367_55.JPEG	0	16	63	44
n04366367_56.JPEG	0	7	63	63
n04366367_57.JPEG	3	1	63	50
n04366367_58.JPEG	0	3	63	39
n04366367_59.JPEG	0	0	63	63
n04366367_60.JPEG	24	2	54	59
n04366367_61.JPEG	0	0	55	63
n04366367_62.JPEG	0	0	40	41
n04366367_63.JPEG	0	17	63	38
n04366367_64.JPEG	0	0	47	44
n04366367_65.JPEG	0	0	63	63
n04366367_66.JPEG	5	0	63	56
n04366367_67.JPEG	0	25	63	54
n04366367_68.JPEG	0	1	63	56
n04366367_69.JPEG	0	0	63	63
n04366367_70.JPEG	0	0	60	55
n04366367_71.JPEG	9	1	63	47
n04366367_72.JPEG	0	0	63	63
n04366367_73.JPEG	0	0	63	24
n04366367_74.JPEG	1	0	63	63
n04366367_75.JPEG	1	5	63	43
n04366367_76.JPEG	0	0	63	55
n04366367_77.JPEG	0	1	63	63
n04366367_78.JPEG	0	0	37	52
n04366367_79.JPEG	0	1	63	63
n04366367_80.JPEG	25	0	63	55
n04366367_81.JPEG	10	0	63	58
n04366367_82.JPEG	1	0	63	63
n04366367_83.JPEG	0	21	60	46
n04366367_84.JPEG	0	4	63	31
n04366367_85.JPEG	0	20	31	30
n04366367_86.JPEG	0	3	63	63
n04366367_87.JPEG	0	9	54	43
n04366367_88.JPEG	0	0	63	60
n04366367_89.JPEG	0	0	63	63
n04366367_90.JPEG	14	9	59	63
n04366367_91.JPEG	0	19	63	37
n04366367_92.JPEG	25	0	63	25
n04366367_93.JPEG	0	2	63	58
n04366367_94.JPEG	1	0	63	63
n04366367_95.JPEG	0	7	63	44
n04366367_96.JPEG	0	19	63	63
n04366367_97.JPEG	0	7	63	63
n04366367_98.JPEG	0	0	63	63
n04366367_99.JPEG	0	9	63	45
n04366367_100.JPEG	0	14	63	24
n04366367_101.JPEG	5	0	63	63
n04366367_102.JPEG	0	1	61	63
n04366367_103.JPEG	0	6	63	13
n04366367_104.JPEG	0	1	46	62
n04366367_105.JPEG	1	9	40	63
n04366367_106.JPEG	18	4	63	44
n04366367_107.JPEG	14	22	63	63
n04366367_108.JPEG	0	7	53	28
n04366367_109.JPEG	0	0	63	63
n04366367_110.JPEG	5	29	63	43
n04366367_111.JPEG	0	15	63	40
n04366367_112.JPEG	0	18	23	63
n04366367_113.JPEG	7	0	60	63
n04366367_114.JPEG	2	0	63	54
n04366367_115.JPEG	0	13	53	63
n04366367_116.JPEG	0	6	62	61
n04366367_117.JPEG	0	0	63	63
n04366367_118.JPEG	4	4	63	63
n04366367_119.JPEG	20	0	63	40
n04366367_120.JPEG	1	0	50	59
n04366367_121.JPEG	0	11	63	24
n04366367_122.JPEG	7	0	63	51
n04366367_123.JPEG	12	24	28	28
n04366367_124.JPEG	0	12	63	36
n04366367_125.JPEG	0	5	63	54
n04366367_126.JPEG	24	22	39	63
n04366367_127.JPEG	6	1	63	63
n04366367_128.JPEG	0	0	33	63
n04366367_129.JPEG	0	16	63	63
n04366367_130.JPEG	0	0	63	63
n04366367_131.JPEG	10	16	48	63
n04366367_132.JPEG	1	32	63	63
n04366367_133.JPEG	0	0	44	54
n04366367_134.JPEG	0	17	63	63
n04366367_135.JPEG	0	0	63	14
n04366367_136.JPEG	1	3	63	19
n04366367_137.JPEG	28	5	39	48
n04366367_138.JPEG	0	0	61	50
n04366367_139.JPEG	0	0	60	55
n04366367_140.JPEG	0	7	63	48
n04366367_141.JPEG	0	19	63	63
n04366367_142.JPEG	0	31	63	39
n04366367_143.JPEG	0	0	63	63
n04366367_144.JPEG	0	24	63	50
n04366367_145.JPEG	0	9	63	20
n04366367_146.JPEG	20	4	63	56
n04366367_147.JPEG	0	13	63	63
n04366367_148.JPEG	0	8	63	57
n04366367_149.JPEG	8	16	59	63
n04366367_150.JPEG	0	1	63	63
n04366367_151.JPEG	36	14	56	45
n04366367_152.JPEG	3	0	63	63
n04366367_153.JPEG	0	0	63	23
n04366367_154.JPEG	1	0	63	63
n04366367_155.JPEG	0	20	63	63
n04366367_156.JPEG	0	11	63	41
n04366367_157.JPEG	0	23	63	46
n04366367_158.JPEG	0	14	63	63
n04366367_159.JPEG	0	28	63	63
n04366367_160.JPEG	1	3	63	63
n04366367_161.JPEG	0	0	63	55
n04366367_162.JPEG	0	9	63	37
n04366367_163.JPEG	0	14	63	63
n04366367_164.JPEG	0	13	63	46
n04366367_165.JPEG	0	0	63	63
n04366367_166.JPEG	0	0	34	61
n04366367_167.JPEG	2	2	63	63
n04366367_168.JPEG	4	1	61	19
n04366367_169.JPEG	0	1	58	51
n04366367_170.JPEG	0	27	63	63
n04366367_171.JPEG	0	1	63	63
n04366367_172.JPEG	0	0	56	63
n04366367_173.JPEG	0	7	63	39
n04366367_174.JPEG	1	0	63	63
n04366367_175.JPEG	16	16	46	40
n04366367_176.JPEG	0	20	49	46
n04366367_177.JPEG	1	0	63	63
n04366367_178.JPEG	0	1	63	63
n04366367_179.JPEG	1	0	63	44
n04366367_180.JPEG	0	1	63	63
n04366367_181.JPEG	0	0	63	63
n04366367_182.JPEG	0	0	63	63
n04366367_183.JPEG	0	13	63	32
n04366367_184.JPEG	0	0	57	63
n04366367_185.JPEG	1	0	63	63
n04366367_186.JPEG	0	0	63	63
n04366367_187.JPEG	18	5	63	49
n04366367_188.JPEG	0	1	63	63
n04366367_189.JPEG	0	11	63	63
n04366367_190.JPEG	0	12	63	41
n04366367_191.JPEG	0	15	63	63
n04366367_192.JPEG	5	18	59	51
n04366367_193.JPEG	0	0	63	63
n04366367_194.JPEG	11	1	63	63
n04366367_195.JPEG	0	21	63	34
n04366367_196.JPEG	21	15	63	63
n04366367_197.JPEG	0	1	63	63
n04366367_198.JPEG	0	1	63	63
n04366367_199.JPEG	0	2	63	63
n04366367_200.JPEG	0	9	63	56
n04366367_201.JPEG	0	3	55	54
n04366367_202.JPEG	14	9	63	49
n04366367_203.JPEG	0	14	63	36
n04366367_204.JPEG	0	0	63	6
n04366367_205.JPEG	0	0	43	35
n04366367_206.JPEG	7	0	63	42
n04366367_207.JPEG	1	0	63	63
n04366367_208.JPEG	13	6	51	63
n04366367_209.JPEG	0	3	60	63
n04366367_210.JPEG	0	11	63	63
n04366367_211.JPEG	0	20	59	28
n04366367_212.JPEG	0	0	63	63
n04366367_213.JPEG	0	14	63	55
n04366367_214.JPEG	0	31	63	49
n04366367_215.JPEG	0	9	63	48
n04366367_216.JPEG	0	1	63	63
n04366367_217.JPEG	1	0	63	63
n04366367_218.JPEG	0	3	63	47
n04366367_219.JPEG	0	24	63	44
n04366367_220.JPEG	18	0	63	59
n04366367_221.JPEG	1	12	63	32
n04366367_222.JPEG	0	0	49	63
n04366367_223.JPEG	0	0	52	43
n04366367_224.JPEG	18	7	43	52
n04366367_225.JPEG	7	15	63	31
n04366367_226.JPEG	16	1	63	63
n04366367_227.JPEG	6	21	38	30
n04366367_228.JPEG	0	16	63	59
n04366367_229.JPEG	0	26	63	33
n04366367_230.JPEG	1	5	63	38
n04366367_231.JPEG	23	29	57	31
n04366367_232.JPEG	0	3	63	50
n04366367_233.JPEG	0	1	63	63
n04366367_234.JPEG	0	21	63	27
n04366367_235.JPEG	0	7	63	43
n04366367_236.JPEG	9	0	63	31
n04366367_237.JPEG	0	15	63	32
n04366367_238.JPEG	0	8	63	63
n04366367_239.JPEG	1	0	63	63
n04366367_240.JPEG	0	6	63	59
n04366367_241.JPEG	0	19	63	34
n04366367_242.JPEG	0	30	53	47
n04366367_243.JPEG	0	0	63	63
n04366367_244.JPEG	1	30	63	63
n04366367_245.JPEG	0	22	63	60
n04366367_246.JPEG	0	4	63	63
n04366367_247.JPEG	0	8	63	63
n04366367_248.JPEG	0	17	63	63
n04366367_249.JPEG	20	0	63	63
n04366367_250.JPEG	0	0	56	63
n04366367_251.JPEG	2	17	62	58
n04366367_252.JPEG	1	1	63	63
n04366367_253.JPEG	1	0	52	63
n04366367_254.JPEG	0	7	63	61
n04366367_255.JPEG	0	0	63	63
n04366367_256.JPEG	0	12	63	56
n04366367_257.JPEG	17	13	52	58
n04366367_258.JPEG	0	0	58	63
n04366367_259.JPEG	1	7	63	63
n04366367_260.JPEG	0	21	57	41
n04366367_261.JPEG	0	16	60	57
n04366367_262.JPEG	0	12	63	63
n04366367_263.JPEG	1	0	63	63
n04366367_264.JPEG	0	10	63	44
n04366367_265.JPEG	0	0	32	63
n04366367_266.JPEG	13	22	48	29
n04366367_267.JPEG	0	20	56	63
n04366367_268.JPEG	0	0	55	63
n04366367_269.JPEG	1	0	63	63
n04366367_270.JPEG	0	1	63	63
n04366367_271.JPEG	0	9	63	32
n04366367_272.JPEG	0	12	43	63
n04366367_273.JPEG	0	16	54	27
n04366367_274.JPEG	1	0	63	63
n04366367_275.JPEG	0	2	63	63
n04366367_276.JPEG	0	2	63	61
n04366367_277.JPEG	0	6	63	31
n04366367_278.JPEG	0	0	63	63
n04366367_279.JPEG	0	25	61	38
n04366367_280.JPEG	0	0	63	63
n04366367_281.JPEG	1	0	58	12
n04366367_282.JPEG	0	0	57	29
n04366367_283.JPEG	0	6	53	62
n04366367_284.JPEG	0	0	40	63
n04366367_285.JPEG	0	19	63	28
n04366367_286.JPEG	0	5	63	48
n04366367_287.JPEG	0	0	63	31
n04366367_288.JPEG	0	0	63	63
n04366367_289.JPEG	0	16	63	63
n04366367_290.JPEG	0	17	49	50
n04366367_291.JPEG	0	31	63	56
n04366367_292.JPEG	1	0	63	63
n04366367_293.JPEG	0	11	63	48
n04366367_294.JPEG	16	7	63	63
n04366367_295.JPEG	0	37	63	56
n04366367_296.JPEG	0	0	63	63
n04366367_297.JPEG	0	0	63	63
n04366367_298.JPEG	0	7	63	63
n04366367_299.JPEG	0	0	54	17
n04366367_300.JPEG	26	18	63	63
n04366367_301.JPEG	0	17	53	53
n04366367_302.JPEG	0	1	63	18
n04366367_303.JPEG	0	18	63	43
n04366367_304.JPEG	0	24	28	63
n04366367_305.JPEG	0	0	63	58
n04366367_306.JPEG	1	0	63	63
n04366367_307.JPEG	0	10	63	63
n04366367_308.JPEG	0	1	63	63
n04366367_309.JPEG	0	1	55	63
n04366367_310.JPEG	11	11	52	58
n04366367_311.JPEG	0	23	63	48
n04366367_312.JPEG	0	0	63	63
n04366367_313.JPEG	1	0	63	63
n04366367_314.JPEG	0	8	63	28
n04366367_315.JPEG	0	15	63	53
n04366367_316.JPEG	0	28	63	39
n04366367_317.JPEG	0	21	63	51
n04366367_318.JPEG	0	60	17	63
n04366367_319.JPEG	1	0	63	63
n04366367_320.JPEG	0	6	63	63
n04366367_321.JPEG	5	6	56	13
n04366367_322.JPEG	0	0	61	63
n04366367_323.JPEG	0	1	63	63
n04366367_324.JPEG	23	20	50	52
n04366367_325.JPEG	0	16	63	40
n04366367_326.JPEG	0	0	63	57
n04366367_327.JPEG	49	0	63	63
n04366367_328.JPEG	0	0	63	63
n04366367_329.JPEG	2	0	63	63
n04366367_330.JPEG	0	0	63	63
n04366367_331.JPEG	1	0	63	34
n04366367_332.JPEG	0	34	63	45
n04366367_333.JPEG	13	0	63	63
n04366367_334.JPEG	0	19	63	63
n04366367_335.JPEG	0	7	63	24
n04366367_336.JPEG	4	10	59	21
n04366367_337.JPEG	0	4	63	63
n04366367_338.JPEG	0	24	43	40
n04366367_339.JPEG	0	0	63	63
n04366367_340.JPEG	0	0	58	63
n04366367_341.JPEG	0	1	63	63
n04366367_342.JPEG	0	14	63	47
n04366367_343.JPEG	0	0	63	63
n04366367_344.JPEG	0	1	63	63
n04366367_345.JPEG	0	1	51	60
n04366367_346.JPEG	2	16	63	25
n04366367_347.JPEG	0	0	63	24
n04366367_348.JPEG	0	4	63	63
n04366367_349.JPEG	14	0	63	60
n04366367_350.JPEG	38	0	63	63
n04366367_351.JPEG	0	19	63	63
n04366367_352.JPEG	0	8	63	57
n04366367_353.JPEG	1	0	63	63
n04366367_354.JPEG	46	0	63	56
n04366367_355.JPEG	0	4	63	56
n04366367_356.JPEG	0	15	63	36
n04366367_357.JPEG	0	19	54	40
n04366367_358.JPEG	0	11	63	28
n04366367_359.JPEG	0	25	63	38
n04366367_360.JPEG	0	17	63	63
n04366367_361.JPEG	0	0	63	63
n04366367_362.JPEG	0	8	63	55
n04366367_363.JPEG	0	28	58	46
n04366367_364.JPEG	0	12	63	63
n04366367_365.JPEG	0	6	60	42
n04366367_366.JPEG	8	0	52	61
n04366367_367.JPEG	0	11	63	54
n04366367_368.JPEG	0	0	63	63
n04366367_369.JPEG	0	0	63	63
n04366367_370.JPEG	1	36	63	63
n04366367_371.JPEG	0	2	63	63
n04366367_372.JPEG	0	7	63	63
n04366367_373.JPEG	10	0	63	50
n04366367_374.JPEG	0	15	63	63
n04366367_375.JPEG	0	31	63	42
n04366367_376.JPEG	0	0	54	36
n04366367_377.JPEG	0	0	63	63
n04366367_378.JPEG	22	1	63	43
n04366367_379.JPEG	0	14	63	31
n04366367_380.JPEG	1	0	63	63
n04366367_381.JPEG	1	17	60	25
n04366367_382.JPEG	11	0	63	48
n04366367_383.JPEG	0	1	63	63
n04366367_384.JPEG	17	1	63	9
n04366367_385.JPEG	1	26	63	63
n04366367_386.JPEG	0	13	63	63
n04366367_387.JPEG	0	5	63	63
n04366367_388.JPEG	20	10	46	33
n04366367_389.JPEG	0	16	48	55
n04366367_390.JPEG	0	0	63	59
n04366367_391.JPEG	0	0	63	63
n04366367_392.JPEG	0	37	63	48
n04366367_393.JPEG	2	0	63	63
n04366367_394.JPEG	5	0	63	0
n04366367_395.JPEG	0	0	63	63
n04366367_396.JPEG	1	0	63	63
n04366367_397.JPEG	0	0	55	63
n04366367_398.JPEG	0	10	63	40
n04366367_399.JPEG	0	1	63	63
n04366367_400.JPEG	0	0	63	63
n04366367_401.JPEG	0	0	63	51
n04366367_402.JPEG	1	2	63	63
n04366367_403.JPEG	1	0	63	43
n04366367_404.JPEG	1	0	55	40
n04366367_405.JPEG	0	28	53	51
n04366367_406.JPEG	0	14	63	63
n04366367_407.JPEG	0	0	17	56
n04366367_408.JPEG	0	2	63	63
n04366367_409.JPEG	0	6	63	63
n04366367_410.JPEG	0	12	63	63
n04366367_411.JPEG	0	10	63	50
n04366367_412.JPEG	1	18	63	63
n04366367_413.JPEG	0	0	63	63
n04366367_414.JPEG	0	20	63	52
n04366367_415.JPEG	0	1	63	63
n04366367_416.JPEG	5	1	63	63
n04366367_417.JPEG	0	19	63	49
n04366367_418.JPEG	0	16	63	58
n04366367_419.JPEG	0	1	63	63
n04366367_420.JPEG	0	9	63	63
n04366367_421.JPEG	0	2	63	63
n04366367_422.JPEG	0	1	51	63
n04366367_423.JPEG	0	1	63	23
n04366367_424.JPEG	0	19	63	54
n04366367_425.JPEG	0	14	63	30
n04366367_426.JPEG	23	22	49	26
n04366367_427.JPEG	0	22	63	35
n04366367_428.JPEG	0	1	63	63
n04366367_429.JPEG	0	5	63	63
n04366367_430.JPEG	0	1	63	38
n04366367_431.JPEG	0	4	63	63
n04366367_432.JPEG	0	8	63	55
n04366367_433.JPEG	0	29	63	58
n04366367_434.JPEG	20	8	63	63
n04366367_435.JPEG	1	28	49	39
n04366367_436.JPEG	9	0	63	63
n04366367_437.JPEG	9	0	63	63
n04366367_438.JPEG	0	16	52	56
n04366367_439.JPEG	20	2	61	63
n04366367_440.JPEG	0	0	63	63
n04366367_441.JPEG	0	3	29	54
n04366367_442.JPEG	0	6	63	48
n04366367_443.JPEG	0	16	63	63
n04366367_444.JPEG	0	0	55	63
n04366367_445.JPEG	37	23	63	59
n04366367_446.JPEG	13	10	63	40
n04366367_447.JPEG	0	7	63	27
n04366367_448.JPEG	0	4	63	25
n04366367_449.JPEG	0	24	63	49
n04366367_450.JPEG	0	0	63	63
n04366367_451.JPEG	0	0	63	63
n04366367_452.JPEG	0	0	59	63
n04366367_453.JPEG	13	12	46	25
n04366367_454.JPEG	0	0	63	63
n04366367_455.JPEG	5	3	63	52
n04366367_456.JPEG	32	6	51	21
n04366367_457.JPEG	0	0	63	63
n04366367_458.JPEG	1	0	63	63
n04366367_459.JPEG	0	0	63	63
n04366367_460.JPEG	0	12	63	63
n04366367_461.JPEG	0	0	63	26
n04366367_462.JPEG	27	32	58	63
n04366367_463.JPEG	0	0	60	22
n04366367_464.JPEG	0	15	63	48
n04366367_465.JPEG	0	26	63	47
n04366367_466.JPEG	0	12	59	57
n04366367_467.JPEG	16	12	43	47
n04366367_468.JPEG	2	0	63	63
n04366367_469.JPEG	0	10	63	56
n04366367_470.JPEG	0	0	42	63
n04366367_471.JPEG	0	29	63	49
n04366367_472.JPEG	0	25	63	63
n04366367_473.JPEG	0	0	63	63
n04366367_474.JPEG	1	20	48	63
n04366367_475.JPEG	33	22	63	48
n04366367_476.JPEG	0	26	63	41
n04366367_477.JPEG	0	0	63	63
n04366367_478.JPEG	4	0	63	63
n04366367_479.JPEG	0	1	63	63
n04366367_480.JPEG	0	37	63	51
n04366367_481.JPEG	0	0	63	63
n04366367_482.JPEG	1	0	63	63
n04366367_483.JPEG	0	0	60	63
n04366367_484.JPEG	0	0	63	63
n04366367_485.JPEG	0	3	63	62
n04366367_486.JPEG	33	19	63	60
n04366367_487.JPEG	0	12	63	49
n04366367_488.JPEG	2	28	57	38
n04366367_489.JPEG	0	26	63	40
n04366367_490.JPEG	0	0	63	63
n04366367_491.JPEG	0	3	63	63
n04366367_492.JPEG	0	5	63	63
n04366367_493.JPEG	0	17	63	50
n04366367_494.JPEG	30	24	58	63
n04366367_495.JPEG	0	15	51	51
n04366367_496.JPEG	0	0	63	63
n04366367_497.JPEG	0	20	46	46
n04366367_498.JPEG	0	14	63	51
n04366367_499.JPEG	3	0	63	63
