n02480495_0.JPEG	8	5	48	49
n02480495_1.JPEG	0	0	50	63
n02480495_2.JPEG	0	8	63	63
n02480495_3.JPEG	22	27	37	43
n02480495_4.JPEG	0	0	63	63
n02480495_5.JPEG	5	0	60	63
n02480495_6.JPEG	15	0	51	63
n02480495_7.JPEG	9	3	63	63
n02480495_8.JPEG	1	0	62	63
n02480495_9.JPEG	12	6	62	56
n02480495_10.JPEG	26	18	42	56
n02480495_11.JPEG	3	0	63	63
n02480495_12.JPEG	0	26	48	63
n02480495_13.JPEG	0	0	47	63
n02480495_14.JPEG	3	22	55	57
n02480495_15.JPEG	27	36	58	63
n02480495_16.JPEG	12	2	37	60
n02480495_17.JPEG	21	14	48	49
n02480495_18.JPEG	1	0	63	63
n02480495_19.JPEG	17	0	63	63
n02480495_20.JPEG	0	1	63	63
n02480495_21.JPEG	6	21	35	63
n02480495_22.JPEG	0	1	63	63
n02480495_23.JPEG	0	10	63	61
n02480495_24.JPEG	14	10	40	39
n02480495_25.JPEG	0	0	63	63
n02480495_26.JPEG	0	0	63	63
n02480495_27.JPEG	21	0	47	60
n02480495_28.JPEG	0	0	63	63
n02480495_29.JPEG	9	10	63	63
n02480495_30.JPEG	12	18	63	48
n02480495_31.JPEG	0	0	63	63
n02480495_32.JPEG	2	11	53	62
n02480495_33.JPEG	10	24	44	45
n02480495_34.JPEG	0	10	63	55
n02480495_35.JPEG	19	30	49	63
n02480495_36.JPEG	1	0	63	63
n02480495_37.JPEG	21	10	63	53
n02480495_38.JPEG	0	4	63	63
n02480495_39.JPEG	17	3	63	61
n02480495_40.JPEG	0	4	63	63
n02480495_41.JPEG	4	10	58	58
n02480495_42.JPEG	0	0	63	63
n02480495_43.JPEG	9	12	63	50
n02480495_44.JPEG	10	11	36	59
n02480495_45.JPEG	9	21	31	44
n02480495_46.JPEG	0	1	63	63
n02480495_47.JPEG	18	9	63	63
n02480495_48.JPEG	10	3	53	63
n02480495_49.JPEG	0	0	63	63
n02480495_50.JPEG	1	0	63	63
n02480495_51.JPEG	0	1	63	63
n02480495_52.JPEG	17	31	35	48
n02480495_53.JPEG	4	12	60	63
n02480495_54.JPEG	12	0	46	63
n02480495_55.JPEG	11	10	61	52
n02480495_56.JPEG	0	0	63	63
n02480495_57.JPEG	0	11	53	51
n02480495_58.JPEG	29	0	50	52
n02480495_59.JPEG	0	0	63	63
n02480495_60.JPEG	0	0	63	63
n02480495_61.JPEG	0	8	50	59
n02480495_62.JPEG	20	29	38	39
n02480495_63.JPEG	0	0	63	60
n02480495_64.JPEG	0	0	63	63
n02480495_65.JPEG	0	0	63	63
n02480495_66.JPEG	0	0	63	63
n02480495_67.JPEG	0	0	63	63
n02480495_68.JPEG	0	0	63	63
n02480495_69.JPEG	0	4	63	63
n02480495_70.JPEG	10	0	54	63
n02480495_71.JPEG	10	8	53	52
n02480495_72.JPEG	10	24	34	48
n02480495_73.JPEG	38	8	63	62
n02480495_74.JPEG	18	0	62	63
n02480495_75.JPEG	0	1	63	63
n02480495_76.JPEG	0	6	63	63
n02480495_77.JPEG	32	27	63	63
n02480495_78.JPEG	8	0	63	63
n02480495_79.JPEG	0	0	63	63
n02480495_80.JPEG	3	0	61	63
n02480495_81.JPEG	9	8	59	48
n02480495_82.JPEG	9	6	61	45
n02480495_83.JPEG	5	14	34	63
n02480495_84.JPEG	0	8	49	51
n02480495_85.JPEG	0	9	63	63
n02480495_86.JPEG	1	0	63	63
n02480495_87.JPEG	1	0	63	63
n02480495_88.JPEG	17	0	43	33
n02480495_89.JPEG	0	5	61	63
n02480495_90.JPEG	0	1	63	55
n02480495_91.JPEG	32	14	63	63
n02480495_92.JPEG	0	2	63	61
n02480495_93.JPEG	8	0	57	42
n02480495_94.JPEG	22	16	37	38
n02480495_95.JPEG	19	22	42	43
n02480495_96.JPEG	0	6	55	62
n02480495_97.JPEG	0	17	62	55
n02480495_98.JPEG	10	10	52	63
n02480495_99.JPEG	0	3	63	63
n02480495_100.JPEG	6	21	47	56
n02480495_101.JPEG	0	13	20	44
n02480495_102.JPEG	0	14	63	60
n02480495_103.JPEG	15	18	60	63
n02480495_104.JPEG	12	2	63	63
n02480495_105.JPEG	7	1	55	63
n02480495_106.JPEG	5	2	52	63
n02480495_107.JPEG	1	0	42	63
n02480495_108.JPEG	5	1	58	63
n02480495_109.JPEG	14	0	63	63
n02480495_110.JPEG	0	7	63	48
n02480495_111.JPEG	0	13	18	44
n02480495_112.JPEG	19	14	38	46
n02480495_113.JPEG	0	0	63	63
n02480495_114.JPEG	0	1	41	63
n02480495_115.JPEG	3	0	62	63
n02480495_116.JPEG	0	0	63	63
n02480495_117.JPEG	10	0	63	61
n02480495_118.JPEG	0	1	63	61
n02480495_119.JPEG	15	0	62	62
n02480495_120.JPEG	45	38	63	52
n02480495_121.JPEG	2	0	59	63
n02480495_122.JPEG	0	16	32	58
n02480495_123.JPEG	0	1	33	63
n02480495_124.JPEG	0	0	63	63
n02480495_125.JPEG	0	0	63	63
n02480495_126.JPEG	0	0	63	63
n02480495_127.JPEG	1	0	56	63
n02480495_128.JPEG	0	0	63	63
n02480495_129.JPEG	0	1	63	63
n02480495_130.JPEG	0	2	63	63
n02480495_131.JPEG	0	0	63	63
n02480495_132.JPEG	0	0	63	63
n02480495_133.JPEG	0	9	63	63
n02480495_134.JPEG	0	1	63	63
n02480495_135.JPEG	0	10	63	63
n02480495_136.JPEG	21	19	38	34
n02480495_137.JPEG	4	7	57	57
n02480495_138.JPEG	0	4	53	56
n02480495_139.JPEG	18	11	43	54
n02480495_140.JPEG	0	3	52	63
n02480495_141.JPEG	13	0	46	63
n02480495_142.JPEG	0	2	59	55
n02480495_143.JPEG	3	0	63	63
n02480495_144.JPEG	9	10	53	57
n02480495_145.JPEG	13	17	46	63
n02480495_146.JPEG	12	8	55	62
n02480495_147.JPEG	22	11	39	31
n02480495_148.JPEG	15	0	52	54
n02480495_149.JPEG	0	5	63	53
n02480495_150.JPEG	16	0	63	63
n02480495_151.JPEG	0	0	63	63
n02480495_152.JPEG	0	6	63	59
n02480495_153.JPEG	8	36	27	52
n02480495_154.JPEG	14	14	50	63
n02480495_155.JPEG	8	0	57	63
n02480495_156.JPEG	18	17	41	47
n02480495_157.JPEG	0	1	63	63
n02480495_158.JPEG	0	11	60	63
n02480495_159.JPEG	16	7	42	41
n02480495_160.JPEG	7	17	55	58
n02480495_161.JPEG	11	20	55	63
n02480495_162.JPEG	19	1	63	41
n02480495_163.JPEG	34	4	60	53
n02480495_164.JPEG	0	44	47	63
n02480495_165.JPEG	3	1	63	63
n02480495_166.JPEG	0	10	63	63
n02480495_167.JPEG	0	1	63	63
n02480495_168.JPEG	9	12	63	57
n02480495_169.JPEG	0	1	63	63
n02480495_170.JPEG	0	5	55	63
n02480495_171.JPEG	5	17	63	57
n02480495_172.JPEG	0	1	56	63
n02480495_173.JPEG	0	3	36	57
n02480495_174.JPEG	2	6	56	63
n02480495_175.JPEG	23	10	37	42
n02480495_176.JPEG	0	18	55	63
n02480495_177.JPEG	2	7	63	63
n02480495_178.JPEG	0	16	63	56
n02480495_179.JPEG	0	22	63	52
n02480495_180.JPEG	1	2	63	63
n02480495_181.JPEG	9	10	59	54
n02480495_182.JPEG	0	8	56	63
n02480495_183.JPEG	0	0	63	63
n02480495_184.JPEG	6	10	62	46
n02480495_185.JPEG	13	3	63	63
n02480495_186.JPEG	5	3	40	63
n02480495_187.JPEG	0	3	63	63
n02480495_188.JPEG	19	19	57	63
n02480495_189.JPEG	14	3	61	56
n02480495_190.JPEG	13	12	51	63
n02480495_191.JPEG	11	2	51	59
n02480495_192.JPEG	10	19	51	56
n02480495_193.JPEG	0	0	63	63
n02480495_194.JPEG	19	26	35	49
n02480495_195.JPEG	19	1	44	45
n02480495_196.JPEG	14	19	55	41
n02480495_197.JPEG	0	0	63	63
n02480495_198.JPEG	1	3	55	54
n02480495_199.JPEG	41	28	50	39
n02480495_200.JPEG	17	15	58	63
n02480495_201.JPEG	0	0	63	63
n02480495_202.JPEG	0	8	54	57
n02480495_203.JPEG	13	21	51	45
n02480495_204.JPEG	16	14	38	50
n02480495_205.JPEG	1	0	63	63
n02480495_206.JPEG	1	0	63	50
n02480495_207.JPEG	1	0	63	63
n02480495_208.JPEG	4	0	49	63
n02480495_209.JPEG	0	0	61	63
n02480495_210.JPEG	0	3	63	63
n02480495_211.JPEG	7	0	63	63
n02480495_212.JPEG	0	1	35	63
n02480495_213.JPEG	0	0	63	63
n02480495_214.JPEG	23	20	47	52
n02480495_215.JPEG	0	0	63	63
n02480495_216.JPEG	8	0	63	63
n02480495_217.JPEG	7	1	63	63
n02480495_218.JPEG	0	9	60	60
n02480495_219.JPEG	0	0	63	63
n02480495_220.JPEG	25	0	61	63
n02480495_221.JPEG	0	0	63	63
n02480495_222.JPEG	0	12	42	36
n02480495_223.JPEG	3	1	63	63
n02480495_224.JPEG	17	10	63	63
n02480495_225.JPEG	11	25	46	47
n02480495_226.JPEG	10	15	54	63
n02480495_227.JPEG	12	0	52	63
n02480495_228.JPEG	16	12	49	49
n02480495_229.JPEG	8	9	33	60
n02480495_230.JPEG	0	4	28	53
n02480495_231.JPEG	8	9	61	57
n02480495_232.JPEG	1	13	63	63
n02480495_233.JPEG	4	14	61	51
n02480495_234.JPEG	0	0	63	63
n02480495_235.JPEG	20	22	37	39
n02480495_236.JPEG	3	0	61	63
n02480495_237.JPEG	0	19	19	56
n02480495_238.JPEG	0	0	63	63
n02480495_239.JPEG	0	1	58	63
n02480495_240.JPEG	6	1	59	63
n02480495_241.JPEG	23	20	61	51
n02480495_242.JPEG	0	2	63	63
n02480495_243.JPEG	2	19	40	61
n02480495_244.JPEG	0	1	63	63
n02480495_245.JPEG	5	2	63	56
n02480495_246.JPEG	5	0	63	63
n02480495_247.JPEG	0	0	63	63
n02480495_248.JPEG	0	7	63	63
n02480495_249.JPEG	0	0	63	63
n02480495_250.JPEG	12	15	38	44
n02480495_251.JPEG	6	0	63	62
n02480495_252.JPEG	0	11	63	63
n02480495_253.JPEG	1	0	62	63
n02480495_254.JPEG	21	15	59	61
n02480495_255.JPEG	26	5	63	63
n02480495_256.JPEG	0	4	51	63
n02480495_257.JPEG	8	6	36	63
n02480495_258.JPEG	0	2	47	63
n02480495_259.JPEG	3	9	56	63
n02480495_260.JPEG	3	0	61	54
n02480495_261.JPEG	13	6	53	52
n02480495_262.JPEG	12	26	42	45
n02480495_263.JPEG	0	4	63	63
n02480495_264.JPEG	8	13	27	38
n02480495_265.JPEG	10	0	63	63
n02480495_266.JPEG	1	0	63	63
n02480495_267.JPEG	0	0	63	63
n02480495_268.JPEG	0	4	63	62
n02480495_269.JPEG	6	4	60	63
n02480495_270.JPEG	0	1	63	63
n02480495_271.JPEG	1	18	63	63
n02480495_272.JPEG	19	28	51	45
n02480495_273.JPEG	0	0	63	63
n02480495_274.JPEG	20	16	54	60
n02480495_275.JPEG	19	0	53	63
n02480495_276.JPEG	13	5	63	57
n02480495_277.JPEG	0	0	63	63
n02480495_278.JPEG	0	1	63	63
n02480495_279.JPEG	7	7	59	63
n02480495_280.JPEG	0	3	63	63
n02480495_281.JPEG	11	5	54	59
n02480495_282.JPEG	10	0	63	63
n02480495_283.JPEG	20	15	57	43
n02480495_284.JPEG	9	8	61	59
n02480495_285.JPEG	39	6	63	63
n02480495_286.JPEG	0	25	55	41
n02480495_287.JPEG	6	4	63	63
n02480495_288.JPEG	1	0	63	63
n02480495_289.JPEG	24	1	63	63
n02480495_290.JPEG	2	12	54	57
n02480495_291.JPEG	0	4	63	63
n02480495_292.JPEG	11	1	53	52
n02480495_293.JPEG	0	11	59	52
n02480495_294.JPEG	1	6	63	63
n02480495_295.JPEG	12	10	53	55
n02480495_296.JPEG	7	10	59	62
n02480495_297.JPEG	9	13	63	63
n02480495_298.JPEG	23	7	63	61
n02480495_299.JPEG	0	0	63	63
n02480495_300.JPEG	0	19	31	61
n02480495_301.JPEG	10	0	56	63
n02480495_302.JPEG	7	3	59	54
n02480495_303.JPEG	0	1	63	63
n02480495_304.JPEG	15	20	40	50
n02480495_305.JPEG	1	0	63	63
n02480495_306.JPEG	17	25	30	46
n02480495_307.JPEG	9	21	44	56
n02480495_308.JPEG	13	3	61	55
n02480495_309.JPEG	0	23	25	52
n02480495_310.JPEG	15	3	41	63
n02480495_311.JPEG	0	10	58	60
n02480495_312.JPEG	0	4	63	55
n02480495_313.JPEG	0	3	63	63
n02480495_314.JPEG	5	0	63	63
n02480495_315.JPEG	0	14	63	63
n02480495_316.JPEG	0	7	63	63
n02480495_317.JPEG	20	14	63	54
n02480495_318.JPEG	11	3	60	53
n02480495_319.JPEG	0	0	54	63
n02480495_320.JPEG	0	0	63	63
n02480495_321.JPEG	22	22	43	48
n02480495_322.JPEG	29	17	58	46
n02480495_323.JPEG	25	9	51	49
n02480495_324.JPEG	20	0	47	24
n02480495_325.JPEG	0	10	63	63
n02480495_326.JPEG	0	1	63	63
n02480495_327.JPEG	0	0	63	63
n02480495_328.JPEG	0	5	63	63
n02480495_329.JPEG	12	14	63	62
n02480495_330.JPEG	0	9	63	63
n02480495_331.JPEG	0	0	60	63
n02480495_332.JPEG	10	28	30	47
n02480495_333.JPEG	0	5	63	63
n02480495_334.JPEG	10	10	46	43
n02480495_335.JPEG	5	6	52	62
n02480495_336.JPEG	5	0	54	63
n02480495_337.JPEG	1	16	63	63
n02480495_338.JPEG	1	0	60	63
n02480495_339.JPEG	0	0	45	63
n02480495_340.JPEG	12	3	43	63
n02480495_341.JPEG	47	33	63	61
n02480495_342.JPEG	6	1	63	63
n02480495_343.JPEG	0	0	61	63
n02480495_344.JPEG	0	2	63	63
n02480495_345.JPEG	24	29	34	41
n02480495_346.JPEG	0	4	33	63
n02480495_347.JPEG	0	28	63	63
n02480495_348.JPEG	0	0	63	63
n02480495_349.JPEG	0	0	58	63
n02480495_350.JPEG	27	29	41	41
n02480495_351.JPEG	0	0	63	63
n02480495_352.JPEG	1	0	63	63
n02480495_353.JPEG	8	24	45	55
n02480495_354.JPEG	0	0	63	63
n02480495_355.JPEG	0	8	63	63
n02480495_356.JPEG	0	0	62	62
n02480495_357.JPEG	28	18	63	57
n02480495_358.JPEG	0	0	63	63
n02480495_359.JPEG	0	19	44	63
n02480495_360.JPEG	0	0	57	63
n02480495_361.JPEG	0	0	63	63
n02480495_362.JPEG	0	17	22	63
n02480495_363.JPEG	0	0	62	63
n02480495_364.JPEG	23	14	49	40
n02480495_365.JPEG	0	6	37	60
n02480495_366.JPEG	0	0	63	63
n02480495_367.JPEG	11	5	63	63
n02480495_368.JPEG	19	5	63	57
n02480495_369.JPEG	0	4	63	63
n02480495_370.JPEG	6	5	59	54
n02480495_371.JPEG	14	17	47	55
n02480495_372.JPEG	4	0	63	63
n02480495_373.JPEG	3	0	62	63
n02480495_374.JPEG	0	5	63	52
n02480495_375.JPEG	0	12	62	52
n02480495_376.JPEG	16	15	59	63
n02480495_377.JPEG	0	7	49	57
n02480495_378.JPEG	13	0	60	63
n02480495_379.JPEG	12	1	57	62
n02480495_380.JPEG	0	1	63	63
n02480495_381.JPEG	0	0	63	63
n02480495_382.JPEG	16	7	47	58
n02480495_383.JPEG	0	11	62	63
n02480495_384.JPEG	0	1	63	63
n02480495_385.JPEG	7	19	63	63
n02480495_386.JPEG	19	7	42	36
n02480495_387.JPEG	0	11	51	63
n02480495_388.JPEG	22	22	39	37
n02480495_389.JPEG	12	35	42	58
n02480495_390.JPEG	3	8	52	63
n02480495_391.JPEG	20	18	39	56
n02480495_392.JPEG	0	0	63	63
n02480495_393.JPEG	0	0	53	63
n02480495_394.JPEG	25	12	43	58
n02480495_395.JPEG	0	0	63	63
n02480495_396.JPEG	28	7	45	55
n02480495_397.JPEG	0	1	63	56
n02480495_398.JPEG	13	26	45	44
n02480495_399.JPEG	7	0	57	63
n02480495_400.JPEG	0	0	63	63
n02480495_401.JPEG	0	19	40	43
n02480495_402.JPEG	10	13	61	63
n02480495_403.JPEG	0	6	46	63
n02480495_404.JPEG	16	12	41	62
n02480495_405.JPEG	0	0	63	63
n02480495_406.JPEG	0	0	63	63
n02480495_407.JPEG	0	1	63	63
n02480495_408.JPEG	3	15	47	52
n02480495_409.JPEG	0	0	57	58
n02480495_410.JPEG	25	11	53	58
n02480495_411.JPEG	2	4	59	60
n02480495_412.JPEG	25	23	37	50
n02480495_413.JPEG	0	0	63	63
n02480495_414.JPEG	24	0	63	63
n02480495_415.JPEG	0	32	63	63
n02480495_416.JPEG	20	6	63	59
n02480495_417.JPEG	27	30	43	45
n02480495_418.JPEG	22	27	46	47
n02480495_419.JPEG	1	0	63	63
n02480495_420.JPEG	0	17	28	60
n02480495_421.JPEG	21	0	54	63
n02480495_422.JPEG	1	5	63	62
n02480495_423.JPEG	31	0	58	63
n02480495_424.JPEG	0	0	63	63
n02480495_425.JPEG	9	8	63	62
n02480495_426.JPEG	0	0	63	63
n02480495_427.JPEG	0	0	63	63
n02480495_428.JPEG	31	0	63	58
n02480495_429.JPEG	9	0	47	63
n02480495_430.JPEG	10	0	44	63
n02480495_431.JPEG	0	0	63	63
n02480495_432.JPEG	4	0	59	54
n02480495_433.JPEG	5	0	59	63
n02480495_434.JPEG	29	29	39	47
n02480495_435.JPEG	14	1	48	63
n02480495_436.JPEG	0	0	48	63
n02480495_437.JPEG	0	6	39	59
n02480495_438.JPEG	0	0	59	63
n02480495_439.JPEG	0	11	63	63
n02480495_440.JPEG	0	0	42	63
n02480495_441.JPEG	0	8	63	63
n02480495_442.JPEG	27	1	63	63
n02480495_443.JPEG	0	4	55	63
n02480495_444.JPEG	9	0	54	63
n02480495_445.JPEG	0	6	56	50
n02480495_446.JPEG	7	12	60	63
n02480495_447.JPEG	0	4	63	63
n02480495_448.JPEG	17	16	39	59
n02480495_449.JPEG	24	7	54	61
n02480495_450.JPEG	1	6	58	49
n02480495_451.JPEG	0	1	58	63
n02480495_452.JPEG	7	24	31	53
n02480495_453.JPEG	0	6	63	63
n02480495_454.JPEG	6	18	49	57
n02480495_455.JPEG	0	5	63	63
n02480495_456.JPEG	0	3	36	60
n02480495_457.JPEG	0	0	63	63
n02480495_458.JPEG	17	4	42	54
n02480495_459.JPEG	0	1	63	59
n02480495_460.JPEG	4	3	63	63
n02480495_461.JPEG	9	0	63	60
n02480495_462.JPEG	8	10	48	54
n02480495_463.JPEG	21	33	45	51
n02480495_464.JPEG	3	0	63	63
n02480495_465.JPEG	0	9	41	63
n02480495_466.JPEG	0	3	63	41
n02480495_467.JPEG	1	0	63	63
n02480495_468.JPEG	0	1	63	63
n02480495_469.JPEG	3	0	63	63
n02480495_470.JPEG	0	0	63	63
n02480495_471.JPEG	14	1	49	63
n02480495_472.JPEG	0	0	63	63
n02480495_473.JPEG	51	27	56	31
n02480495_474.JPEG	8	14	59	56
n02480495_475.JPEG	3	23	45	48
n02480495_476.JPEG	0	15	59	63
n02480495_477.JPEG	0	1	63	63
n02480495_478.JPEG	0	21	63	63
n02480495_479.JPEG	0	14	42	63
n02480495_480.JPEG	0	0	63	63
n02480495_481.JPEG	4	1	61	63
n02480495_482.JPEG	1	14	41	59
n02480495_483.JPEG	0	6	53	63
n02480495_484.JPEG	41	19	63	50
n02480495_485.JPEG	14	20	39	45
n02480495_486.JPEG	0	0	63	63
n02480495_487.JPEG	4	4	63	62
n02480495_488.JPEG	20	7	38	58
n02480495_489.JPEG	0	0	63	63
n02480495_490.JPEG	4	42	28	63
n02480495_491.JPEG	10	0	63	63
n02480495_492.JPEG	3	10	58	63
n02480495_493.JPEG	15	1	63	62
n02480495_494.JPEG	0	2	63	63
n02480495_495.JPEG	18	1	46	63
n02480495_496.JPEG	3	17	62	63
n02480495_497.JPEG	19	11	47	57
n02480495_498.JPEG	2	30	63	63
n02480495_499.JPEG	13	14	40	56
