n07715103_0.JPEG	41	21	61	39
n07715103_1.JPEG	10	11	59	57
n07715103_2.JPEG	16	20	53	58
n07715103_3.JPEG	39	31	63	62
n07715103_4.JPEG	0	9	36	51
n07715103_5.JPEG	16	19	63	52
n07715103_6.JPEG	0	2	57	58
n07715103_7.JPEG	6	0	60	59
n07715103_8.JPEG	0	5	63	57
n07715103_9.JPEG	18	23	43	48
n07715103_10.JPEG	5	2	41	39
n07715103_11.JPEG	0	0	63	63
n07715103_12.JPEG	0	0	63	63
n07715103_13.JPEG	34	37	56	57
n07715103_14.JPEG	12	37	30	54
n07715103_15.JPEG	0	24	20	52
n07715103_16.JPEG	29	0	63	45
n07715103_17.JPEG	5	16	62	63
n07715103_18.JPEG	25	11	47	27
n07715103_19.JPEG	7	8	57	55
n07715103_20.JPEG	0	1	63	63
n07715103_21.JPEG	26	7	63	43
n07715103_22.JPEG	15	18	54	56
n07715103_23.JPEG	20	25	46	51
n07715103_24.JPEG	0	0	63	63
n07715103_25.JPEG	0	1	63	63
n07715103_26.JPEG	44	11	63	32
n07715103_27.JPEG	0	1	63	63
n07715103_28.JPEG	0	35	63	63
n07715103_29.JPEG	0	0	63	63
n07715103_30.JPEG	5	7	63	63
n07715103_31.JPEG	0	1	63	63
n07715103_32.JPEG	12	5	63	63
n07715103_33.JPEG	25	11	63	52
n07715103_34.JPEG	0	3	62	58
n07715103_35.JPEG	6	10	63	63
n07715103_36.JPEG	6	5	43	47
n07715103_37.JPEG	14	28	50	62
n07715103_38.JPEG	27	10	59	43
n07715103_39.JPEG	30	6	63	53
n07715103_40.JPEG	6	6	62	60
n07715103_41.JPEG	0	0	63	63
n07715103_42.JPEG	12	7	43	38
n07715103_43.JPEG	0	2	39	63
n07715103_44.JPEG	6	8	56	63
n07715103_45.JPEG	7	8	56	45
n07715103_46.JPEG	17	25	49	54
n07715103_47.JPEG	9	3	63	63
n07715103_48.JPEG	17	0	63	32
n07715103_49.JPEG	0	10	59	61
n07715103_50.JPEG	0	9	8	23
n07715103_51.JPEG	17	22	48	51
n07715103_52.JPEG	3	0	63	63
n07715103_53.JPEG	16	22	50	58
n07715103_54.JPEG	30	14	63	39
n07715103_55.JPEG	0	2	63	55
n07715103_56.JPEG	0	0	63	63
n07715103_57.JPEG	5	7	59	53
n07715103_58.JPEG	1	4	63	61
n07715103_59.JPEG	8	4	63	54
n07715103_60.JPEG	13	0	60	27
n07715103_61.JPEG	33	40	50	53
n07715103_62.JPEG	22	13	57	45
n07715103_63.JPEG	20	22	45	46
n07715103_64.JPEG	0	2	63	63
n07715103_65.JPEG	24	21	51	44
n07715103_66.JPEG	1	0	63	63
n07715103_67.JPEG	2	0	63	63
n07715103_68.JPEG	12	0	57	37
n07715103_69.JPEG	0	1	63	63
n07715103_70.JPEG	0	0	63	63
n07715103_71.JPEG	0	0	7	52
n07715103_72.JPEG	0	0	63	63
n07715103_73.JPEG	33	4	63	63
n07715103_74.JPEG	24	32	62	63
n07715103_75.JPEG	36	26	53	45
n07715103_76.JPEG	5	5	52	54
n07715103_77.JPEG	35	3	54	19
n07715103_78.JPEG	0	21	63	63
n07715103_79.JPEG	0	0	63	63
n07715103_80.JPEG	42	0	63	63
n07715103_81.JPEG	0	8	63	58
n07715103_82.JPEG	0	17	34	49
n07715103_83.JPEG	16	14	55	49
n07715103_84.JPEG	0	2	63	63
n07715103_85.JPEG	3	9	60	63
n07715103_86.JPEG	8	28	49	63
n07715103_87.JPEG	0	2	63	63
n07715103_88.JPEG	0	2	63	63
n07715103_89.JPEG	3	2	58	60
n07715103_90.JPEG	0	15	63	63
n07715103_91.JPEG	2	4	62	61
n07715103_92.JPEG	48	8	63	45
n07715103_93.JPEG	19	56	39	63
n07715103_94.JPEG	4	5	58	53
n07715103_95.JPEG	4	6	61	57
n07715103_96.JPEG	20	18	48	46
n07715103_97.JPEG	34	30	63	62
n07715103_98.JPEG	0	10	60	63
n07715103_99.JPEG	8	11	47	49
n07715103_100.JPEG	26	19	45	40
n07715103_101.JPEG	1	3	42	39
n07715103_102.JPEG	0	0	63	63
n07715103_103.JPEG	42	17	63	56
n07715103_104.JPEG	15	1	49	36
n07715103_105.JPEG	7	7	63	63
n07715103_106.JPEG	28	7	63	58
n07715103_107.JPEG	0	0	55	63
n07715103_108.JPEG	0	14	55	63
n07715103_109.JPEG	8	0	56	41
n07715103_110.JPEG	0	0	63	63
n07715103_111.JPEG	12	24	61	63
n07715103_112.JPEG	2	5	61	58
n07715103_113.JPEG	11	2	61	63
n07715103_114.JPEG	15	16	51	44
n07715103_115.JPEG	13	11	50	42
n07715103_116.JPEG	0	8	54	60
n07715103_117.JPEG	32	2	61	30
n07715103_118.JPEG	8	0	55	38
n07715103_119.JPEG	2	22	60	63
n07715103_120.JPEG	0	7	63	50
n07715103_121.JPEG	12	33	47	63
n07715103_122.JPEG	0	3	63	59
n07715103_123.JPEG	12	10	52	44
n07715103_124.JPEG	1	5	63	59
n07715103_125.JPEG	12	0	57	23
n07715103_126.JPEG	25	30	39	42
n07715103_127.JPEG	0	2	30	28
n07715103_128.JPEG	12	38	45	63
n07715103_129.JPEG	3	51	24	63
n07715103_130.JPEG	1	15	63	56
n07715103_131.JPEG	45	4	63	58
n07715103_132.JPEG	18	20	54	55
n07715103_133.JPEG	4	0	63	63
n07715103_134.JPEG	31	13	59	36
n07715103_135.JPEG	1	0	63	63
n07715103_136.JPEG	22	15	46	40
n07715103_137.JPEG	0	14	19	63
n07715103_138.JPEG	16	35	41	54
n07715103_139.JPEG	0	4	63	63
n07715103_140.JPEG	16	13	54	55
n07715103_141.JPEG	34	0	63	63
n07715103_142.JPEG	0	0	63	60
n07715103_143.JPEG	9	4	53	44
n07715103_144.JPEG	6	0	48	37
n07715103_145.JPEG	0	0	63	53
n07715103_146.JPEG	0	1	63	63
n07715103_147.JPEG	34	34	50	49
n07715103_148.JPEG	8	13	55	50
n07715103_149.JPEG	8	2	57	55
n07715103_150.JPEG	0	10	61	63
n07715103_151.JPEG	49	6	63	63
n07715103_152.JPEG	13	17	54	59
n07715103_153.JPEG	13	12	34	31
n07715103_154.JPEG	13	21	38	48
n07715103_155.JPEG	37	13	48	27
n07715103_156.JPEG	9	8	56	51
n07715103_157.JPEG	0	1	55	61
n07715103_158.JPEG	0	0	57	61
n07715103_159.JPEG	0	0	63	63
n07715103_160.JPEG	23	1	63	42
n07715103_161.JPEG	8	11	51	54
n07715103_162.JPEG	0	0	63	63
n07715103_163.JPEG	44	20	63	51
n07715103_164.JPEG	7	5	60	63
n07715103_165.JPEG	8	6	40	35
n07715103_166.JPEG	4	6	63	57
n07715103_167.JPEG	1	2	59	56
n07715103_168.JPEG	0	1	63	63
n07715103_169.JPEG	18	36	48	59
n07715103_170.JPEG	0	6	29	63
n07715103_171.JPEG	2	5	63	57
n07715103_172.JPEG	9	24	53	63
n07715103_173.JPEG	0	37	21	63
n07715103_174.JPEG	44	10	63	63
n07715103_175.JPEG	0	0	63	63
n07715103_176.JPEG	0	7	59	63
n07715103_177.JPEG	12	14	54	56
n07715103_178.JPEG	17	30	51	45
n07715103_179.JPEG	0	0	63	63
n07715103_180.JPEG	7	8	57	52
n07715103_181.JPEG	15	10	54	53
n07715103_182.JPEG	23	25	36	37
n07715103_183.JPEG	6	21	54	63
n07715103_184.JPEG	13	0	63	51
n07715103_185.JPEG	0	3	63	63
n07715103_186.JPEG	45	39	58	51
n07715103_187.JPEG	9	27	51	63
n07715103_188.JPEG	0	28	45	63
n07715103_189.JPEG	0	1	63	63
n07715103_190.JPEG	0	0	63	63
n07715103_191.JPEG	20	23	42	45
n07715103_192.JPEG	4	0	61	53
n07715103_193.JPEG	0	4	61	61
n07715103_194.JPEG	0	0	63	58
n07715103_195.JPEG	16	12	51	49
n07715103_196.JPEG	0	0	63	63
n07715103_197.JPEG	0	0	63	63
n07715103_198.JPEG	0	0	63	63
n07715103_199.JPEG	0	0	63	63
n07715103_200.JPEG	0	0	63	63
n07715103_201.JPEG	6	1	63	58
n07715103_202.JPEG	15	19	58	54
n07715103_203.JPEG	0	11	32	38
n07715103_204.JPEG	17	15	47	47
n07715103_205.JPEG	16	18	44	45
n07715103_206.JPEG	0	0	63	63
n07715103_207.JPEG	0	11	53	61
n07715103_208.JPEG	24	48	53	63
n07715103_209.JPEG	4	10	63	61
n07715103_210.JPEG	1	1	59	63
n07715103_211.JPEG	0	2	63	58
n07715103_212.JPEG	10	3	63	63
n07715103_213.JPEG	11	14	55	59
n07715103_214.JPEG	0	25	35	61
n07715103_215.JPEG	7	4	63	63
n07715103_216.JPEG	0	50	16	63
n07715103_217.JPEG	1	1	63	61
n07715103_218.JPEG	5	7	57	60
n07715103_219.JPEG	7	0	62	63
n07715103_220.JPEG	56	30	63	45
n07715103_221.JPEG	13	8	56	44
n07715103_222.JPEG	0	0	63	63
n07715103_223.JPEG	30	34	63	63
n07715103_224.JPEG	1	7	59	57
n07715103_225.JPEG	11	0	53	63
n07715103_226.JPEG	0	0	40	60
n07715103_227.JPEG	12	5	53	46
n07715103_228.JPEG	9	4	59	60
n07715103_229.JPEG	17	11	62	55
n07715103_230.JPEG	0	7	63	61
n07715103_231.JPEG	1	9	59	62
n07715103_232.JPEG	0	0	63	63
n07715103_233.JPEG	0	0	54	63
n07715103_234.JPEG	20	23	36	47
n07715103_235.JPEG	0	0	63	63
n07715103_236.JPEG	25	17	37	30
n07715103_237.JPEG	5	12	56	55
n07715103_238.JPEG	28	2	52	24
n07715103_239.JPEG	0	0	59	63
n07715103_240.JPEG	0	0	63	63
n07715103_241.JPEG	0	7	60	59
n07715103_242.JPEG	7	6	54	53
n07715103_243.JPEG	4	6	61	55
n07715103_244.JPEG	1	0	63	63
n07715103_245.JPEG	13	34	34	61
n07715103_246.JPEG	0	1	49	59
n07715103_247.JPEG	10	16	55	48
n07715103_248.JPEG	9	6	57	57
n07715103_249.JPEG	1	1	63	63
n07715103_250.JPEG	0	40	8	59
n07715103_251.JPEG	11	11	47	54
n07715103_252.JPEG	4	19	61	63
n07715103_253.JPEG	10	10	55	49
n07715103_254.JPEG	0	1	63	63
n07715103_255.JPEG	2	1	63	49
n07715103_256.JPEG	33	42	49	55
n07715103_257.JPEG	27	2	63	35
n07715103_258.JPEG	1	6	56	60
n07715103_259.JPEG	14	12	52	52
n07715103_260.JPEG	17	2	51	39
n07715103_261.JPEG	0	24	12	36
n07715103_262.JPEG	5	22	40	52
n07715103_263.JPEG	16	23	44	54
n07715103_264.JPEG	0	6	63	57
n07715103_265.JPEG	0	7	61	63
n07715103_266.JPEG	0	29	33	63
n07715103_267.JPEG	21	41	48	63
n07715103_268.JPEG	2	0	63	63
n07715103_269.JPEG	59	19	63	41
n07715103_270.JPEG	9	11	52	51
n07715103_271.JPEG	17	22	51	50
n07715103_272.JPEG	8	44	22	56
n07715103_273.JPEG	6	23	27	43
n07715103_274.JPEG	0	13	59	57
n07715103_275.JPEG	13	12	49	53
n07715103_276.JPEG	19	20	41	44
n07715103_277.JPEG	0	4	63	63
n07715103_278.JPEG	0	1	63	63
n07715103_279.JPEG	3	2	54	63
n07715103_280.JPEG	0	0	43	63
n07715103_281.JPEG	12	18	63	62
n07715103_282.JPEG	19	27	36	43
n07715103_283.JPEG	0	5	40	61
n07715103_284.JPEG	21	9	53	38
n07715103_285.JPEG	2	14	56	58
n07715103_286.JPEG	0	0	6	48
n07715103_287.JPEG	20	18	47	42
n07715103_288.JPEG	10	20	50	60
n07715103_289.JPEG	18	20	42	46
n07715103_290.JPEG	0	0	15	22
n07715103_291.JPEG	0	5	56	63
n07715103_292.JPEG	7	3	59	53
n07715103_293.JPEG	19	21	54	51
n07715103_294.JPEG	7	14	51	52
n07715103_295.JPEG	0	3	63	60
n07715103_296.JPEG	20	30	63	63
n07715103_297.JPEG	0	3	62	63
n07715103_298.JPEG	4	6	15	20
n07715103_299.JPEG	30	36	55	56
n07715103_300.JPEG	3	8	58	58
n07715103_301.JPEG	0	5	63	63
n07715103_302.JPEG	6	6	59	59
n07715103_303.JPEG	0	18	63	63
n07715103_304.JPEG	0	0	54	29
n07715103_305.JPEG	0	1	63	63
n07715103_306.JPEG	0	18	54	63
n07715103_307.JPEG	6	3	63	63
n07715103_308.JPEG	43	57	59	63
n07715103_309.JPEG	0	1	63	61
n07715103_310.JPEG	0	4	47	62
n07715103_311.JPEG	5	11	63	60
n07715103_312.JPEG	24	25	53	53
n07715103_313.JPEG	9	12	60	56
n07715103_314.JPEG	0	0	63	63
n07715103_315.JPEG	5	1	52	52
n07715103_316.JPEG	13	13	55	55
n07715103_317.JPEG	3	0	62	63
n07715103_318.JPEG	11	8	56	59
n07715103_319.JPEG	4	5	63	59
n07715103_320.JPEG	0	0	63	63
n07715103_321.JPEG	23	35	44	58
n07715103_322.JPEG	40	21	63	51
n07715103_323.JPEG	21	28	43	50
n07715103_324.JPEG	20	19	46	51
n07715103_325.JPEG	33	37	44	47
n07715103_326.JPEG	3	8	52	52
n07715103_327.JPEG	0	19	25	38
n07715103_328.JPEG	10	20	58	58
n07715103_329.JPEG	0	13	63	63
n07715103_330.JPEG	25	11	48	37
n07715103_331.JPEG	9	10	55	56
n07715103_332.JPEG	0	0	63	35
n07715103_333.JPEG	0	1	63	63
n07715103_334.JPEG	0	1	56	63
n07715103_335.JPEG	9	5	51	44
n07715103_336.JPEG	10	9	54	48
n07715103_337.JPEG	0	1	63	61
n07715103_338.JPEG	1	0	63	63
n07715103_339.JPEG	9	8	49	56
n07715103_340.JPEG	0	1	59	63
n07715103_341.JPEG	5	0	63	63
n07715103_342.JPEG	0	1	63	63
n07715103_343.JPEG	19	26	42	48
n07715103_344.JPEG	0	26	23	52
n07715103_345.JPEG	0	0	63	61
n07715103_346.JPEG	0	7	59	59
n07715103_347.JPEG	0	0	33	21
n07715103_348.JPEG	4	0	47	37
n07715103_349.JPEG	0	1	63	63
n07715103_350.JPEG	13	13	44	44
n07715103_351.JPEG	32	10	63	58
n07715103_352.JPEG	0	0	63	63
n07715103_353.JPEG	21	0	63	45
n07715103_354.JPEG	0	3	63	60
n07715103_355.JPEG	0	14	24	55
n07715103_356.JPEG	0	1	63	63
n07715103_357.JPEG	22	26	39	40
n07715103_358.JPEG	0	0	63	63
n07715103_359.JPEG	0	29	30	63
n07715103_360.JPEG	1	0	63	63
n07715103_361.JPEG	2	5	63	59
n07715103_362.JPEG	21	1	63	43
n07715103_363.JPEG	5	6	59	58
n07715103_364.JPEG	23	2	63	43
n07715103_365.JPEG	4	3	58	57
n07715103_366.JPEG	0	1	53	63
n07715103_367.JPEG	19	33	40	52
n07715103_368.JPEG	10	13	63	53
n07715103_369.JPEG	24	11	63	45
n07715103_370.JPEG	36	44	54	61
n07715103_371.JPEG	9	6	63	58
n07715103_372.JPEG	21	40	47	59
n07715103_373.JPEG	4	3	59	59
n07715103_374.JPEG	0	8	33	47
n07715103_375.JPEG	10	2	57	48
n07715103_376.JPEG	0	0	59	54
n07715103_377.JPEG	28	27	50	45
n07715103_378.JPEG	12	13	51	49
n07715103_379.JPEG	18	31	39	51
n07715103_380.JPEG	0	33	24	63
n07715103_381.JPEG	0	0	63	59
n07715103_382.JPEG	1	0	63	59
n07715103_383.JPEG	0	0	63	63
n07715103_384.JPEG	23	1	63	47
n07715103_385.JPEG	4	16	58	55
n07715103_386.JPEG	0	5	52	51
n07715103_387.JPEG	0	0	11	60
n07715103_388.JPEG	36	0	63	43
n07715103_389.JPEG	13	48	22	57
n07715103_390.JPEG	7	20	62	61
n07715103_391.JPEG	0	0	63	63
n07715103_392.JPEG	5	5	63	60
n07715103_393.JPEG	15	16	63	63
n07715103_394.JPEG	0	0	63	63
n07715103_395.JPEG	0	3	63	63
n07715103_396.JPEG	0	31	46	61
n07715103_397.JPEG	19	31	47	58
n07715103_398.JPEG	19	44	63	63
n07715103_399.JPEG	4	5	55	56
n07715103_400.JPEG	0	0	63	63
n07715103_401.JPEG	8	13	57	62
n07715103_402.JPEG	29	36	47	52
n07715103_403.JPEG	15	0	51	31
n07715103_404.JPEG	15	16	53	55
n07715103_405.JPEG	3	9	25	25
n07715103_406.JPEG	7	7	58	53
n07715103_407.JPEG	0	1	63	60
n07715103_408.JPEG	5	19	41	52
n07715103_409.JPEG	36	24	48	37
n07715103_410.JPEG	1	19	63	63
n07715103_411.JPEG	0	0	63	62
n07715103_412.JPEG	5	1	63	61
n07715103_413.JPEG	29	29	36	35
n07715103_414.JPEG	3	2	62	58
n07715103_415.JPEG	20	28	47	49
n07715103_416.JPEG	37	5	63	63
n07715103_417.JPEG	42	15	63	52
n07715103_418.JPEG	0	1	63	63
n07715103_419.JPEG	5	12	62	63
n07715103_420.JPEG	54	41	63	55
n07715103_421.JPEG	20	25	39	45
n07715103_422.JPEG	20	25	44	45
n07715103_423.JPEG	37	0	48	6
n07715103_424.JPEG	15	19	51	56
n07715103_425.JPEG	18	23	44	39
n07715103_426.JPEG	0	0	63	63
n07715103_427.JPEG	13	20	49	45
n07715103_428.JPEG	7	14	63	63
n07715103_429.JPEG	1	3	63	58
n07715103_430.JPEG	0	0	63	63
n07715103_431.JPEG	0	0	63	63
n07715103_432.JPEG	0	0	63	63
n07715103_433.JPEG	16	24	39	46
n07715103_434.JPEG	2	2	63	53
n07715103_435.JPEG	0	0	63	63
n07715103_436.JPEG	6	13	51	62
n07715103_437.JPEG	11	10	52	55
n07715103_438.JPEG	6	0	63	58
n07715103_439.JPEG	0	36	44	63
n07715103_440.JPEG	0	0	63	51
n07715103_441.JPEG	56	18	63	47
n07715103_442.JPEG	24	20	47	39
n07715103_443.JPEG	6	5	57	58
n07715103_444.JPEG	0	1	63	63
n07715103_445.JPEG	4	11	51	54
n07715103_446.JPEG	1	0	52	63
n07715103_447.JPEG	9	14	50	57
n07715103_448.JPEG	17	0	63	61
n07715103_449.JPEG	0	0	63	63
n07715103_450.JPEG	0	0	63	52
n07715103_451.JPEG	0	0	63	63
n07715103_452.JPEG	0	20	31	60
n07715103_453.JPEG	11	10	49	48
n07715103_454.JPEG	11	34	36	55
n07715103_455.JPEG	1	4	61	58
n07715103_456.JPEG	25	3	63	51
n07715103_457.JPEG	17	13	53	54
n07715103_458.JPEG	9	1	63	58
n07715103_459.JPEG	0	10	50	53
n07715103_460.JPEG	4	13	60	63
n07715103_461.JPEG	19	24	40	44
n07715103_462.JPEG	50	28	63	38
n07715103_463.JPEG	20	18	57	56
n07715103_464.JPEG	5	16	59	63
n07715103_465.JPEG	15	7	63	59
n07715103_466.JPEG	0	9	61	63
n07715103_467.JPEG	4	2	63	62
n07715103_468.JPEG	3	11	35	43
n07715103_469.JPEG	17	20	48	52
n07715103_470.JPEG	7	14	61	55
n07715103_471.JPEG	0	1	63	59
n07715103_472.JPEG	14	24	56	63
n07715103_473.JPEG	46	46	61	60
n07715103_474.JPEG	0	0	41	37
n07715103_475.JPEG	20	5	63	49
n07715103_476.JPEG	0	2	63	52
n07715103_477.JPEG	0	7	54	58
n07715103_478.JPEG	0	5	35	56
n07715103_479.JPEG	7	18	35	47
n07715103_480.JPEG	9	14	50	53
n07715103_481.JPEG	0	0	63	63
n07715103_482.JPEG	1	16	62	59
n07715103_483.JPEG	7	11	62	62
n07715103_484.JPEG	0	4	63	63
n07715103_485.JPEG	25	12	44	26
n07715103_486.JPEG	14	16	40	46
n07715103_487.JPEG	0	6	62	47
n07715103_488.JPEG	52	33	63	63
n07715103_489.JPEG	0	0	63	63
n07715103_490.JPEG	0	1	63	63
n07715103_491.JPEG	36	36	50	52
n07715103_492.JPEG	14	2	63	60
n07715103_493.JPEG	0	20	63	52
n07715103_494.JPEG	9	10	59	61
n07715103_495.JPEG	7	7	54	50
n07715103_496.JPEG	9	8	57	59
n07715103_497.JPEG	0	5	63	60
n07715103_498.JPEG	4	9	31	32
n07715103_499.JPEG	15	26	41	50
