n04532670_0.JPEG	0	9	63	51
n04532670_1.JPEG	0	16	63	38
n04532670_2.JPEG	0	0	44	63
n04532670_3.JPEG	0	0	63	60
n04532670_4.JPEG	7	47	56	55
n04532670_5.JPEG	0	16	63	41
n04532670_6.JPEG	0	1	63	63
n04532670_7.JPEG	0	36	63	59
n04532670_8.JPEG	0	27	63	32
n04532670_9.JPEG	1	29	63	36
n04532670_10.JPEG	1	0	48	63
n04532670_11.JPEG	0	11	63	39
n04532670_12.JPEG	0	24	63	43
n04532670_13.JPEG	0	17	63	37
n04532670_14.JPEG	0	17	61	53
n04532670_15.JPEG	0	8	63	40
n04532670_16.JPEG	0	0	63	33
n04532670_17.JPEG	34	0	63	63
n04532670_18.JPEG	11	1	63	63
n04532670_19.JPEG	0	1	63	40
n04532670_20.JPEG	0	15	63	55
n04532670_21.JPEG	7	1	63	33
n04532670_22.JPEG	0	1	63	63
n04532670_23.JPEG	0	35	55	53
n04532670_24.JPEG	0	13	63	41
n04532670_25.JPEG	0	26	63	38
n04532670_26.JPEG	29	24	63	63
n04532670_27.JPEG	0	11	63	46
n04532670_28.JPEG	0	1	63	59
n04532670_29.JPEG	0	4	63	36
n04532670_30.JPEG	1	35	63	63
n04532670_31.JPEG	11	43	41	49
n04532670_32.JPEG	0	1	63	63
n04532670_33.JPEG	0	17	63	57
n04532670_34.JPEG	0	0	63	52
n04532670_35.JPEG	0	47	59	59
n04532670_36.JPEG	0	2	63	63
n04532670_37.JPEG	0	1	63	56
n04532670_38.JPEG	0	1	63	63
n04532670_39.JPEG	0	0	47	63
n04532670_40.JPEG	21	27	63	63
n04532670_41.JPEG	0	0	63	59
n04532670_42.JPEG	0	10	63	63
n04532670_43.JPEG	0	0	63	48
n04532670_44.JPEG	0	5	63	50
n04532670_45.JPEG	0	34	63	61
n04532670_46.JPEG	0	0	63	58
n04532670_47.JPEG	0	31	63	39
n04532670_48.JPEG	0	23	53	30
n04532670_49.JPEG	0	12	48	63
n04532670_50.JPEG	0	2	48	43
n04532670_51.JPEG	0	23	47	49
n04532670_52.JPEG	2	7	61	63
n04532670_53.JPEG	21	0	63	43
n04532670_54.JPEG	0	1	63	63
n04532670_55.JPEG	0	0	63	63
n04532670_56.JPEG	0	1	63	63
n04532670_57.JPEG	0	25	63	32
n04532670_58.JPEG	0	4	63	59
n04532670_59.JPEG	17	0	51	37
n04532670_60.JPEG	0	30	63	63
n04532670_61.JPEG	0	22	63	60
n04532670_62.JPEG	0	1	63	43
n04532670_63.JPEG	0	0	63	63
n04532670_64.JPEG	13	0	63	63
n04532670_65.JPEG	0	17	63	41
n04532670_66.JPEG	0	1	63	63
n04532670_67.JPEG	0	0	63	63
n04532670_68.JPEG	0	21	63	42
n04532670_69.JPEG	0	0	63	43
n04532670_70.JPEG	0	19	63	42
n04532670_71.JPEG	0	1	63	60
n04532670_72.JPEG	0	9	52	63
n04532670_73.JPEG	0	2	63	56
n04532670_74.JPEG	1	0	62	63
n04532670_75.JPEG	0	0	63	63
n04532670_76.JPEG	0	21	63	32
n04532670_77.JPEG	0	0	60	63
n04532670_78.JPEG	0	19	63	48
n04532670_79.JPEG	0	27	63	39
n04532670_80.JPEG	15	0	63	63
n04532670_81.JPEG	0	15	63	55
n04532670_82.JPEG	0	0	63	63
n04532670_83.JPEG	0	0	63	51
n04532670_84.JPEG	0	0	63	58
n04532670_85.JPEG	1	11	47	52
n04532670_86.JPEG	0	7	63	63
n04532670_87.JPEG	0	22	63	44
n04532670_88.JPEG	6	0	63	63
n04532670_89.JPEG	6	17	63	26
n04532670_90.JPEG	0	0	57	62
n04532670_91.JPEG	0	1	63	63
n04532670_92.JPEG	0	1	63	35
n04532670_93.JPEG	0	36	63	62
n04532670_94.JPEG	0	14	63	50
n04532670_95.JPEG	0	0	63	56
n04532670_96.JPEG	0	39	25	53
n04532670_97.JPEG	0	2	63	41
n04532670_98.JPEG	0	23	63	34
n04532670_99.JPEG	13	18	63	63
n04532670_100.JPEG	0	30	63	63
n04532670_101.JPEG	0	0	63	63
n04532670_102.JPEG	0	31	63	40
n04532670_103.JPEG	11	19	58	39
n04532670_104.JPEG	0	1	63	63
n04532670_105.JPEG	0	1	63	47
n04532670_106.JPEG	0	20	63	54
n04532670_107.JPEG	0	0	63	63
n04532670_108.JPEG	1	19	63	47
n04532670_109.JPEG	0	6	56	49
n04532670_110.JPEG	2	26	63	45
n04532670_111.JPEG	0	11	63	59
n04532670_112.JPEG	0	1	63	63
n04532670_113.JPEG	0	11	63	48
n04532670_114.JPEG	0	27	63	38
n04532670_115.JPEG	0	0	63	63
n04532670_116.JPEG	0	15	55	40
n04532670_117.JPEG	15	1	63	63
n04532670_118.JPEG	0	0	63	63
n04532670_119.JPEG	0	1	63	60
n04532670_120.JPEG	0	2	63	46
n04532670_121.JPEG	0	31	63	42
n04532670_122.JPEG	0	11	63	51
n04532670_123.JPEG	0	11	63	63
n04532670_124.JPEG	0	10	63	33
n04532670_125.JPEG	0	18	63	37
n04532670_126.JPEG	0	16	63	63
n04532670_127.JPEG	0	1	53	57
n04532670_128.JPEG	12	18	56	35
n04532670_129.JPEG	13	15	63	45
n04532670_130.JPEG	0	0	63	50
n04532670_131.JPEG	1	33	63	63
n04532670_132.JPEG	0	0	63	47
n04532670_133.JPEG	0	28	63	40
n04532670_134.JPEG	19	1	63	51
n04532670_135.JPEG	0	17	44	44
n04532670_136.JPEG	0	0	63	55
n04532670_137.JPEG	0	0	63	63
n04532670_138.JPEG	1	0	63	63
n04532670_139.JPEG	21	0	63	63
n04532670_140.JPEG	1	0	63	57
n04532670_141.JPEG	0	30	54	34
n04532670_142.JPEG	0	19	63	43
n04532670_143.JPEG	1	0	63	63
n04532670_144.JPEG	0	16	63	45
n04532670_145.JPEG	0	9	63	44
n04532670_146.JPEG	0	14	63	51
n04532670_147.JPEG	1	1	63	58
n04532670_148.JPEG	0	1	63	49
n04532670_149.JPEG	0	2	63	55
n04532670_150.JPEG	0	6	46	40
n04532670_151.JPEG	6	4	63	52
n04532670_152.JPEG	0	23	63	58
n04532670_153.JPEG	0	12	52	29
n04532670_154.JPEG	0	1	63	52
n04532670_155.JPEG	0	0	63	63
n04532670_156.JPEG	15	3	63	46
n04532670_157.JPEG	0	38	36	61
n04532670_158.JPEG	0	34	61	42
n04532670_159.JPEG	0	24	63	48
n04532670_160.JPEG	0	39	63	51
n04532670_161.JPEG	0	5	63	61
n04532670_162.JPEG	0	6	63	48
n04532670_163.JPEG	0	10	63	48
n04532670_164.JPEG	0	18	63	38
n04532670_165.JPEG	0	0	63	63
n04532670_166.JPEG	22	32	50	52
n04532670_167.JPEG	0	0	63	62
n04532670_168.JPEG	0	18	63	39
n04532670_169.JPEG	0	30	63	56
n04532670_170.JPEG	0	0	63	50
n04532670_171.JPEG	0	14	63	41
n04532670_172.JPEG	0	9	53	45
n04532670_173.JPEG	7	0	63	63
n04532670_174.JPEG	0	11	63	63
n04532670_175.JPEG	0	2	63	61
n04532670_176.JPEG	0	34	63	47
n04532670_177.JPEG	0	23	63	46
n04532670_178.JPEG	0	0	61	57
n04532670_179.JPEG	0	0	63	63
n04532670_180.JPEG	2	17	63	40
n04532670_181.JPEG	5	2	63	62
n04532670_182.JPEG	0	0	63	63
n04532670_183.JPEG	0	21	63	44
n04532670_184.JPEG	0	28	63	50
n04532670_185.JPEG	0	3	63	30
n04532670_186.JPEG	0	18	63	30
n04532670_187.JPEG	1	0	63	53
n04532670_188.JPEG	5	41	47	51
n04532670_189.JPEG	0	14	63	63
n04532670_190.JPEG	0	17	63	40
n04532670_191.JPEG	0	21	63	33
n04532670_192.JPEG	0	1	63	61
n04532670_193.JPEG	0	0	63	62
n04532670_194.JPEG	10	18	63	50
n04532670_195.JPEG	5	20	63	39
n04532670_196.JPEG	0	24	63	49
n04532670_197.JPEG	0	29	63	63
n04532670_198.JPEG	0	34	63	63
n04532670_199.JPEG	0	10	63	51
n04532670_200.JPEG	0	0	63	38
n04532670_201.JPEG	0	9	63	27
n04532670_202.JPEG	0	5	63	34
n04532670_203.JPEG	0	0	63	61
n04532670_204.JPEG	0	7	62	63
n04532670_205.JPEG	1	0	63	63
n04532670_206.JPEG	0	0	63	58
n04532670_207.JPEG	0	2	63	57
n04532670_208.JPEG	0	1	63	63
n04532670_209.JPEG	0	1	63	63
n04532670_210.JPEG	0	21	60	50
n04532670_211.JPEG	0	33	59	44
n04532670_212.JPEG	0	1	63	51
n04532670_213.JPEG	0	1	63	63
n04532670_214.JPEG	0	0	63	63
n04532670_215.JPEG	0	5	63	27
n04532670_216.JPEG	4	28	52	35
n04532670_217.JPEG	0	30	62	37
n04532670_218.JPEG	0	0	63	63
n04532670_219.JPEG	22	2	63	53
n04532670_220.JPEG	0	1	63	53
n04532670_221.JPEG	0	33	53	43
n04532670_222.JPEG	0	0	63	58
n04532670_223.JPEG	17	28	63	53
n04532670_224.JPEG	0	43	63	57
n04532670_225.JPEG	0	5	63	63
n04532670_226.JPEG	0	1	63	50
n04532670_227.JPEG	0	0	59	63
n04532670_228.JPEG	0	29	63	63
n04532670_229.JPEG	0	1	63	61
n04532670_230.JPEG	0	33	63	63
n04532670_231.JPEG	0	3	63	62
n04532670_232.JPEG	0	27	63	63
n04532670_233.JPEG	16	0	59	39
n04532670_234.JPEG	0	28	63	46
n04532670_235.JPEG	0	31	63	45
n04532670_236.JPEG	0	12	63	38
n04532670_237.JPEG	19	20	54	39
n04532670_238.JPEG	0	11	42	40
n04532670_239.JPEG	0	22	63	44
n04532670_240.JPEG	0	25	63	63
n04532670_241.JPEG	0	10	63	50
n04532670_242.JPEG	0	0	63	63
n04532670_243.JPEG	0	1	63	48
n04532670_244.JPEG	0	8	63	42
n04532670_245.JPEG	0	0	60	63
n04532670_246.JPEG	0	13	63	48
n04532670_247.JPEG	0	21	63	34
n04532670_248.JPEG	0	0	63	63
n04532670_249.JPEG	0	12	63	33
n04532670_250.JPEG	0	27	63	51
n04532670_251.JPEG	0	21	59	37
n04532670_252.JPEG	2	0	62	63
n04532670_253.JPEG	18	27	40	37
n04532670_254.JPEG	10	30	63	36
n04532670_255.JPEG	0	22	63	33
n04532670_256.JPEG	50	1	63	56
n04532670_257.JPEG	0	0	63	63
n04532670_258.JPEG	0	1	63	63
n04532670_259.JPEG	3	15	53	42
n04532670_260.JPEG	0	14	63	53
n04532670_261.JPEG	0	28	63	48
n04532670_262.JPEG	12	1	63	61
n04532670_263.JPEG	0	25	63	52
n04532670_264.JPEG	0	0	63	37
n04532670_265.JPEG	0	30	63	54
n04532670_266.JPEG	0	17	63	47
n04532670_267.JPEG	1	0	63	55
n04532670_268.JPEG	14	18	63	63
n04532670_269.JPEG	0	28	60	55
n04532670_270.JPEG	0	5	63	42
n04532670_271.JPEG	0	5	63	33
n04532670_272.JPEG	0	46	63	63
n04532670_273.JPEG	10	1	63	35
n04532670_274.JPEG	20	25	58	63
n04532670_275.JPEG	0	22	63	63
n04532670_276.JPEG	3	19	63	30
n04532670_277.JPEG	0	25	63	51
n04532670_278.JPEG	0	11	63	51
n04532670_279.JPEG	0	34	63	62
n04532670_280.JPEG	3	21	63	49
n04532670_281.JPEG	31	40	63	50
n04532670_282.JPEG	2	18	63	40
n04532670_283.JPEG	0	0	63	63
n04532670_284.JPEG	0	25	59	63
n04532670_285.JPEG	0	0	63	55
n04532670_286.JPEG	0	0	63	63
n04532670_287.JPEG	0	8	63	39
n04532670_288.JPEG	7	7	63	42
n04532670_289.JPEG	1	37	63	51
n04532670_290.JPEG	23	1	63	51
n04532670_291.JPEG	0	16	63	48
n04532670_292.JPEG	0	1	63	60
n04532670_293.JPEG	0	12	63	47
n04532670_294.JPEG	0	0	63	63
n04532670_295.JPEG	0	45	62	63
n04532670_296.JPEG	0	4	48	63
n04532670_297.JPEG	6	0	63	63
n04532670_298.JPEG	0	0	63	63
n04532670_299.JPEG	0	27	63	39
n04532670_300.JPEG	0	2	51	43
n04532670_301.JPEG	1	0	63	37
n04532670_302.JPEG	0	0	60	63
n04532670_303.JPEG	0	9	63	29
n04532670_304.JPEG	22	7	40	12
n04532670_305.JPEG	7	1	63	54
n04532670_306.JPEG	0	13	63	63
n04532670_307.JPEG	0	4	63	60
n04532670_308.JPEG	1	0	63	63
n04532670_309.JPEG	1	0	58	63
n04532670_310.JPEG	0	3	63	55
n04532670_311.JPEG	0	27	63	47
n04532670_312.JPEG	19	11	63	63
n04532670_313.JPEG	1	0	63	63
n04532670_314.JPEG	0	0	63	58
n04532670_315.JPEG	0	33	63	63
n04532670_316.JPEG	0	7	63	58
n04532670_317.JPEG	0	23	63	38
n04532670_318.JPEG	0	0	63	63
n04532670_319.JPEG	0	0	63	55
n04532670_320.JPEG	0	22	63	56
n04532670_321.JPEG	11	24	52	44
n04532670_322.JPEG	0	23	63	47
n04532670_323.JPEG	0	23	63	63
n04532670_324.JPEG	0	14	63	54
n04532670_325.JPEG	0	18	54	35
n04532670_326.JPEG	0	0	63	52
n04532670_327.JPEG	6	35	63	46
n04532670_328.JPEG	0	13	46	34
n04532670_329.JPEG	0	25	63	63
n04532670_330.JPEG	0	0	63	48
n04532670_331.JPEG	3	1	63	63
n04532670_332.JPEG	0	25	63	35
n04532670_333.JPEG	3	1	63	63
n04532670_334.JPEG	1	0	49	46
n04532670_335.JPEG	1	10	63	63
n04532670_336.JPEG	1	0	63	63
n04532670_337.JPEG	0	5	63	63
n04532670_338.JPEG	22	1	63	62
n04532670_339.JPEG	0	5	63	51
n04532670_340.JPEG	0	30	63	37
n04532670_341.JPEG	0	20	63	41
n04532670_342.JPEG	0	0	63	42
n04532670_343.JPEG	0	1	63	41
n04532670_344.JPEG	3	2	63	57
n04532670_345.JPEG	11	0	63	55
n04532670_346.JPEG	0	31	63	53
n04532670_347.JPEG	0	29	63	44
n04532670_348.JPEG	0	34	63	63
n04532670_349.JPEG	0	10	55	30
n04532670_350.JPEG	0	5	63	39
n04532670_351.JPEG	2	23	59	42
n04532670_352.JPEG	0	14	63	63
n04532670_353.JPEG	1	0	63	62
n04532670_354.JPEG	0	1	63	30
n04532670_355.JPEG	0	0	63	63
n04532670_356.JPEG	0	17	63	63
n04532670_357.JPEG	9	33	63	46
n04532670_358.JPEG	20	27	63	38
n04532670_359.JPEG	0	41	58	47
n04532670_360.JPEG	0	1	63	63
n04532670_361.JPEG	0	16	46	40
n04532670_362.JPEG	14	10	63	56
n04532670_363.JPEG	0	8	63	63
n04532670_364.JPEG	0	22	63	41
n04532670_365.JPEG	0	14	60	50
n04532670_366.JPEG	0	35	63	47
n04532670_367.JPEG	0	8	63	63
n04532670_368.JPEG	0	14	63	49
n04532670_369.JPEG	3	25	63	34
n04532670_370.JPEG	0	1	63	45
n04532670_371.JPEG	0	11	63	32
n04532670_372.JPEG	20	27	58	33
n04532670_373.JPEG	0	20	63	45
n04532670_374.JPEG	0	27	53	36
n04532670_375.JPEG	0	6	63	63
n04532670_376.JPEG	0	26	63	46
n04532670_377.JPEG	0	24	63	40
n04532670_378.JPEG	0	13	60	52
n04532670_379.JPEG	0	6	63	34
n04532670_380.JPEG	0	30	63	36
n04532670_381.JPEG	0	0	63	54
n04532670_382.JPEG	0	14	63	49
n04532670_383.JPEG	0	19	63	41
n04532670_384.JPEG	0	0	63	48
n04532670_385.JPEG	0	16	63	47
n04532670_386.JPEG	1	9	63	63
n04532670_387.JPEG	0	26	63	43
n04532670_388.JPEG	20	19	63	63
n04532670_389.JPEG	0	4	63	63
n04532670_390.JPEG	0	0	63	63
n04532670_391.JPEG	0	24	60	37
n04532670_392.JPEG	0	10	55	38
n04532670_393.JPEG	0	27	63	63
n04532670_394.JPEG	0	13	63	32
n04532670_395.JPEG	1	0	63	63
n04532670_396.JPEG	0	24	63	61
n04532670_397.JPEG	16	26	63	34
n04532670_398.JPEG	0	3	63	29
n04532670_399.JPEG	7	39	58	47
n04532670_400.JPEG	0	18	63	52
n04532670_401.JPEG	0	1	43	55
n04532670_402.JPEG	0	13	63	24
n04532670_403.JPEG	9	30	63	63
n04532670_404.JPEG	0	3	63	53
n04532670_405.JPEG	0	42	63	53
n04532670_406.JPEG	0	12	61	63
n04532670_407.JPEG	14	0	63	63
n04532670_408.JPEG	0	30	63	63
n04532670_409.JPEG	1	0	63	33
n04532670_410.JPEG	8	45	50	50
n04532670_411.JPEG	0	31	63	41
n04532670_412.JPEG	0	0	38	53
n04532670_413.JPEG	10	43	61	47
n04532670_414.JPEG	20	31	63	38
n04532670_415.JPEG	0	1	63	45
n04532670_416.JPEG	0	17	63	63
n04532670_417.JPEG	5	24	52	30
n04532670_418.JPEG	0	11	63	34
n04532670_419.JPEG	0	0	56	59
n04532670_420.JPEG	0	5	63	63
n04532670_421.JPEG	0	30	63	57
n04532670_422.JPEG	22	15	63	40
n04532670_423.JPEG	0	16	63	47
n04532670_424.JPEG	0	0	63	53
n04532670_425.JPEG	19	4	63	63
n04532670_426.JPEG	0	16	63	63
n04532670_427.JPEG	0	2	63	51
n04532670_428.JPEG	0	0	63	43
n04532670_429.JPEG	0	20	63	61
n04532670_430.JPEG	1	0	48	63
n04532670_431.JPEG	0	11	63	50
n04532670_432.JPEG	0	1	63	63
n04532670_433.JPEG	0	19	63	63
n04532670_434.JPEG	0	0	63	63
n04532670_435.JPEG	0	0	63	60
n04532670_436.JPEG	0	14	63	63
n04532670_437.JPEG	0	1	54	59
n04532670_438.JPEG	0	29	63	63
n04532670_439.JPEG	0	1	63	59
n04532670_440.JPEG	14	0	63	54
n04532670_441.JPEG	0	15	63	53
n04532670_442.JPEG	0	21	63	45
n04532670_443.JPEG	0	16	63	52
n04532670_444.JPEG	0	25	63	61
n04532670_445.JPEG	0	3	63	28
n04532670_446.JPEG	0	23	63	61
n04532670_447.JPEG	0	18	63	36
n04532670_448.JPEG	4	0	63	44
n04532670_449.JPEG	1	0	63	27
n04532670_450.JPEG	0	12	63	41
n04532670_451.JPEG	0	0	63	63
n04532670_452.JPEG	0	2	63	41
n04532670_453.JPEG	0	7	6	48
n04532670_454.JPEG	0	1	63	63
n04532670_455.JPEG	0	40	63	53
n04532670_456.JPEG	17	37	63	42
n04532670_457.JPEG	1	0	63	63
n04532670_458.JPEG	0	2	63	53
n04532670_459.JPEG	4	22	54	63
n04532670_460.JPEG	0	9	63	47
n04532670_461.JPEG	0	22	63	38
n04532670_462.JPEG	0	3	63	61
n04532670_463.JPEG	0	0	63	63
n04532670_464.JPEG	13	15	63	27
n04532670_465.JPEG	0	25	55	40
n04532670_466.JPEG	0	17	63	39
n04532670_467.JPEG	0	11	63	63
n04532670_468.JPEG	1	34	49	40
n04532670_469.JPEG	1	0	63	54
n04532670_470.JPEG	0	10	63	28
n04532670_471.JPEG	0	1	63	57
n04532670_472.JPEG	0	0	63	62
n04532670_473.JPEG	1	32	63	53
n04532670_474.JPEG	0	11	63	53
n04532670_475.JPEG	0	19	63	63
n04532670_476.JPEG	0	21	63	56
n04532670_477.JPEG	0	27	63	53
n04532670_478.JPEG	0	3	63	34
n04532670_479.JPEG	0	9	63	47
n04532670_480.JPEG	0	8	63	39
n04532670_481.JPEG	0	41	63	49
n04532670_482.JPEG	7	28	56	39
n04532670_483.JPEG	0	1	63	59
n04532670_484.JPEG	12	52	39	59
n04532670_485.JPEG	0	12	63	36
n04532670_486.JPEG	0	16	63	48
n04532670_487.JPEG	0	26	63	45
n04532670_488.JPEG	12	22	63	42
n04532670_489.JPEG	6	24	63	53
n04532670_490.JPEG	2	29	43	47
n04532670_491.JPEG	3	1	63	63
n04532670_492.JPEG	0	11	63	63
n04532670_493.JPEG	0	23	63	44
n04532670_494.JPEG	0	12	60	41
n04532670_495.JPEG	0	26	63	43
n04532670_496.JPEG	21	23	50	34
n04532670_497.JPEG	0	4	63	63
n04532670_498.JPEG	0	1	63	57
n04532670_499.JPEG	16	0	63	63
