n03250847_0.JPEG	36	43	53	56
n03250847_1.JPEG	12	13	18	21
n03250847_2.JPEG	7	0	55	63
n03250847_3.JPEG	30	13	48	20
n03250847_4.JPEG	0	0	63	63
n03250847_5.JPEG	16	26	55	63
n03250847_6.JPEG	31	0	63	16
n03250847_7.JPEG	0	18	51	62
n03250847_8.JPEG	0	19	63	62
n03250847_9.JPEG	41	39	63	60
n03250847_10.JPEG	16	32	53	37
n03250847_11.JPEG	0	26	63	30
n03250847_12.JPEG	34	0	50	50
n03250847_13.JPEG	0	0	59	59
n03250847_14.JPEG	0	13	63	54
n03250847_15.JPEG	27	0	36	0
n03250847_16.JPEG	12	28	63	41
n03250847_17.JPEG	32	3	40	16
n03250847_18.JPEG	16	0	23	39
n03250847_19.JPEG	1	0	61	63
n03250847_20.JPEG	5	0	49	45
n03250847_21.JPEG	6	7	30	63
n03250847_22.JPEG	18	10	39	21
n03250847_23.JPEG	0	1	6	47
n03250847_24.JPEG	1	34	11	36
n03250847_25.JPEG	20	0	29	29
n03250847_26.JPEG	19	39	63	63
n03250847_27.JPEG	14	42	47	63
n03250847_28.JPEG	14	0	63	15
n03250847_29.JPEG	0	39	63	63
n03250847_30.JPEG	14	27	26	63
n03250847_31.JPEG	1	0	63	63
n03250847_32.JPEG	28	0	46	63
n03250847_33.JPEG	0	6	32	24
n03250847_34.JPEG	19	3	46	63
n03250847_35.JPEG	0	43	50	53
n03250847_36.JPEG	0	5	63	57
n03250847_37.JPEG	22	39	26	47
n03250847_38.JPEG	22	49	26	55
n03250847_39.JPEG	3	20	49	62
n03250847_40.JPEG	0	11	52	51
n03250847_41.JPEG	0	8	63	40
n03250847_42.JPEG	0	28	63	44
n03250847_43.JPEG	45	16	57	54
n03250847_44.JPEG	0	2	63	63
n03250847_45.JPEG	0	6	3	30
n03250847_46.JPEG	20	40	26	43
n03250847_47.JPEG	0	21	63	42
n03250847_48.JPEG	7	11	63	40
n03250847_49.JPEG	36	51	59	57
n03250847_50.JPEG	28	27	63	40
n03250847_51.JPEG	0	10	56	63
n03250847_52.JPEG	15	11	37	51
n03250847_53.JPEG	52	5	63	30
n03250847_54.JPEG	28	1	50	52
n03250847_55.JPEG	0	16	63	29
n03250847_56.JPEG	29	0	37	0
n03250847_57.JPEG	17	1	33	20
n03250847_58.JPEG	34	58	49	63
n03250847_59.JPEG	1	0	62	28
n03250847_60.JPEG	0	33	45	37
n03250847_61.JPEG	41	2	62	30
n03250847_62.JPEG	22	47	29	60
n03250847_63.JPEG	13	34	42	42
n03250847_64.JPEG	1	16	39	39
n03250847_65.JPEG	53	7	60	63
n03250847_66.JPEG	0	34	63	54
n03250847_67.JPEG	0	0	59	63
n03250847_68.JPEG	0	28	63	39
n03250847_69.JPEG	19	3	41	63
n03250847_70.JPEG	30	9	33	42
n03250847_71.JPEG	36	54	56	63
n03250847_72.JPEG	5	10	63	44
n03250847_73.JPEG	10	40	63	63
n03250847_74.JPEG	50	28	63	63
n03250847_75.JPEG	3	0	57	63
n03250847_76.JPEG	17	43	41	46
n03250847_77.JPEG	0	35	49	49
n03250847_78.JPEG	28	11	63	54
n03250847_79.JPEG	6	25	31	55
n03250847_80.JPEG	0	35	54	52
n03250847_81.JPEG	30	7	51	21
n03250847_82.JPEG	8	2	13	55
n03250847_83.JPEG	14	0	42	39
n03250847_84.JPEG	0	41	0	58
n03250847_85.JPEG	12	36	45	55
n03250847_86.JPEG	54	0	60	30
n03250847_87.JPEG	19	12	45	30
n03250847_88.JPEG	21	30	39	46
n03250847_89.JPEG	0	22	63	60
n03250847_90.JPEG	23	40	63	59
n03250847_91.JPEG	30	16	38	51
n03250847_92.JPEG	0	23	63	36
n03250847_93.JPEG	38	33	63	63
n03250847_94.JPEG	30	1	60	42
n03250847_95.JPEG	28	7	31	30
n03250847_96.JPEG	30	37	52	51
n03250847_97.JPEG	23	0	27	14
n03250847_98.JPEG	0	28	63	63
n03250847_99.JPEG	20	12	32	20
n03250847_100.JPEG	26	6	39	63
n03250847_101.JPEG	21	14	30	63
n03250847_102.JPEG	0	16	42	28
n03250847_103.JPEG	23	14	63	36
n03250847_104.JPEG	17	20	39	51
n03250847_105.JPEG	0	31	48	53
n03250847_106.JPEG	15	47	28	51
n03250847_107.JPEG	0	17	56	44
n03250847_108.JPEG	44	3	63	24
n03250847_109.JPEG	0	5	63	41
n03250847_110.JPEG	38	19	63	25
n03250847_111.JPEG	0	13	26	52
n03250847_112.JPEG	0	20	63	53
n03250847_113.JPEG	24	53	47	63
n03250847_114.JPEG	4	36	37	63
n03250847_115.JPEG	0	11	63	43
n03250847_116.JPEG	1	0	27	36
n03250847_117.JPEG	12	5	63	60
n03250847_118.JPEG	5	9	63	41
n03250847_119.JPEG	6	1	63	63
n03250847_120.JPEG	0	3	63	40
n03250847_121.JPEG	35	50	57	63
n03250847_122.JPEG	0	34	55	40
n03250847_123.JPEG	18	36	61	42
n03250847_124.JPEG	0	13	54	44
n03250847_125.JPEG	0	26	63	33
n03250847_126.JPEG	31	54	38	60
n03250847_127.JPEG	11	0	57	29
n03250847_128.JPEG	1	38	63	63
n03250847_129.JPEG	22	45	43	56
n03250847_130.JPEG	4	2	27	34
n03250847_131.JPEG	20	0	29	9
n03250847_132.JPEG	28	30	33	59
n03250847_133.JPEG	33	33	63	57
n03250847_134.JPEG	0	0	63	63
n03250847_135.JPEG	0	20	40	49
n03250847_136.JPEG	0	4	63	52
n03250847_137.JPEG	0	21	63	31
n03250847_138.JPEG	0	30	54	63
n03250847_139.JPEG	0	27	63	35
n03250847_140.JPEG	17	3	47	57
n03250847_141.JPEG	28	26	41	36
n03250847_142.JPEG	30	52	54	55
n03250847_143.JPEG	13	12	32	63
n03250847_144.JPEG	0	1	54	37
n03250847_145.JPEG	0	1	63	39
n03250847_146.JPEG	0	1	57	63
n03250847_147.JPEG	0	48	63	52
n03250847_148.JPEG	0	3	63	13
n03250847_149.JPEG	0	7	63	50
n03250847_150.JPEG	0	2	20	50
n03250847_151.JPEG	33	63	50	63
n03250847_152.JPEG	0	21	63	45
n03250847_153.JPEG	0	1	63	60
n03250847_154.JPEG	14	31	37	42
n03250847_155.JPEG	10	19	45	63
n03250847_156.JPEG	0	37	39	56
n03250847_157.JPEG	15	28	63	53
n03250847_158.JPEG	1	32	36	36
n03250847_159.JPEG	0	22	63	37
n03250847_160.JPEG	33	4	63	56
n03250847_161.JPEG	0	27	45	60
n03250847_162.JPEG	34	30	40	59
n03250847_163.JPEG	13	46	33	63
n03250847_164.JPEG	25	11	52	63
n03250847_165.JPEG	2	21	63	59
n03250847_166.JPEG	11	0	30	63
n03250847_167.JPEG	8	8	22	29
n03250847_168.JPEG	28	7	38	63
n03250847_169.JPEG	28	0	63	39
n03250847_170.JPEG	43	8	63	61
n03250847_171.JPEG	0	0	51	19
n03250847_172.JPEG	40	7	63	16
n03250847_173.JPEG	41	6	63	63
n03250847_174.JPEG	0	6	63	48
n03250847_175.JPEG	21	5	36	24
n03250847_176.JPEG	43	33	56	46
n03250847_177.JPEG	24	0	37	63
n03250847_178.JPEG	16	0	25	63
n03250847_179.JPEG	12	42	18	57
n03250847_180.JPEG	32	36	39	39
n03250847_181.JPEG	39	4	63	19
n03250847_182.JPEG	0	35	63	43
n03250847_183.JPEG	30	5	63	20
n03250847_184.JPEG	13	0	26	39
n03250847_185.JPEG	16	60	25	63
n03250847_186.JPEG	63	41	63	61
n03250847_187.JPEG	25	11	63	63
n03250847_188.JPEG	9	0	19	63
n03250847_189.JPEG	18	26	27	34
n03250847_190.JPEG	0	13	63	63
n03250847_191.JPEG	21	51	23	62
n03250847_192.JPEG	11	40	44	56
n03250847_193.JPEG	53	44	63	46
n03250847_194.JPEG	1	8	46	44
n03250847_195.JPEG	4	19	63	45
n03250847_196.JPEG	28	16	53	52
n03250847_197.JPEG	26	20	63	55
n03250847_198.JPEG	22	19	50	25
n03250847_199.JPEG	28	19	31	36
n03250847_200.JPEG	0	21	32	30
n03250847_201.JPEG	0	14	20	49
n03250847_202.JPEG	0	22	43	51
n03250847_203.JPEG	11	3	34	63
n03250847_204.JPEG	23	33	39	49
n03250847_205.JPEG	50	19	55	50
n03250847_206.JPEG	20	5	24	28
n03250847_207.JPEG	25	5	31	17
n03250847_208.JPEG	0	12	57	49
n03250847_209.JPEG	8	63	63	63
n03250847_210.JPEG	0	1	63	22
n03250847_211.JPEG	35	13	63	38
n03250847_212.JPEG	12	3	32	57
n03250847_213.JPEG	0	37	63	42
n03250847_214.JPEG	31	2	41	15
n03250847_215.JPEG	1	0	63	63
n03250847_216.JPEG	23	0	54	39
n03250847_217.JPEG	0	3	63	60
n03250847_218.JPEG	0	21	63	60
n03250847_219.JPEG	3	0	28	63
n03250847_220.JPEG	9	16	59	41
n03250847_221.JPEG	12	0	63	50
n03250847_222.JPEG	46	34	59	63
n03250847_223.JPEG	39	5	56	14
n03250847_224.JPEG	0	27	63	36
n03250847_225.JPEG	18	26	63	32
n03250847_226.JPEG	34	9	42	32
n03250847_227.JPEG	58	0	63	59
n03250847_228.JPEG	12	25	45	43
n03250847_229.JPEG	9	20	61	62
n03250847_230.JPEG	10	10	57	63
n03250847_231.JPEG	0	29	29	38
n03250847_232.JPEG	0	8	42	39
n03250847_233.JPEG	9	14	32	37
n03250847_234.JPEG	28	0	47	63
n03250847_235.JPEG	0	10	34	35
n03250847_236.JPEG	0	24	63	51
n03250847_237.JPEG	0	4	63	62
n03250847_238.JPEG	13	18	21	41
n03250847_239.JPEG	2	39	55	61
n03250847_240.JPEG	0	30	63	39
n03250847_241.JPEG	0	1	63	63
n03250847_242.JPEG	30	17	44	41
n03250847_243.JPEG	11	2	36	44
n03250847_244.JPEG	33	0	56	63
n03250847_245.JPEG	0	16	63	53
n03250847_246.JPEG	1	30	63	44
n03250847_247.JPEG	7	0	18	20
n03250847_248.JPEG	0	14	58	54
n03250847_249.JPEG	13	15	20	36
n03250847_250.JPEG	34	34	48	39
n03250847_251.JPEG	12	11	50	63
n03250847_252.JPEG	0	21	63	41
n03250847_253.JPEG	0	0	45	63
n03250847_254.JPEG	0	8	63	43
n03250847_255.JPEG	1	37	63	54
n03250847_256.JPEG	27	18	53	44
n03250847_257.JPEG	23	15	25	30
n03250847_258.JPEG	0	1	63	46
n03250847_259.JPEG	4	10	63	56
n03250847_260.JPEG	6	18	63	38
n03250847_261.JPEG	0	23	63	48
n03250847_262.JPEG	0	29	63	33
n03250847_263.JPEG	25	46	52	53
n03250847_264.JPEG	43	11	47	18
n03250847_265.JPEG	0	33	0	59
n03250847_266.JPEG	42	32	55	45
n03250847_267.JPEG	27	0	40	63
n03250847_268.JPEG	19	54	39	63
n03250847_269.JPEG	0	29	49	52
n03250847_270.JPEG	0	34	63	38
n03250847_271.JPEG	0	21	63	34
n03250847_272.JPEG	0	31	57	38
n03250847_273.JPEG	60	1	63	63
n03250847_274.JPEG	0	46	63	60
n03250847_275.JPEG	0	5	63	63
n03250847_276.JPEG	39	5	62	56
n03250847_277.JPEG	0	10	63	42
n03250847_278.JPEG	46	29	63	45
n03250847_279.JPEG	0	20	43	24
n03250847_280.JPEG	63	28	63	48
n03250847_281.JPEG	0	4	63	63
n03250847_282.JPEG	1	0	63	63
n03250847_283.JPEG	19	7	22	41
n03250847_284.JPEG	0	5	63	54
n03250847_285.JPEG	42	20	61	63
n03250847_286.JPEG	0	2	63	48
n03250847_287.JPEG	6	3	44	63
n03250847_288.JPEG	18	11	26	56
n03250847_289.JPEG	0	6	63	40
n03250847_290.JPEG	0	22	63	49
n03250847_291.JPEG	0	28	40	59
n03250847_292.JPEG	23	17	25	30
n03250847_293.JPEG	18	32	46	63
n03250847_294.JPEG	0	12	63	20
n03250847_295.JPEG	22	10	63	63
n03250847_296.JPEG	0	15	63	34
n03250847_297.JPEG	4	15	63	24
n03250847_298.JPEG	0	0	56	44
n03250847_299.JPEG	0	31	63	43
n03250847_300.JPEG	0	8	17	44
n03250847_301.JPEG	31	30	34	52
n03250847_302.JPEG	0	24	63	55
n03250847_303.JPEG	0	9	63	13
n03250847_304.JPEG	25	52	63	56
n03250847_305.JPEG	23	5	25	48
n03250847_306.JPEG	0	34	63	39
n03250847_307.JPEG	31	7	45	27
n03250847_308.JPEG	16	12	44	31
n03250847_309.JPEG	6	0	14	40
n03250847_310.JPEG	0	14	63	30
n03250847_311.JPEG	2	30	63	40
n03250847_312.JPEG	29	11	63	39
n03250847_313.JPEG	0	27	49	44
n03250847_314.JPEG	0	2	63	62
n03250847_315.JPEG	42	21	48	43
n03250847_316.JPEG	37	34	51	63
n03250847_317.JPEG	24	54	40	63
n03250847_318.JPEG	28	7	63	41
n03250847_319.JPEG	3	0	63	10
n03250847_320.JPEG	0	9	62	45
n03250847_321.JPEG	15	15	39	36
n03250847_322.JPEG	42	19	49	63
n03250847_323.JPEG	15	0	48	32
n03250847_324.JPEG	32	0	56	63
n03250847_325.JPEG	2	33	53	35
n03250847_326.JPEG	14	28	23	36
n03250847_327.JPEG	0	25	63	30
n03250847_328.JPEG	2	40	25	49
n03250847_329.JPEG	12	11	61	63
n03250847_330.JPEG	22	26	29	30
n03250847_331.JPEG	0	17	45	41
n03250847_332.JPEG	22	39	63	46
n03250847_333.JPEG	43	34	58	40
n03250847_334.JPEG	13	13	43	44
n03250847_335.JPEG	0	5	50	38
n03250847_336.JPEG	22	31	35	59
n03250847_337.JPEG	34	23	40	56
n03250847_338.JPEG	10	0	55	63
n03250847_339.JPEG	22	13	29	42
n03250847_340.JPEG	23	13	35	30
n03250847_341.JPEG	12	0	52	11
n03250847_342.JPEG	0	5	63	52
n03250847_343.JPEG	17	33	45	63
n03250847_344.JPEG	63	19	63	28
n03250847_345.JPEG	0	18	63	35
n03250847_346.JPEG	26	0	54	63
n03250847_347.JPEG	3	47	8	62
n03250847_348.JPEG	5	25	63	37
n03250847_349.JPEG	2	47	12	63
n03250847_350.JPEG	19	38	63	42
n03250847_351.JPEG	44	19	53	41
n03250847_352.JPEG	0	1	63	63
n03250847_353.JPEG	0	2	63	63
n03250847_354.JPEG	0	19	60	47
n03250847_355.JPEG	16	18	45	54
n03250847_356.JPEG	0	26	63	38
n03250847_357.JPEG	0	30	29	39
n03250847_358.JPEG	0	1	63	34
n03250847_359.JPEG	14	37	63	44
n03250847_360.JPEG	29	2	60	46
n03250847_361.JPEG	6	14	57	39
n03250847_362.JPEG	2	0	45	63
n03250847_363.JPEG	0	14	54	34
n03250847_364.JPEG	22	27	33	34
n03250847_365.JPEG	0	1	63	63
n03250847_366.JPEG	5	0	53	46
n03250847_367.JPEG	36	28	44	32
n03250847_368.JPEG	3	18	29	59
n03250847_369.JPEG	25	0	36	63
n03250847_370.JPEG	17	8	63	40
n03250847_371.JPEG	28	41	37	45
n03250847_372.JPEG	28	22	37	33
n03250847_373.JPEG	0	40	63	46
n03250847_374.JPEG	38	35	53	38
n03250847_375.JPEG	1	2	26	63
n03250847_376.JPEG	29	27	50	62
n03250847_377.JPEG	55	20	57	35
n03250847_378.JPEG	0	1	63	63
n03250847_379.JPEG	0	0	61	29
n03250847_380.JPEG	0	25	63	46
n03250847_381.JPEG	14	23	47	61
n03250847_382.JPEG	16	0	38	63
n03250847_383.JPEG	13	24	44	55
n03250847_384.JPEG	0	7	63	61
n03250847_385.JPEG	32	1	54	20
n03250847_386.JPEG	3	17	63	23
n03250847_387.JPEG	28	4	41	52
n03250847_388.JPEG	7	4	63	63
n03250847_389.JPEG	25	9	63	25
n03250847_390.JPEG	1	14	21	63
n03250847_391.JPEG	30	23	34	49
n03250847_392.JPEG	6	15	19	30
n03250847_393.JPEG	0	42	63	53
n03250847_394.JPEG	7	15	12	44
n03250847_395.JPEG	33	12	52	63
n03250847_396.JPEG	0	30	21	51
n03250847_397.JPEG	26	1	50	39
n03250847_398.JPEG	17	33	56	51
n03250847_399.JPEG	29	45	54	63
n03250847_400.JPEG	0	8	63	59
n03250847_401.JPEG	34	31	63	46
n03250847_402.JPEG	1	11	12	18
n03250847_403.JPEG	0	24	44	32
n03250847_404.JPEG	5	0	58	24
n03250847_405.JPEG	0	35	63	55
n03250847_406.JPEG	0	11	63	53
n03250847_407.JPEG	28	17	41	63
n03250847_408.JPEG	0	61	20	63
n03250847_409.JPEG	0	6	63	63
n03250847_410.JPEG	0	26	26	56
n03250847_411.JPEG	31	23	62	34
n03250847_412.JPEG	0	53	14	61
n03250847_413.JPEG	0	15	63	41
n03250847_414.JPEG	0	6	49	53
n03250847_415.JPEG	0	20	63	54
n03250847_416.JPEG	41	40	63	62
n03250847_417.JPEG	23	24	40	32
n03250847_418.JPEG	0	28	10	43
n03250847_419.JPEG	2	2	29	46
n03250847_420.JPEG	17	16	56	40
n03250847_421.JPEG	59	1	63	63
n03250847_422.JPEG	15	12	30	48
n03250847_423.JPEG	42	30	58	44
n03250847_424.JPEG	39	6	63	20
n03250847_425.JPEG	0	22	63	34
n03250847_426.JPEG	0	32	0	41
n03250847_427.JPEG	0	37	45	63
n03250847_428.JPEG	18	24	25	33
n03250847_429.JPEG	6	9	54	52
n03250847_430.JPEG	0	15	63	63
n03250847_431.JPEG	34	25	38	63
n03250847_432.JPEG	29	9	41	35
n03250847_433.JPEG	32	9	37	31
n03250847_434.JPEG	0	25	63	42
n03250847_435.JPEG	33	26	41	36
n03250847_436.JPEG	0	26	63	48
n03250847_437.JPEG	15	21	41	63
n03250847_438.JPEG	0	23	63	63
n03250847_439.JPEG	38	43	53	56
n03250847_440.JPEG	32	26	52	63
n03250847_441.JPEG	36	6	50	44
n03250847_442.JPEG	0	5	63	56
n03250847_443.JPEG	0	25	28	43
n03250847_444.JPEG	24	22	42	45
n03250847_445.JPEG	30	25	43	37
n03250847_446.JPEG	7	0	50	20
n03250847_447.JPEG	30	23	41	63
n03250847_448.JPEG	14	11	51	63
n03250847_449.JPEG	44	44	50	63
n03250847_450.JPEG	17	29	43	52
n03250847_451.JPEG	16	29	36	48
n03250847_452.JPEG	3	2	58	22
n03250847_453.JPEG	0	10	8	63
n03250847_454.JPEG	0	0	63	12
n03250847_455.JPEG	0	34	27	43
n03250847_456.JPEG	27	0	41	51
n03250847_457.JPEG	27	52	63	59
n03250847_458.JPEG	0	3	63	24
n03250847_459.JPEG	14	13	52	29
n03250847_460.JPEG	0	38	50	41
n03250847_461.JPEG	42	11	43	26
n03250847_462.JPEG	42	49	63	54
n03250847_463.JPEG	7	43	63	49
n03250847_464.JPEG	0	36	63	58
n03250847_465.JPEG	1	0	20	28
n03250847_466.JPEG	24	29	32	34
n03250847_467.JPEG	7	28	60	62
n03250847_468.JPEG	12	7	32	25
n03250847_469.JPEG	0	0	35	39
n03250847_470.JPEG	0	29	63	39
n03250847_471.JPEG	47	19	55	46
n03250847_472.JPEG	30	0	41	63
n03250847_473.JPEG	19	32	23	34
n03250847_474.JPEG	33	47	43	63
n03250847_475.JPEG	7	0	63	63
n03250847_476.JPEG	50	7	56	36
n03250847_477.JPEG	22	22	27	37
n03250847_478.JPEG	19	7	35	18
n03250847_479.JPEG	33	51	48	55
n03250847_480.JPEG	0	0	38	58
n03250847_481.JPEG	4	1	63	30
n03250847_482.JPEG	14	6	20	23
n03250847_483.JPEG	20	3	52	18
n03250847_484.JPEG	0	27	63	50
n03250847_485.JPEG	1	0	34	63
n03250847_486.JPEG	0	7	63	34
n03250847_487.JPEG	29	17	36	34
n03250847_488.JPEG	1	9	63	63
n03250847_489.JPEG	23	25	63	38
n03250847_490.JPEG	8	8	49	44
n03250847_491.JPEG	0	9	63	59
n03250847_492.JPEG	25	1	31	21
n03250847_493.JPEG	0	18	63	47
n03250847_494.JPEG	13	14	50	49
n03250847_495.JPEG	38	6	56	39
n03250847_496.JPEG	0	11	63	50
n03250847_497.JPEG	17	6	26	63
n03250847_498.JPEG	37	0	63	63
n03250847_499.JPEG	40	19	55	31
