n07753592_0.JPEG	0	8	63	63
n07753592_1.JPEG	2	30	56	60
n07753592_2.JPEG	0	20	63	63
n07753592_3.JPEG	0	7	59	60
n07753592_4.JPEG	30	28	35	33
n07753592_5.JPEG	0	16	63	56
n07753592_6.JPEG	0	8	63	54
n07753592_7.JPEG	4	2	61	40
n07753592_8.JPEG	17	37	56	59
n07753592_9.JPEG	16	17	34	63
n07753592_10.JPEG	0	17	63	63
n07753592_11.JPEG	21	0	51	47
n07753592_12.JPEG	0	0	45	54
n07753592_13.JPEG	1	15	44	63
n07753592_14.JPEG	27	17	63	47
n07753592_15.JPEG	0	0	63	63
n07753592_16.JPEG	4	15	50	35
n07753592_17.JPEG	26	19	34	29
n07753592_18.JPEG	0	1	63	63
n07753592_19.JPEG	0	7	63	61
n07753592_20.JPEG	18	1	63	47
n07753592_21.JPEG	16	1	42	63
n07753592_22.JPEG	3	0	63	63
n07753592_23.JPEG	16	10	40	48
n07753592_24.JPEG	13	16	34	60
n07753592_25.JPEG	34	36	54	51
n07753592_26.JPEG	0	0	12	34
n07753592_27.JPEG	4	1	43	63
n07753592_28.JPEG	0	5	63	63
n07753592_29.JPEG	0	8	63	56
n07753592_30.JPEG	0	20	63	63
n07753592_31.JPEG	0	9	63	54
n07753592_32.JPEG	0	0	63	63
n07753592_33.JPEG	18	28	57	63
n07753592_34.JPEG	0	0	63	63
n07753592_35.JPEG	15	17	42	35
n07753592_36.JPEG	6	0	63	47
n07753592_37.JPEG	0	10	61	58
n07753592_38.JPEG	0	12	63	63
n07753592_39.JPEG	2	0	63	46
n07753592_40.JPEG	0	9	63	60
n07753592_41.JPEG	11	0	45	56
n07753592_42.JPEG	20	0	56	62
n07753592_43.JPEG	13	0	63	34
n07753592_44.JPEG	5	34	51	51
n07753592_45.JPEG	0	32	23	53
n07753592_46.JPEG	0	32	52	59
n07753592_47.JPEG	1	16	38	63
n07753592_48.JPEG	14	0	27	21
n07753592_49.JPEG	22	0	51	46
n07753592_50.JPEG	33	0	60	63
n07753592_51.JPEG	28	8	54	54
n07753592_52.JPEG	0	2	63	56
n07753592_53.JPEG	6	13	63	55
n07753592_54.JPEG	27	6	59	63
n07753592_55.JPEG	36	37	46	58
n07753592_56.JPEG	16	30	39	63
n07753592_57.JPEG	42	13	63	53
n07753592_58.JPEG	13	14	49	63
n07753592_59.JPEG	1	0	63	63
n07753592_60.JPEG	24	17	58	63
n07753592_61.JPEG	46	0	63	52
n07753592_62.JPEG	7	0	50	63
n07753592_63.JPEG	0	9	10	62
n07753592_64.JPEG	0	12	63	46
n07753592_65.JPEG	0	28	63	60
n07753592_66.JPEG	1	47	23	62
n07753592_67.JPEG	23	2	63	28
n07753592_68.JPEG	55	1	63	36
n07753592_69.JPEG	13	39	62	62
n07753592_70.JPEG	0	10	63	61
n07753592_71.JPEG	2	29	56	51
n07753592_72.JPEG	42	31	63	63
n07753592_73.JPEG	30	6	34	14
n07753592_74.JPEG	5	0	63	63
n07753592_75.JPEG	14	7	58	59
n07753592_76.JPEG	0	3	59	63
n07753592_77.JPEG	0	12	59	63
n07753592_78.JPEG	0	1	63	60
n07753592_79.JPEG	30	16	43	41
n07753592_80.JPEG	13	45	33	63
n07753592_81.JPEG	63	24	63	63
n07753592_82.JPEG	21	25	63	48
n07753592_83.JPEG	0	0	63	23
n07753592_84.JPEG	0	1	63	63
n07753592_85.JPEG	12	0	63	48
n07753592_86.JPEG	0	19	63	63
n07753592_87.JPEG	35	16	63	56
n07753592_88.JPEG	0	5	63	47
n07753592_89.JPEG	1	7	41	37
n07753592_90.JPEG	0	1	63	55
n07753592_91.JPEG	0	32	63	59
n07753592_92.JPEG	0	0	63	48
n07753592_93.JPEG	0	20	34	63
n07753592_94.JPEG	0	9	63	63
n07753592_95.JPEG	13	7	32	34
n07753592_96.JPEG	1	0	58	61
n07753592_97.JPEG	30	0	62	21
n07753592_98.JPEG	19	5	60	38
n07753592_99.JPEG	5	15	63	54
n07753592_100.JPEG	12	7	57	63
n07753592_101.JPEG	0	5	40	63
n07753592_102.JPEG	0	4	63	46
n07753592_103.JPEG	7	3	52	21
n07753592_104.JPEG	6	24	14	28
n07753592_105.JPEG	11	0	55	50
n07753592_106.JPEG	36	29	63	54
n07753592_107.JPEG	0	0	63	63
n07753592_108.JPEG	0	2	63	46
n07753592_109.JPEG	29	37	63	52
n07753592_110.JPEG	5	11	52	55
n07753592_111.JPEG	38	22	63	63
n07753592_112.JPEG	3	6	13	44
n07753592_113.JPEG	0	26	63	63
n07753592_114.JPEG	40	34	50	47
n07753592_115.JPEG	0	0	63	63
n07753592_116.JPEG	0	0	63	63
n07753592_117.JPEG	0	5	63	57
n07753592_118.JPEG	0	0	63	63
n07753592_119.JPEG	0	18	63	59
n07753592_120.JPEG	33	21	58	63
n07753592_121.JPEG	0	5	28	40
n07753592_122.JPEG	20	7	60	63
n07753592_123.JPEG	0	0	52	44
n07753592_124.JPEG	9	5	51	26
n07753592_125.JPEG	0	1	63	53
n07753592_126.JPEG	15	0	45	63
n07753592_127.JPEG	11	14	21	25
n07753592_128.JPEG	0	0	29	55
n07753592_129.JPEG	34	0	63	63
n07753592_130.JPEG	26	0	63	32
n07753592_131.JPEG	4	0	59	63
n07753592_132.JPEG	3	3	47	59
n07753592_133.JPEG	20	4	63	59
n07753592_134.JPEG	26	3	49	61
n07753592_135.JPEG	0	35	63	63
n07753592_136.JPEG	22	4	63	63
n07753592_137.JPEG	0	26	63	63
n07753592_138.JPEG	4	0	61	63
n07753592_139.JPEG	1	8	63	53
n07753592_140.JPEG	0	4	37	37
n07753592_141.JPEG	2	3	63	61
n07753592_142.JPEG	26	45	34	52
n07753592_143.JPEG	23	43	26	51
n07753592_144.JPEG	2	8	63	63
n07753592_145.JPEG	0	2	63	63
n07753592_146.JPEG	1	5	57	63
n07753592_147.JPEG	9	17	42	58
n07753592_148.JPEG	0	15	63	63
n07753592_149.JPEG	17	8	62	49
n07753592_150.JPEG	2	2	63	37
n07753592_151.JPEG	0	8	21	63
n07753592_152.JPEG	0	0	61	57
n07753592_153.JPEG	51	4	63	27
n07753592_154.JPEG	12	39	54	60
n07753592_155.JPEG	0	14	49	63
n07753592_156.JPEG	5	1	63	56
n07753592_157.JPEG	0	1	41	48
n07753592_158.JPEG	27	21	54	63
n07753592_159.JPEG	45	19	62	61
n07753592_160.JPEG	0	10	63	61
n07753592_161.JPEG	0	10	63	53
n07753592_162.JPEG	0	3	23	23
n07753592_163.JPEG	0	14	17	62
n07753592_164.JPEG	0	10	23	36
n07753592_165.JPEG	0	8	36	55
n07753592_166.JPEG	43	0	55	45
n07753592_167.JPEG	0	9	63	56
n07753592_168.JPEG	12	22	57	54
n07753592_169.JPEG	0	7	63	54
n07753592_170.JPEG	38	41	45	47
n07753592_171.JPEG	0	0	63	63
n07753592_172.JPEG	41	33	45	40
n07753592_173.JPEG	0	1	63	63
n07753592_174.JPEG	0	3	63	62
n07753592_175.JPEG	15	9	33	38
n07753592_176.JPEG	24	0	63	38
n07753592_177.JPEG	7	13	63	50
n07753592_178.JPEG	19	19	44	63
n07753592_179.JPEG	44	0	63	63
n07753592_180.JPEG	45	23	63	63
n07753592_181.JPEG	0	6	63	63
n07753592_182.JPEG	0	6	63	63
n07753592_183.JPEG	0	29	50	63
n07753592_184.JPEG	36	1	56	36
n07753592_185.JPEG	35	21	63	58
n07753592_186.JPEG	16	0	49	63
n07753592_187.JPEG	13	26	46	42
n07753592_188.JPEG	0	6	63	61
n07753592_189.JPEG	22	51	28	58
n07753592_190.JPEG	0	0	63	63
n07753592_191.JPEG	0	30	57	59
n07753592_192.JPEG	15	3	63	39
n07753592_193.JPEG	14	0	18	9
n07753592_194.JPEG	0	3	63	60
n07753592_195.JPEG	0	0	63	51
n07753592_196.JPEG	44	15	63	37
n07753592_197.JPEG	7	0	60	63
n07753592_198.JPEG	13	17	63	62
n07753592_199.JPEG	0	18	63	46
n07753592_200.JPEG	0	0	63	25
n07753592_201.JPEG	7	0	49	63
n07753592_202.JPEG	8	25	55	47
n07753592_203.JPEG	0	0	63	63
n07753592_204.JPEG	0	1	25	63
n07753592_205.JPEG	0	1	63	63
n07753592_206.JPEG	17	0	48	63
n07753592_207.JPEG	0	30	23	63
n07753592_208.JPEG	18	32	56	46
n07753592_209.JPEG	0	0	63	61
n07753592_210.JPEG	29	24	52	52
n07753592_211.JPEG	9	4	63	63
n07753592_212.JPEG	0	10	63	57
n07753592_213.JPEG	0	24	53	63
n07753592_214.JPEG	7	20	58	56
n07753592_215.JPEG	1	0	63	63
n07753592_216.JPEG	0	0	63	63
n07753592_217.JPEG	0	0	41	63
n07753592_218.JPEG	9	2	63	56
n07753592_219.JPEG	12	42	47	60
n07753592_220.JPEG	11	27	63	63
n07753592_221.JPEG	0	0	63	63
n07753592_222.JPEG	9	1	63	36
n07753592_223.JPEG	35	20	63	63
n07753592_224.JPEG	15	25	63	61
n07753592_225.JPEG	14	15	63	63
n07753592_226.JPEG	0	0	28	63
n07753592_227.JPEG	16	3	43	60
n07753592_228.JPEG	36	48	57	61
n07753592_229.JPEG	3	16	63	44
n07753592_230.JPEG	8	8	60	41
n07753592_231.JPEG	5	2	60	33
n07753592_232.JPEG	0	6	47	54
n07753592_233.JPEG	15	5	35	36
n07753592_234.JPEG	0	4	61	60
n07753592_235.JPEG	22	15	61	62
n07753592_236.JPEG	24	0	28	6
n07753592_237.JPEG	26	18	63	58
n07753592_238.JPEG	4	9	19	56
n07753592_239.JPEG	0	22	29	35
n07753592_240.JPEG	22	11	47	31
n07753592_241.JPEG	0	0	36	63
n07753592_242.JPEG	0	10	63	43
n07753592_243.JPEG	35	37	50	51
n07753592_244.JPEG	2	8	33	63
n07753592_245.JPEG	25	35	63	61
n07753592_246.JPEG	5	0	62	63
n07753592_247.JPEG	12	17	63	31
n07753592_248.JPEG	3	0	63	28
n07753592_249.JPEG	4	14	58	50
n07753592_250.JPEG	0	3	63	59
n07753592_251.JPEG	0	0	63	63
n07753592_252.JPEG	1	0	59	63
n07753592_253.JPEG	13	0	37	30
n07753592_254.JPEG	28	0	58	0
n07753592_255.JPEG	3	2	62	59
n07753592_256.JPEG	0	10	63	60
n07753592_257.JPEG	0	18	63	46
n07753592_258.JPEG	6	17	28	36
n07753592_259.JPEG	20	9	57	57
n07753592_260.JPEG	13	15	54	44
n07753592_261.JPEG	0	6	26	25
n07753592_262.JPEG	22	26	41	44
n07753592_263.JPEG	0	40	55	60
n07753592_264.JPEG	0	1	63	48
n07753592_265.JPEG	46	18	63	60
n07753592_266.JPEG	15	7	63	63
n07753592_267.JPEG	41	1	63	63
n07753592_268.JPEG	0	8	63	53
n07753592_269.JPEG	0	5	63	60
n07753592_270.JPEG	0	8	14	52
n07753592_271.JPEG	0	15	63	52
n07753592_272.JPEG	32	15	53	63
n07753592_273.JPEG	2	0	32	63
n07753592_274.JPEG	29	0	62	63
n07753592_275.JPEG	0	9	43	58
n07753592_276.JPEG	0	1	63	63
n07753592_277.JPEG	0	27	63	63
n07753592_278.JPEG	43	2	53	38
n07753592_279.JPEG	5	0	61	63
n07753592_280.JPEG	17	37	48	51
n07753592_281.JPEG	0	7	63	52
n07753592_282.JPEG	29	0	48	55
n07753592_283.JPEG	0	5	63	58
n07753592_284.JPEG	32	0	53	49
n07753592_285.JPEG	14	10	57	62
n07753592_286.JPEG	44	1	63	29
n07753592_287.JPEG	48	22	63	41
n07753592_288.JPEG	0	0	63	63
n07753592_289.JPEG	2	0	60	61
n07753592_290.JPEG	0	0	63	63
n07753592_291.JPEG	6	23	62	53
n07753592_292.JPEG	53	1	63	42
n07753592_293.JPEG	63	33	63	39
n07753592_294.JPEG	0	1	63	63
n07753592_295.JPEG	5	0	63	63
n07753592_296.JPEG	11	10	51	25
n07753592_297.JPEG	0	19	63	47
n07753592_298.JPEG	25	5	62	52
n07753592_299.JPEG	2	0	63	63
n07753592_300.JPEG	0	8	32	54
n07753592_301.JPEG	0	6	21	27
n07753592_302.JPEG	21	0	61	37
n07753592_303.JPEG	24	2	26	11
n07753592_304.JPEG	0	11	49	63
n07753592_305.JPEG	9	13	59	63
n07753592_306.JPEG	13	8	62	26
n07753592_307.JPEG	0	8	12	23
n07753592_308.JPEG	8	0	41	63
n07753592_309.JPEG	25	0	63	63
n07753592_310.JPEG	0	0	54	26
n07753592_311.JPEG	29	9	50	51
n07753592_312.JPEG	0	1	63	44
n07753592_313.JPEG	0	0	63	44
n07753592_314.JPEG	1	0	63	63
n07753592_315.JPEG	7	5	50	48
n07753592_316.JPEG	25	12	42	55
n07753592_317.JPEG	7	9	31	31
n07753592_318.JPEG	0	0	63	37
n07753592_319.JPEG	0	14	36	63
n07753592_320.JPEG	6	1	63	42
n07753592_321.JPEG	4	16	57	47
n07753592_322.JPEG	0	1	63	59
n07753592_323.JPEG	9	39	53	63
n07753592_324.JPEG	43	5	56	53
n07753592_325.JPEG	19	0	46	63
n07753592_326.JPEG	24	7	57	61
n07753592_327.JPEG	33	25	61	63
n07753592_328.JPEG	34	7	60	41
n07753592_329.JPEG	0	7	63	49
n07753592_330.JPEG	0	0	15	17
n07753592_331.JPEG	30	32	35	51
n07753592_332.JPEG	41	0	63	63
n07753592_333.JPEG	31	0	53	61
n07753592_334.JPEG	0	1	62	21
n07753592_335.JPEG	0	3	63	62
n07753592_336.JPEG	13	39	63	63
n07753592_337.JPEG	0	19	42	53
n07753592_338.JPEG	48	12	61	55
n07753592_339.JPEG	0	13	56	61
n07753592_340.JPEG	19	5	35	30
n07753592_341.JPEG	33	40	51	63
n07753592_342.JPEG	8	22	38	44
n07753592_343.JPEG	0	11	63	63
n07753592_344.JPEG	8	0	41	57
n07753592_345.JPEG	37	36	52	63
n07753592_346.JPEG	13	9	63	58
n07753592_347.JPEG	0	39	63	63
n07753592_348.JPEG	5	9	42	55
n07753592_349.JPEG	7	3	16	23
n07753592_350.JPEG	0	3	63	42
n07753592_351.JPEG	0	0	63	63
n07753592_352.JPEG	1	0	55	53
n07753592_353.JPEG	0	13	63	54
n07753592_354.JPEG	4	11	24	58
n07753592_355.JPEG	1	0	63	63
n07753592_356.JPEG	12	1	32	19
n07753592_357.JPEG	30	18	61	48
n07753592_358.JPEG	0	7	58	36
n07753592_359.JPEG	53	29	63	63
n07753592_360.JPEG	0	0	30	50
n07753592_361.JPEG	10	13	44	51
n07753592_362.JPEG	2	21	46	56
n07753592_363.JPEG	0	0	63	55
n07753592_364.JPEG	6	0	63	63
n07753592_365.JPEG	15	4	63	35
n07753592_366.JPEG	2	34	27	39
n07753592_367.JPEG	0	0	63	63
n07753592_368.JPEG	30	15	44	55
n07753592_369.JPEG	30	1	63	26
n07753592_370.JPEG	8	16	63	54
n07753592_371.JPEG	0	17	63	45
n07753592_372.JPEG	51	37	62	63
n07753592_373.JPEG	16	0	42	23
n07753592_374.JPEG	0	11	63	47
n07753592_375.JPEG	53	31	63	63
n07753592_376.JPEG	41	10	63	53
n07753592_377.JPEG	61	15	63	44
n07753592_378.JPEG	0	19	63	57
n07753592_379.JPEG	28	49	37	63
n07753592_380.JPEG	0	17	63	63
n07753592_381.JPEG	0	5	63	63
n07753592_382.JPEG	4	38	61	63
n07753592_383.JPEG	0	0	49	17
n07753592_384.JPEG	0	0	63	45
n07753592_385.JPEG	2	17	60	48
n07753592_386.JPEG	0	0	43	41
n07753592_387.JPEG	5	41	56	63
n07753592_388.JPEG	33	0	61	34
n07753592_389.JPEG	54	22	63	63
n07753592_390.JPEG	0	6	63	61
n07753592_391.JPEG	2	0	63	63
n07753592_392.JPEG	0	0	63	63
n07753592_393.JPEG	0	0	60	27
n07753592_394.JPEG	25	0	63	63
n07753592_395.JPEG	40	0	55	58
n07753592_396.JPEG	6	0	62	63
n07753592_397.JPEG	5	6	57	63
n07753592_398.JPEG	0	11	49	57
n07753592_399.JPEG	13	6	62	16
n07753592_400.JPEG	0	13	63	59
n07753592_401.JPEG	0	0	49	32
n07753592_402.JPEG	0	8	63	56
n07753592_403.JPEG	25	0	39	63
n07753592_404.JPEG	44	30	63	61
n07753592_405.JPEG	0	0	63	53
n07753592_406.JPEG	0	1	63	63
n07753592_407.JPEG	0	9	63	55
n07753592_408.JPEG	3	29	38	47
n07753592_409.JPEG	0	0	26	35
n07753592_410.JPEG	16	0	54	61
n07753592_411.JPEG	2	0	63	63
n07753592_412.JPEG	1	20	63	45
n07753592_413.JPEG	13	0	20	4
n07753592_414.JPEG	6	3	49	63
n07753592_415.JPEG	0	8	20	19
n07753592_416.JPEG	0	0	62	44
n07753592_417.JPEG	1	22	49	53
n07753592_418.JPEG	0	34	47	60
n07753592_419.JPEG	7	10	25	59
n07753592_420.JPEG	42	31	63	63
n07753592_421.JPEG	23	8	46	46
n07753592_422.JPEG	12	0	33	63
n07753592_423.JPEG	0	33	10	53
n07753592_424.JPEG	0	1	63	39
n07753592_425.JPEG	0	32	49	63
n07753592_426.JPEG	0	0	56	44
n07753592_427.JPEG	0	0	63	63
n07753592_428.JPEG	0	4	63	60
n07753592_429.JPEG	9	1	49	51
n07753592_430.JPEG	0	8	0	22
n07753592_431.JPEG	0	18	63	61
n07753592_432.JPEG	42	12	49	39
n07753592_433.JPEG	31	57	37	63
n07753592_434.JPEG	0	21	61	63
n07753592_435.JPEG	0	3	28	63
n07753592_436.JPEG	0	26	49	63
n07753592_437.JPEG	0	14	63	34
n07753592_438.JPEG	43	17	60	57
n07753592_439.JPEG	9	6	63	33
n07753592_440.JPEG	0	0	4	17
n07753592_441.JPEG	18	33	63	63
n07753592_442.JPEG	11	12	47	63
n07753592_443.JPEG	0	0	60	63
n07753592_444.JPEG	3	0	62	63
n07753592_445.JPEG	3	21	63	63
n07753592_446.JPEG	21	13	48	36
n07753592_447.JPEG	35	10	38	15
n07753592_448.JPEG	25	9	54	18
n07753592_449.JPEG	0	16	16	33
n07753592_450.JPEG	0	14	63	60
n07753592_451.JPEG	16	19	48	46
n07753592_452.JPEG	19	3	63	61
n07753592_453.JPEG	2	16	63	62
n07753592_454.JPEG	18	31	63	63
n07753592_455.JPEG	0	12	21	62
n07753592_456.JPEG	26	34	63	59
n07753592_457.JPEG	5	4	53	53
n07753592_458.JPEG	34	9	53	39
n07753592_459.JPEG	15	33	57	53
n07753592_460.JPEG	0	17	63	46
n07753592_461.JPEG	0	0	63	63
n07753592_462.JPEG	26	25	61	54
n07753592_463.JPEG	21	11	63	53
n07753592_464.JPEG	12	21	63	47
n07753592_465.JPEG	0	0	63	63
n07753592_466.JPEG	0	0	63	63
n07753592_467.JPEG	1	35	48	53
n07753592_468.JPEG	44	15	63	55
n07753592_469.JPEG	11	8	41	57
n07753592_470.JPEG	15	39	54	56
n07753592_471.JPEG	0	4	63	54
n07753592_472.JPEG	0	10	61	59
n07753592_473.JPEG	45	11	60	32
n07753592_474.JPEG	15	22	61	38
n07753592_475.JPEG	0	2	16	49
n07753592_476.JPEG	2	2	63	63
n07753592_477.JPEG	50	0	54	0
n07753592_478.JPEG	30	6	38	34
n07753592_479.JPEG	0	18	61	47
n07753592_480.JPEG	29	0	63	55
n07753592_481.JPEG	1	0	63	31
n07753592_482.JPEG	12	1	63	47
n07753592_483.JPEG	46	22	63	63
n07753592_484.JPEG	43	16	63	42
n07753592_485.JPEG	6	20	58	57
n07753592_486.JPEG	0	3	55	60
n07753592_487.JPEG	53	11	63	21
n07753592_488.JPEG	0	18	46	63
n07753592_489.JPEG	24	47	63	63
n07753592_490.JPEG	48	0	63	61
n07753592_491.JPEG	0	0	63	62
n07753592_492.JPEG	11	16	25	38
n07753592_493.JPEG	0	1	63	56
n07753592_494.JPEG	0	0	18	36
n07753592_495.JPEG	0	0	63	25
n07753592_496.JPEG	9	1	63	63
n07753592_497.JPEG	6	7	47	38
n07753592_498.JPEG	31	10	56	63
n07753592_499.JPEG	0	20	58	42
