n01770393_0.JPEG	5	5	56	60
n01770393_1.JPEG	0	2	63	62
n01770393_2.JPEG	36	42	49	61
n01770393_3.JPEG	9	0	54	63
n01770393_4.JPEG	9	13	61	54
n01770393_5.JPEG	29	19	53	61
n01770393_6.JPEG	4	3	57	61
n01770393_7.JPEG	17	13	63	52
n01770393_8.JPEG	8	9	63	60
n01770393_9.JPEG	0	5	55	58
n01770393_10.JPEG	1	6	63	55
n01770393_11.JPEG	0	13	56	52
n01770393_12.JPEG	27	3	57	52
n01770393_13.JPEG	0	8	63	57
n01770393_14.JPEG	0	8	63	58
n01770393_15.JPEG	0	7	61	53
n01770393_16.JPEG	17	0	53	47
n01770393_17.JPEG	33	19	58	35
n01770393_18.JPEG	0	16	63	55
n01770393_19.JPEG	10	22	47	44
n01770393_20.JPEG	11	3	60	61
n01770393_21.JPEG	3	11	55	53
n01770393_22.JPEG	26	25	60	52
n01770393_23.JPEG	12	4	63	60
n01770393_24.JPEG	5	21	56	56
n01770393_25.JPEG	1	5	61	60
n01770393_26.JPEG	0	8	63	55
n01770393_27.JPEG	5	3	63	62
n01770393_28.JPEG	0	8	63	56
n01770393_29.JPEG	22	28	44	44
n01770393_30.JPEG	0	8	63	56
n01770393_31.JPEG	18	2	46	63
n01770393_32.JPEG	14	17	47	47
n01770393_33.JPEG	0	9	63	54
n01770393_34.JPEG	7	17	63	53
n01770393_35.JPEG	0	6	63	63
n01770393_36.JPEG	0	15	63	50
n01770393_37.JPEG	7	14	63	55
n01770393_38.JPEG	0	9	63	58
n01770393_39.JPEG	8	14	63	63
n01770393_40.JPEG	1	1	63	63
n01770393_41.JPEG	31	14	49	39
n01770393_42.JPEG	0	8	63	62
n01770393_43.JPEG	0	6	63	63
n01770393_44.JPEG	6	22	54	63
n01770393_45.JPEG	0	7	63	52
n01770393_46.JPEG	0	3	63	63
n01770393_47.JPEG	24	21	37	44
n01770393_48.JPEG	2	5	54	59
n01770393_49.JPEG	0	1	63	61
n01770393_50.JPEG	0	5	63	61
n01770393_51.JPEG	11	11	50	57
n01770393_52.JPEG	0	5	63	59
n01770393_53.JPEG	8	10	52	52
n01770393_54.JPEG	17	12	36	48
n01770393_55.JPEG	0	9	61	50
n01770393_56.JPEG	3	0	63	63
n01770393_57.JPEG	0	8	63	62
n01770393_58.JPEG	24	15	53	43
n01770393_59.JPEG	1	1	62	63
n01770393_60.JPEG	0	8	63	57
n01770393_61.JPEG	0	12	63	52
n01770393_62.JPEG	0	1	63	63
n01770393_63.JPEG	0	5	52	63
n01770393_64.JPEG	0	14	63	52
n01770393_65.JPEG	6	4	63	60
n01770393_66.JPEG	0	8	62	60
n01770393_67.JPEG	0	3	63	58
n01770393_68.JPEG	0	13	61	46
n01770393_69.JPEG	0	20	63	52
n01770393_70.JPEG	0	19	63	54
n01770393_71.JPEG	0	3	61	55
n01770393_72.JPEG	0	14	63	55
n01770393_73.JPEG	12	0	47	46
n01770393_74.JPEG	0	11	63	56
n01770393_75.JPEG	13	2	51	61
n01770393_76.JPEG	14	11	56	37
n01770393_77.JPEG	1	0	63	62
n01770393_78.JPEG	22	13	50	55
n01770393_79.JPEG	16	26	46	42
n01770393_80.JPEG	1	17	63	47
n01770393_81.JPEG	0	5	63	63
n01770393_82.JPEG	14	28	63	63
n01770393_83.JPEG	0	3	63	63
n01770393_84.JPEG	2	2	38	46
n01770393_85.JPEG	3	4	51	61
n01770393_86.JPEG	11	30	45	53
n01770393_87.JPEG	5	20	54	48
n01770393_88.JPEG	3	11	56	55
n01770393_89.JPEG	34	16	63	61
n01770393_90.JPEG	0	1	63	63
n01770393_91.JPEG	2	3	63	63
n01770393_92.JPEG	0	37	22	51
n01770393_93.JPEG	0	17	19	46
n01770393_94.JPEG	0	13	63	63
n01770393_95.JPEG	17	31	49	38
n01770393_96.JPEG	10	4	54	54
n01770393_97.JPEG	8	13	47	53
n01770393_98.JPEG	16	6	50	49
n01770393_99.JPEG	1	7	61	56
n01770393_100.JPEG	0	1	63	63
n01770393_101.JPEG	3	0	63	63
n01770393_102.JPEG	2	19	63	42
n01770393_103.JPEG	12	12	63	47
n01770393_104.JPEG	0	6	63	57
n01770393_105.JPEG	11	24	52	41
n01770393_106.JPEG	18	13	53	63
n01770393_107.JPEG	0	20	63	42
n01770393_108.JPEG	29	39	63	63
n01770393_109.JPEG	0	6	63	58
n01770393_110.JPEG	12	0	50	63
n01770393_111.JPEG	0	3	40	40
n01770393_112.JPEG	13	4	54	54
n01770393_113.JPEG	17	18	63	63
n01770393_114.JPEG	0	28	10	42
n01770393_115.JPEG	16	11	46	54
n01770393_116.JPEG	9	7	56	56
n01770393_117.JPEG	3	4	63	59
n01770393_118.JPEG	15	16	47	49
n01770393_119.JPEG	8	1	54	60
n01770393_120.JPEG	16	11	63	63
n01770393_121.JPEG	14	25	52	42
n01770393_122.JPEG	17	16	42	50
n01770393_123.JPEG	0	10	63	58
n01770393_124.JPEG	0	6	63	62
n01770393_125.JPEG	15	19	49	44
n01770393_126.JPEG	0	4	63	63
n01770393_127.JPEG	0	18	63	56
n01770393_128.JPEG	25	18	38	51
n01770393_129.JPEG	0	12	63	59
n01770393_130.JPEG	5	13	63	56
n01770393_131.JPEG	0	11	58	63
n01770393_132.JPEG	0	0	45	57
n01770393_133.JPEG	2	11	60	51
n01770393_134.JPEG	13	10	63	63
n01770393_135.JPEG	0	5	63	63
n01770393_136.JPEG	23	34	37	51
n01770393_137.JPEG	0	14	63	56
n01770393_138.JPEG	12	20	45	44
n01770393_139.JPEG	20	3	57	40
n01770393_140.JPEG	2	20	62	63
n01770393_141.JPEG	0	18	61	51
n01770393_142.JPEG	34	35	63	56
n01770393_143.JPEG	23	7	50	44
n01770393_144.JPEG	0	4	60	62
n01770393_145.JPEG	14	20	46	56
n01770393_146.JPEG	0	25	63	52
n01770393_147.JPEG	0	2	63	63
n01770393_148.JPEG	2	25	50	43
n01770393_149.JPEG	7	14	62	47
n01770393_150.JPEG	0	5	63	57
n01770393_151.JPEG	1	3	40	52
n01770393_152.JPEG	33	27	39	37
n01770393_153.JPEG	0	16	63	52
n01770393_154.JPEG	1	0	63	63
n01770393_155.JPEG	22	4	63	61
n01770393_156.JPEG	7	7	58	61
n01770393_157.JPEG	16	16	53	40
n01770393_158.JPEG	20	4	63	61
n01770393_159.JPEG	27	15	63	63
n01770393_160.JPEG	5	7	61	58
n01770393_161.JPEG	41	32	63	45
n01770393_162.JPEG	17	23	47	33
n01770393_163.JPEG	0	3	63	63
n01770393_164.JPEG	0	15	60	58
n01770393_165.JPEG	9	18	63	46
n01770393_166.JPEG	13	6	51	58
n01770393_167.JPEG	2	0	63	63
n01770393_168.JPEG	1	6	54	50
n01770393_169.JPEG	0	11	58	56
n01770393_170.JPEG	0	9	63	56
n01770393_171.JPEG	0	18	61	55
n01770393_172.JPEG	0	4	63	62
n01770393_173.JPEG	0	7	63	62
n01770393_174.JPEG	0	4	63	55
n01770393_175.JPEG	4	4	60	56
n01770393_176.JPEG	2	0	63	63
n01770393_177.JPEG	6	0	63	62
n01770393_178.JPEG	7	27	36	46
n01770393_179.JPEG	4	0	53	63
n01770393_180.JPEG	11	13	53	61
n01770393_181.JPEG	24	26	40	37
n01770393_182.JPEG	0	4	63	58
n01770393_183.JPEG	8	0	49	63
n01770393_184.JPEG	10	19	63	50
n01770393_185.JPEG	0	0	63	55
n01770393_186.JPEG	5	0	61	63
n01770393_187.JPEG	0	8	63	61
n01770393_188.JPEG	0	3	63	54
n01770393_189.JPEG	9	16	58	55
n01770393_190.JPEG	3	19	62	50
n01770393_191.JPEG	3	7	63	61
n01770393_192.JPEG	0	3	63	63
n01770393_193.JPEG	3	0	57	63
n01770393_194.JPEG	0	16	62	48
n01770393_195.JPEG	23	20	39	45
n01770393_196.JPEG	0	0	63	63
n01770393_197.JPEG	9	0	57	63
n01770393_198.JPEG	8	10	62	49
n01770393_199.JPEG	0	10	63	61
n01770393_200.JPEG	0	6	63	61
n01770393_201.JPEG	4	4	63	63
n01770393_202.JPEG	0	7	63	63
n01770393_203.JPEG	23	6	53	54
n01770393_204.JPEG	0	14	63	57
n01770393_205.JPEG	0	10	60	58
n01770393_206.JPEG	0	6	63	57
n01770393_207.JPEG	7	19	60	48
n01770393_208.JPEG	13	9	53	59
n01770393_209.JPEG	10	2	40	38
n01770393_210.JPEG	20	14	47	55
n01770393_211.JPEG	20	15	63	42
n01770393_212.JPEG	0	11	63	57
n01770393_213.JPEG	0	13	63	55
n01770393_214.JPEG	19	10	57	62
n01770393_215.JPEG	0	14	63	53
n01770393_216.JPEG	7	5	63	54
n01770393_217.JPEG	0	12	63	60
n01770393_218.JPEG	0	7	63	58
n01770393_219.JPEG	0	1	60	54
n01770393_220.JPEG	16	19	53	49
n01770393_221.JPEG	0	0	63	63
n01770393_222.JPEG	27	26	57	38
n01770393_223.JPEG	0	8	63	53
n01770393_224.JPEG	28	28	44	41
n01770393_225.JPEG	0	15	63	57
n01770393_226.JPEG	0	15	60	56
n01770393_227.JPEG	26	21	42	41
n01770393_228.JPEG	3	10	63	59
n01770393_229.JPEG	17	11	50	58
n01770393_230.JPEG	0	21	56	50
n01770393_231.JPEG	7	13	63	46
n01770393_232.JPEG	13	0	46	63
n01770393_233.JPEG	2	21	63	59
n01770393_234.JPEG	0	3	63	61
n01770393_235.JPEG	0	3	63	63
n01770393_236.JPEG	0	16	53	55
n01770393_237.JPEG	6	0	59	63
n01770393_238.JPEG	10	26	53	48
n01770393_239.JPEG	4	10	55	53
n01770393_240.JPEG	11	0	60	56
n01770393_241.JPEG	6	0	58	63
n01770393_242.JPEG	0	1	63	61
n01770393_243.JPEG	0	1	63	63
n01770393_244.JPEG	1	12	63	63
n01770393_245.JPEG	5	0	63	54
n01770393_246.JPEG	9	0	51	63
n01770393_247.JPEG	0	14	63	51
n01770393_248.JPEG	3	12	60	63
n01770393_249.JPEG	1	6	58	56
n01770393_250.JPEG	0	5	63	52
n01770393_251.JPEG	16	8	43	53
n01770393_252.JPEG	1	10	56	63
n01770393_253.JPEG	7	13	61	55
n01770393_254.JPEG	12	4	55	63
n01770393_255.JPEG	10	10	56	53
n01770393_256.JPEG	6	26	22	34
n01770393_257.JPEG	12	19	43	55
n01770393_258.JPEG	0	13	63	54
n01770393_259.JPEG	12	22	60	43
n01770393_260.JPEG	11	6	57	59
n01770393_261.JPEG	0	15	63	54
n01770393_262.JPEG	0	5	63	60
n01770393_263.JPEG	0	18	59	49
n01770393_264.JPEG	8	9	63	56
n01770393_265.JPEG	19	26	56	57
n01770393_266.JPEG	19	27	46	39
n01770393_267.JPEG	2	0	63	43
n01770393_268.JPEG	0	17	59	58
n01770393_269.JPEG	0	9	63	61
n01770393_270.JPEG	2	3	63	43
n01770393_271.JPEG	23	17	63	63
n01770393_272.JPEG	0	12	63	63
n01770393_273.JPEG	0	30	45	54
n01770393_274.JPEG	4	1	63	31
n01770393_275.JPEG	5	10	57	55
n01770393_276.JPEG	2	14	63	63
n01770393_277.JPEG	23	31	45	49
n01770393_278.JPEG	19	0	54	63
n01770393_279.JPEG	0	5	63	55
n01770393_280.JPEG	0	21	56	55
n01770393_281.JPEG	0	1	63	63
n01770393_282.JPEG	25	20	39	45
n01770393_283.JPEG	19	11	28	25
n01770393_284.JPEG	4	0	60	63
n01770393_285.JPEG	0	4	63	61
n01770393_286.JPEG	0	16	48	41
n01770393_287.JPEG	9	5	57	58
n01770393_288.JPEG	9	31	39	49
n01770393_289.JPEG	0	20	61	52
n01770393_290.JPEG	0	1	63	63
n01770393_291.JPEG	9	3	56	57
n01770393_292.JPEG	0	1	63	60
n01770393_293.JPEG	9	5	50	61
n01770393_294.JPEG	32	27	60	50
n01770393_295.JPEG	12	15	63	55
n01770393_296.JPEG	0	8	63	60
n01770393_297.JPEG	9	15	51	63
n01770393_298.JPEG	22	12	57	36
n01770393_299.JPEG	2	18	49	39
n01770393_300.JPEG	0	10	56	61
n01770393_301.JPEG	3	2	44	63
n01770393_302.JPEG	14	8	57	57
n01770393_303.JPEG	6	12	52	63
n01770393_304.JPEG	0	10	63	56
n01770393_305.JPEG	0	21	60	50
n01770393_306.JPEG	22	5	57	32
n01770393_307.JPEG	0	20	41	63
n01770393_308.JPEG	21	13	56	58
n01770393_309.JPEG	1	14	63	45
n01770393_310.JPEG	9	5	43	61
n01770393_311.JPEG	0	0	63	60
n01770393_312.JPEG	20	5	54	59
n01770393_313.JPEG	0	2	63	63
n01770393_314.JPEG	10	32	26	49
n01770393_315.JPEG	1	37	63	52
n01770393_316.JPEG	20	10	57	40
n01770393_317.JPEG	0	1	63	63
n01770393_318.JPEG	9	15	61	48
n01770393_319.JPEG	1	3	63	62
n01770393_320.JPEG	18	21	51	52
n01770393_321.JPEG	15	2	53	63
n01770393_322.JPEG	0	10	63	62
n01770393_323.JPEG	22	12	59	56
n01770393_324.JPEG	9	10	52	46
n01770393_325.JPEG	0	13	63	56
n01770393_326.JPEG	0	12	63	56
n01770393_327.JPEG	7	1	57	61
n01770393_328.JPEG	20	34	40	47
n01770393_329.JPEG	10	8	42	43
n01770393_330.JPEG	29	0	47	56
n01770393_331.JPEG	0	6	63	59
n01770393_332.JPEG	0	8	63	63
n01770393_333.JPEG	18	29	41	46
n01770393_334.JPEG	13	4	56	40
n01770393_335.JPEG	27	9	59	46
n01770393_336.JPEG	0	5	60	63
n01770393_337.JPEG	13	11	55	47
n01770393_338.JPEG	10	5	53	63
n01770393_339.JPEG	0	5	63	61
n01770393_340.JPEG	0	10	56	53
n01770393_341.JPEG	12	16	51	46
n01770393_342.JPEG	4	33	42	57
n01770393_343.JPEG	10	6	53	51
n01770393_344.JPEG	8	3	61	63
n01770393_345.JPEG	21	15	52	40
n01770393_346.JPEG	0	6	63	58
n01770393_347.JPEG	7	3	60	63
n01770393_348.JPEG	35	21	58	57
n01770393_349.JPEG	0	1	63	63
n01770393_350.JPEG	0	5	63	57
n01770393_351.JPEG	3	4	63	56
n01770393_352.JPEG	4	10	61	51
n01770393_353.JPEG	10	20	38	42
n01770393_354.JPEG	0	0	63	62
n01770393_355.JPEG	0	3	63	63
n01770393_356.JPEG	0	21	63	55
n01770393_357.JPEG	0	3	63	60
n01770393_358.JPEG	0	16	63	55
n01770393_359.JPEG	0	1	63	63
n01770393_360.JPEG	2	1	63	59
n01770393_361.JPEG	4	2	55	62
n01770393_362.JPEG	16	9	54	54
n01770393_363.JPEG	17	21	51	51
n01770393_364.JPEG	12	6	63	57
n01770393_365.JPEG	11	4	55	62
n01770393_366.JPEG	11	21	57	49
n01770393_367.JPEG	0	18	63	62
n01770393_368.JPEG	19	15	38	32
n01770393_369.JPEG	2	10	63	58
n01770393_370.JPEG	6	21	63	63
n01770393_371.JPEG	4	24	42	41
n01770393_372.JPEG	1	4	63	61
n01770393_373.JPEG	13	20	51	48
n01770393_374.JPEG	13	5	47	52
n01770393_375.JPEG	11	13	63	57
n01770393_376.JPEG	20	9	63	61
n01770393_377.JPEG	21	16	63	49
n01770393_378.JPEG	0	17	63	53
n01770393_379.JPEG	4	0	55	63
n01770393_380.JPEG	0	1	63	61
n01770393_381.JPEG	0	9	63	54
n01770393_382.JPEG	0	4	63	53
n01770393_383.JPEG	0	3	63	60
n01770393_384.JPEG	10	30	56	50
n01770393_385.JPEG	0	0	63	63
n01770393_386.JPEG	4	15	63	43
n01770393_387.JPEG	5	15	56	47
n01770393_388.JPEG	7	7	50	42
n01770393_389.JPEG	0	3	63	59
n01770393_390.JPEG	2	3	63	59
n01770393_391.JPEG	23	13	42	48
n01770393_392.JPEG	8	0	63	63
n01770393_393.JPEG	20	20	51	40
n01770393_394.JPEG	0	5	63	56
n01770393_395.JPEG	2	1	61	63
n01770393_396.JPEG	21	19	51	50
n01770393_397.JPEG	9	23	57	45
n01770393_398.JPEG	19	21	46	40
n01770393_399.JPEG	0	3	59	63
n01770393_400.JPEG	14	0	52	63
n01770393_401.JPEG	10	8	63	55
n01770393_402.JPEG	7	23	38	63
n01770393_403.JPEG	0	5	58	54
n01770393_404.JPEG	0	14	57	53
n01770393_405.JPEG	8	11	63	58
n01770393_406.JPEG	0	22	63	51
n01770393_407.JPEG	0	7	63	61
n01770393_408.JPEG	0	17	57	46
n01770393_409.JPEG	5	11	63	53
n01770393_410.JPEG	11	8	63	45
n01770393_411.JPEG	5	3	46	63
n01770393_412.JPEG	17	22	63	62
n01770393_413.JPEG	0	10	63	63
n01770393_414.JPEG	13	24	51	42
n01770393_415.JPEG	8	14	62	63
n01770393_416.JPEG	14	11	54	58
n01770393_417.JPEG	0	26	19	54
n01770393_418.JPEG	5	0	60	63
n01770393_419.JPEG	0	1	46	59
n01770393_420.JPEG	15	10	55	63
n01770393_421.JPEG	6	9	60	55
n01770393_422.JPEG	0	17	41	61
n01770393_423.JPEG	19	19	55	44
n01770393_424.JPEG	0	3	63	63
n01770393_425.JPEG	4	7	50	53
n01770393_426.JPEG	0	12	63	57
n01770393_427.JPEG	24	27	53	60
n01770393_428.JPEG	0	19	63	52
n01770393_429.JPEG	7	0	53	63
n01770393_430.JPEG	8	26	63	52
n01770393_431.JPEG	0	9	52	49
n01770393_432.JPEG	0	6	63	63
n01770393_433.JPEG	0	0	63	63
n01770393_434.JPEG	0	5	63	58
n01770393_435.JPEG	8	0	63	55
n01770393_436.JPEG	0	12	63	61
n01770393_437.JPEG	0	4	63	63
n01770393_438.JPEG	0	7	53	62
n01770393_439.JPEG	14	16	42	28
n01770393_440.JPEG	0	11	63	49
n01770393_441.JPEG	0	1	63	63
n01770393_442.JPEG	3	0	61	58
n01770393_443.JPEG	0	2	63	61
n01770393_444.JPEG	1	9	57	51
n01770393_445.JPEG	28	15	51	52
n01770393_446.JPEG	17	5	63	56
n01770393_447.JPEG	7	24	52	43
n01770393_448.JPEG	0	0	63	57
n01770393_449.JPEG	0	1	63	63
n01770393_450.JPEG	10	15	48	52
n01770393_451.JPEG	0	2	63	63
n01770393_452.JPEG	0	6	63	59
n01770393_453.JPEG	0	21	36	54
n01770393_454.JPEG	8	3	55	63
n01770393_455.JPEG	26	23	63	50
n01770393_456.JPEG	0	12	63	58
n01770393_457.JPEG	0	19	51	59
n01770393_458.JPEG	26	18	43	31
n01770393_459.JPEG	0	17	63	49
n01770393_460.JPEG	1	22	58	46
n01770393_461.JPEG	0	5	61	63
n01770393_462.JPEG	9	0	63	63
n01770393_463.JPEG	10	13	61	47
n01770393_464.JPEG	0	2	63	63
n01770393_465.JPEG	0	0	63	63
n01770393_466.JPEG	25	11	48	36
n01770393_467.JPEG	0	14	47	48
n01770393_468.JPEG	0	0	63	57
n01770393_469.JPEG	0	0	63	58
n01770393_470.JPEG	10	20	43	43
n01770393_471.JPEG	17	24	41	38
n01770393_472.JPEG	0	12	62	56
n01770393_473.JPEG	0	5	63	63
n01770393_474.JPEG	0	5	63	60
n01770393_475.JPEG	8	14	54	44
n01770393_476.JPEG	34	25	45	37
n01770393_477.JPEG	9	25	48	41
n01770393_478.JPEG	13	0	54	63
n01770393_479.JPEG	3	9	60	45
n01770393_480.JPEG	23	9	44	28
n01770393_481.JPEG	19	15	44	49
n01770393_482.JPEG	3	10	63	46
n01770393_483.JPEG	0	8	62	58
n01770393_484.JPEG	9	5	54	59
n01770393_485.JPEG	0	5	63	53
n01770393_486.JPEG	0	20	32	42
n01770393_487.JPEG	9	11	50	61
n01770393_488.JPEG	0	10	63	60
n01770393_489.JPEG	13	0	55	63
n01770393_490.JPEG	11	5	58	63
n01770393_491.JPEG	23	16	41	30
n01770393_492.JPEG	29	39	46	46
n01770393_493.JPEG	0	6	63	56
n01770393_494.JPEG	0	10	63	50
n01770393_495.JPEG	18	27	48	38
n01770393_496.JPEG	15	10	56	56
n01770393_497.JPEG	0	9	58	59
n01770393_498.JPEG	0	12	63	57
n01770393_499.JPEG	30	30	44	46
