n07768694_0.JPEG	0	15	22	57
n07768694_1.JPEG	3	0	63	63
n07768694_2.JPEG	9	0	57	43
n07768694_3.JPEG	2	0	63	54
n07768694_4.JPEG	0	0	63	63
n07768694_5.JPEG	0	7	63	63
n07768694_6.JPEG	38	12	63	46
n07768694_7.JPEG	5	6	59	54
n07768694_8.JPEG	35	21	60	52
n07768694_9.JPEG	0	0	63	63
n07768694_10.JPEG	0	1	32	63
n07768694_11.JPEG	0	0	63	63
n07768694_12.JPEG	0	5	63	61
n07768694_13.JPEG	0	0	63	63
n07768694_14.JPEG	0	18	63	63
n07768694_15.JPEG	0	12	38	55
n07768694_16.JPEG	36	11	54	37
n07768694_17.JPEG	0	0	63	61
n07768694_18.JPEG	7	31	47	63
n07768694_19.JPEG	0	1	63	63
n07768694_20.JPEG	11	24	63	63
n07768694_21.JPEG	0	6	24	50
n07768694_22.JPEG	0	0	63	63
n07768694_23.JPEG	20	33	55	63
n07768694_24.JPEG	18	17	46	49
n07768694_25.JPEG	0	0	63	63
n07768694_26.JPEG	0	0	63	63
n07768694_27.JPEG	36	14	63	47
n07768694_28.JPEG	4	1	63	62
n07768694_29.JPEG	8	7	59	55
n07768694_30.JPEG	12	4	52	63
n07768694_31.JPEG	0	10	34	58
n07768694_32.JPEG	3	6	57	59
n07768694_33.JPEG	0	0	36	41
n07768694_34.JPEG	45	15	48	18
n07768694_35.JPEG	0	2	21	30
n07768694_36.JPEG	0	3	50	59
n07768694_37.JPEG	0	6	32	59
n07768694_38.JPEG	3	6	59	59
n07768694_39.JPEG	3	18	62	60
n07768694_40.JPEG	0	3	62	63
n07768694_41.JPEG	17	16	48	49
n07768694_42.JPEG	13	0	62	38
n07768694_43.JPEG	1	0	63	63
n07768694_44.JPEG	3	1	63	32
n07768694_45.JPEG	22	20	53	48
n07768694_46.JPEG	0	1	63	63
n07768694_47.JPEG	0	1	63	63
n07768694_48.JPEG	2	8	63	63
n07768694_49.JPEG	37	11	59	24
n07768694_50.JPEG	0	1	63	63
n07768694_51.JPEG	23	18	45	47
n07768694_52.JPEG	4	0	60	63
n07768694_53.JPEG	0	7	34	58
n07768694_54.JPEG	0	0	59	59
n07768694_55.JPEG	10	26	63	63
n07768694_56.JPEG	50	45	63	59
n07768694_57.JPEG	1	17	41	60
n07768694_58.JPEG	2	18	63	63
n07768694_59.JPEG	17	19	63	47
n07768694_60.JPEG	0	0	63	63
n07768694_61.JPEG	0	5	53	63
n07768694_62.JPEG	12	1	63	63
n07768694_63.JPEG	17	0	63	62
n07768694_64.JPEG	1	0	63	63
n07768694_65.JPEG	6	10	63	54
n07768694_66.JPEG	35	18	54	38
n07768694_67.JPEG	0	9	63	63
n07768694_68.JPEG	16	18	49	51
n07768694_69.JPEG	19	2	56	48
n07768694_70.JPEG	1	6	33	39
n07768694_71.JPEG	0	13	44	57
n07768694_72.JPEG	37	21	58	47
n07768694_73.JPEG	10	0	63	63
n07768694_74.JPEG	0	1	63	57
n07768694_75.JPEG	0	0	63	63
n07768694_76.JPEG	34	28	63	53
n07768694_77.JPEG	11	9	51	57
n07768694_78.JPEG	26	1	63	44
n07768694_79.JPEG	0	0	63	63
n07768694_80.JPEG	0	1	63	63
n07768694_81.JPEG	10	21	20	31
n07768694_82.JPEG	2	0	48	22
n07768694_83.JPEG	5	22	24	36
n07768694_84.JPEG	0	23	34	63
n07768694_85.JPEG	0	30	63	63
n07768694_86.JPEG	0	10	63	54
n07768694_87.JPEG	0	0	47	63
n07768694_88.JPEG	16	1	26	15
n07768694_89.JPEG	1	3	54	58
n07768694_90.JPEG	31	19	48	38
n07768694_91.JPEG	0	1	63	63
n07768694_92.JPEG	0	4	32	44
n07768694_93.JPEG	26	21	48	46
n07768694_94.JPEG	0	12	48	63
n07768694_95.JPEG	7	36	25	59
n07768694_96.JPEG	0	0	63	62
n07768694_97.JPEG	42	16	63	54
n07768694_98.JPEG	32	16	63	53
n07768694_99.JPEG	21	22	60	53
n07768694_100.JPEG	1	9	53	63
n07768694_101.JPEG	3	10	54	63
n07768694_102.JPEG	10	11	49	49
n07768694_103.JPEG	0	0	45	63
n07768694_104.JPEG	14	10	59	59
n07768694_105.JPEG	0	5	43	59
n07768694_106.JPEG	0	9	63	63
n07768694_107.JPEG	9	12	55	57
n07768694_108.JPEG	34	35	56	61
n07768694_109.JPEG	0	0	63	63
n07768694_110.JPEG	3	2	59	59
n07768694_111.JPEG	17	0	45	62
n07768694_112.JPEG	38	21	58	41
n07768694_113.JPEG	15	18	49	53
n07768694_114.JPEG	3	25	63	63
n07768694_115.JPEG	16	26	51	62
n07768694_116.JPEG	2	0	63	63
n07768694_117.JPEG	5	30	56	63
n07768694_118.JPEG	11	28	53	63
n07768694_119.JPEG	14	7	63	63
n07768694_120.JPEG	0	16	63	63
n07768694_121.JPEG	0	11	41	63
n07768694_122.JPEG	10	9	56	63
n07768694_123.JPEG	1	21	63	63
n07768694_124.JPEG	30	1	63	42
n07768694_125.JPEG	38	26	53	42
n07768694_126.JPEG	45	17	63	49
n07768694_127.JPEG	9	12	60	61
n07768694_128.JPEG	3	2	62	57
n07768694_129.JPEG	0	0	63	63
n07768694_130.JPEG	13	33	48	63
n07768694_131.JPEG	4	6	52	61
n07768694_132.JPEG	8	12	62	58
n07768694_133.JPEG	13	32	22	40
n07768694_134.JPEG	28	13	57	43
n07768694_135.JPEG	10	45	34	63
n07768694_136.JPEG	17	11	49	52
n07768694_137.JPEG	13	11	55	60
n07768694_138.JPEG	21	18	59	55
n07768694_139.JPEG	0	1	63	63
n07768694_140.JPEG	14	21	52	63
n07768694_141.JPEG	19	14	39	33
n07768694_142.JPEG	7	6	26	27
n07768694_143.JPEG	3	3	61	61
n07768694_144.JPEG	0	0	63	63
n07768694_145.JPEG	0	0	63	63
n07768694_146.JPEG	0	1	63	63
n07768694_147.JPEG	0	0	56	50
n07768694_148.JPEG	7	25	45	61
n07768694_149.JPEG	0	1	50	54
n07768694_150.JPEG	0	0	63	63
n07768694_151.JPEG	0	0	63	63
n07768694_152.JPEG	24	0	63	22
n07768694_153.JPEG	7	3	56	63
n07768694_154.JPEG	9	0	57	26
n07768694_155.JPEG	0	0	41	63
n07768694_156.JPEG	39	3	63	32
n07768694_157.JPEG	0	0	63	63
n07768694_158.JPEG	23	5	57	40
n07768694_159.JPEG	29	23	57	56
n07768694_160.JPEG	23	6	60	49
n07768694_161.JPEG	2	0	63	60
n07768694_162.JPEG	0	7	58	63
n07768694_163.JPEG	62	3	63	43
n07768694_164.JPEG	6	14	33	47
n07768694_165.JPEG	2	19	63	63
n07768694_166.JPEG	0	0	63	63
n07768694_167.JPEG	1	0	63	63
n07768694_168.JPEG	0	4	63	63
n07768694_169.JPEG	17	19	42	51
n07768694_170.JPEG	16	15	46	39
n07768694_171.JPEG	19	18	47	53
n07768694_172.JPEG	0	1	63	63
n07768694_173.JPEG	22	27	51	50
n07768694_174.JPEG	40	40	59	63
n07768694_175.JPEG	54	27	63	39
n07768694_176.JPEG	36	18	63	41
n07768694_177.JPEG	4	4	63	58
n07768694_178.JPEG	18	13	44	42
n07768694_179.JPEG	23	16	61	54
n07768694_180.JPEG	0	0	63	63
n07768694_181.JPEG	0	0	49	40
n07768694_182.JPEG	26	8	63	53
n07768694_183.JPEG	11	4	54	62
n07768694_184.JPEG	4	1	63	57
n07768694_185.JPEG	0	0	60	57
n07768694_186.JPEG	0	0	63	63
n07768694_187.JPEG	0	14	34	63
n07768694_188.JPEG	5	7	59	63
n07768694_189.JPEG	0	0	63	63
n07768694_190.JPEG	6	15	56	54
n07768694_191.JPEG	0	0	63	63
n07768694_192.JPEG	0	5	60	61
n07768694_193.JPEG	16	9	54	53
n07768694_194.JPEG	4	21	23	42
n07768694_195.JPEG	21	12	63	63
n07768694_196.JPEG	25	18	49	52
n07768694_197.JPEG	9	35	23	47
n07768694_198.JPEG	14	11	50	63
n07768694_199.JPEG	0	39	0	48
n07768694_200.JPEG	28	28	39	38
n07768694_201.JPEG	12	0	63	51
n07768694_202.JPEG	18	16	43	45
n07768694_203.JPEG	23	6	63	50
n07768694_204.JPEG	2	4	63	63
n07768694_205.JPEG	0	0	42	63
n07768694_206.JPEG	13	13	63	61
n07768694_207.JPEG	0	0	63	63
n07768694_208.JPEG	7	3	52	61
n07768694_209.JPEG	28	23	63	58
n07768694_210.JPEG	10	10	55	53
n07768694_211.JPEG	0	16	61	63
n07768694_212.JPEG	30	39	53	56
n07768694_213.JPEG	0	0	56	63
n07768694_214.JPEG	0	0	63	63
n07768694_215.JPEG	0	0	63	63
n07768694_216.JPEG	1	17	53	63
n07768694_217.JPEG	23	37	59	63
n07768694_218.JPEG	0	7	63	63
n07768694_219.JPEG	21	5	56	54
n07768694_220.JPEG	0	6	57	50
n07768694_221.JPEG	0	1	63	63
n07768694_222.JPEG	0	0	62	63
n07768694_223.JPEG	3	1	61	62
n07768694_224.JPEG	8	20	42	59
n07768694_225.JPEG	0	0	63	63
n07768694_226.JPEG	20	13	61	52
n07768694_227.JPEG	17	4	48	35
n07768694_228.JPEG	0	1	63	63
n07768694_229.JPEG	3	0	63	63
n07768694_230.JPEG	31	15	63	63
n07768694_231.JPEG	0	0	63	63
n07768694_232.JPEG	35	9	63	49
n07768694_233.JPEG	5	0	63	61
n07768694_234.JPEG	0	2	63	63
n07768694_235.JPEG	34	22	57	58
n07768694_236.JPEG	31	21	53	43
n07768694_237.JPEG	1	21	63	63
n07768694_238.JPEG	6	1	55	62
n07768694_239.JPEG	0	0	63	63
n07768694_240.JPEG	8	9	50	51
n07768694_241.JPEG	0	1	49	62
n07768694_242.JPEG	26	32	54	60
n07768694_243.JPEG	0	10	63	63
n07768694_244.JPEG	0	1	63	63
n07768694_245.JPEG	22	21	41	50
n07768694_246.JPEG	0	11	44	59
n07768694_247.JPEG	0	0	63	63
n07768694_248.JPEG	0	0	63	63
n07768694_249.JPEG	0	0	63	63
n07768694_250.JPEG	2	22	41	53
n07768694_251.JPEG	0	0	44	63
n07768694_252.JPEG	36	19	55	53
n07768694_253.JPEG	19	0	63	62
n07768694_254.JPEG	0	17	54	63
n07768694_255.JPEG	16	6	61	53
n07768694_256.JPEG	1	51	6	57
n07768694_257.JPEG	0	11	44	52
n07768694_258.JPEG	0	0	63	63
n07768694_259.JPEG	0	0	63	63
n07768694_260.JPEG	0	7	63	57
n07768694_261.JPEG	16	1	63	63
n07768694_262.JPEG	17	13	52	46
n07768694_263.JPEG	10	14	53	56
n07768694_264.JPEG	0	12	63	63
n07768694_265.JPEG	27	30	37	40
n07768694_266.JPEG	0	5	52	62
n07768694_267.JPEG	11	0	41	39
n07768694_268.JPEG	28	1	63	56
n07768694_269.JPEG	0	0	63	63
n07768694_270.JPEG	26	7	63	53
n07768694_271.JPEG	10	7	63	63
n07768694_272.JPEG	0	8	63	63
n07768694_273.JPEG	0	1	61	45
n07768694_274.JPEG	0	6	53	52
n07768694_275.JPEG	21	22	33	34
n07768694_276.JPEG	12	2	49	43
n07768694_277.JPEG	0	0	63	63
n07768694_278.JPEG	0	13	55	56
n07768694_279.JPEG	17	15	63	57
n07768694_280.JPEG	14	0	63	63
n07768694_281.JPEG	0	7	53	63
n07768694_282.JPEG	2	27	28	53
n07768694_283.JPEG	0	0	63	63
n07768694_284.JPEG	19	16	63	62
n07768694_285.JPEG	0	4	37	41
n07768694_286.JPEG	0	1	63	63
n07768694_287.JPEG	0	1	63	63
n07768694_288.JPEG	45	5	63	40
n07768694_289.JPEG	19	10	56	55
n07768694_290.JPEG	0	3	63	63
n07768694_291.JPEG	0	15	53	63
n07768694_292.JPEG	4	12	60	59
n07768694_293.JPEG	13	31	36	63
n07768694_294.JPEG	0	1	63	63
n07768694_295.JPEG	0	1	63	63
n07768694_296.JPEG	10	0	63	63
n07768694_297.JPEG	15	15	49	55
n07768694_298.JPEG	23	16	58	56
n07768694_299.JPEG	14	18	42	47
n07768694_300.JPEG	20	31	63	60
n07768694_301.JPEG	0	0	63	63
n07768694_302.JPEG	0	12	59	55
n07768694_303.JPEG	0	0	58	63
n07768694_304.JPEG	17	13	49	50
n07768694_305.JPEG	16	1	63	63
n07768694_306.JPEG	2	21	63	63
n07768694_307.JPEG	0	0	63	63
n07768694_308.JPEG	8	44	54	63
n07768694_309.JPEG	0	1	63	63
n07768694_310.JPEG	1	0	57	34
n07768694_311.JPEG	36	31	63	55
n07768694_312.JPEG	14	41	28	56
n07768694_313.JPEG	0	5	61	63
n07768694_314.JPEG	22	7	62	46
n07768694_315.JPEG	0	17	32	47
n07768694_316.JPEG	0	1	63	63
n07768694_317.JPEG	22	21	50	49
n07768694_318.JPEG	1	0	63	63
n07768694_319.JPEG	0	0	63	63
n07768694_320.JPEG	17	6	56	59
n07768694_321.JPEG	0	14	63	63
n07768694_322.JPEG	12	3	56	62
n07768694_323.JPEG	1	5	55	56
n07768694_324.JPEG	13	26	20	33
n07768694_325.JPEG	19	22	48	60
n07768694_326.JPEG	6	3	63	63
n07768694_327.JPEG	13	10	49	56
n07768694_328.JPEG	9	8	56	61
n07768694_329.JPEG	0	0	63	63
n07768694_330.JPEG	9	7	56	60
n07768694_331.JPEG	6	6	59	59
n07768694_332.JPEG	10	16	52	63
n07768694_333.JPEG	0	2	53	63
n07768694_334.JPEG	0	1	63	63
n07768694_335.JPEG	0	0	43	57
n07768694_336.JPEG	3	0	62	63
n07768694_337.JPEG	8	3	51	60
n07768694_338.JPEG	11	4	53	58
n07768694_339.JPEG	9	17	63	63
n07768694_340.JPEG	18	12	55	52
n07768694_341.JPEG	0	6	32	49
n07768694_342.JPEG	0	1	57	56
n07768694_343.JPEG	0	0	63	55
n07768694_344.JPEG	15	16	60	60
n07768694_345.JPEG	7	5	55	63
n07768694_346.JPEG	15	13	49	50
n07768694_347.JPEG	29	16	63	58
n07768694_348.JPEG	0	11	63	63
n07768694_349.JPEG	15	4	57	60
n07768694_350.JPEG	9	7	58	63
n07768694_351.JPEG	0	19	29	59
n07768694_352.JPEG	19	8	63	54
n07768694_353.JPEG	1	34	35	63
n07768694_354.JPEG	1	13	54	63
n07768694_355.JPEG	7	5	63	60
n07768694_356.JPEG	15	7	53	62
n07768694_357.JPEG	0	0	63	63
n07768694_358.JPEG	0	0	63	63
n07768694_359.JPEG	33	18	63	58
n07768694_360.JPEG	8	0	62	51
n07768694_361.JPEG	11	10	54	58
n07768694_362.JPEG	0	0	63	63
n07768694_363.JPEG	0	0	63	63
n07768694_364.JPEG	0	0	63	63
n07768694_365.JPEG	4	21	46	63
n07768694_366.JPEG	0	6	33	46
n07768694_367.JPEG	27	0	59	39
n07768694_368.JPEG	11	4	55	58
n07768694_369.JPEG	0	1	63	63
n07768694_370.JPEG	0	0	18	55
n07768694_371.JPEG	30	35	63	63
n07768694_372.JPEG	0	0	35	41
n07768694_373.JPEG	0	1	63	63
n07768694_374.JPEG	0	11	61	63
n07768694_375.JPEG	0	1	63	63
n07768694_376.JPEG	0	0	63	63
n07768694_377.JPEG	7	12	46	58
n07768694_378.JPEG	1	2	63	63
n07768694_379.JPEG	28	35	63	63
n07768694_380.JPEG	21	8	63	57
n07768694_381.JPEG	0	3	45	63
n07768694_382.JPEG	4	27	40	63
n07768694_383.JPEG	0	0	63	63
n07768694_384.JPEG	25	0	58	24
n07768694_385.JPEG	0	15	63	63
n07768694_386.JPEG	0	9	63	63
n07768694_387.JPEG	13	14	51	51
n07768694_388.JPEG	7	0	55	41
n07768694_389.JPEG	11	1	25	15
n07768694_390.JPEG	1	0	63	63
n07768694_391.JPEG	10	12	53	58
n07768694_392.JPEG	4	6	63	55
n07768694_393.JPEG	0	1	63	63
n07768694_394.JPEG	5	2	63	62
n07768694_395.JPEG	0	1	63	63
n07768694_396.JPEG	15	23	48	47
n07768694_397.JPEG	0	2	63	63
n07768694_398.JPEG	4	3	63	63
n07768694_399.JPEG	29	28	36	35
n07768694_400.JPEG	4	14	57	62
n07768694_401.JPEG	0	5	61	63
n07768694_402.JPEG	27	22	33	31
n07768694_403.JPEG	0	0	63	63
n07768694_404.JPEG	33	14	63	60
n07768694_405.JPEG	2	10	49	58
n07768694_406.JPEG	1	0	63	62
n07768694_407.JPEG	28	31	63	60
n07768694_408.JPEG	0	19	41	58
n07768694_409.JPEG	0	0	23	13
n07768694_410.JPEG	12	8	52	62
n07768694_411.JPEG	11	23	34	43
n07768694_412.JPEG	7	8	58	58
n07768694_413.JPEG	37	23	63	63
n07768694_414.JPEG	0	3	63	63
n07768694_415.JPEG	9	23	36	49
n07768694_416.JPEG	21	22	50	59
n07768694_417.JPEG	18	20	40	33
n07768694_418.JPEG	30	9	63	48
n07768694_419.JPEG	9	9	54	56
n07768694_420.JPEG	8	2	53	57
n07768694_421.JPEG	20	35	38	53
n07768694_422.JPEG	0	28	10	56
n07768694_423.JPEG	4	18	15	32
n07768694_424.JPEG	18	20	47	55
n07768694_425.JPEG	0	0	63	63
n07768694_426.JPEG	29	20	63	61
n07768694_427.JPEG	0	18	14	49
n07768694_428.JPEG	16	15	40	39
n07768694_429.JPEG	0	9	63	60
n07768694_430.JPEG	0	0	63	62
n07768694_431.JPEG	35	6	52	23
n07768694_432.JPEG	21	4	63	54
n07768694_433.JPEG	8	15	50	58
n07768694_434.JPEG	59	7	63	32
n07768694_435.JPEG	0	0	63	63
n07768694_436.JPEG	16	25	42	51
n07768694_437.JPEG	20	0	49	60
n07768694_438.JPEG	3	12	63	57
n07768694_439.JPEG	3	0	62	63
n07768694_440.JPEG	17	8	63	61
n07768694_441.JPEG	9	6	63	61
n07768694_442.JPEG	0	1	63	63
n07768694_443.JPEG	3	1	63	60
n07768694_444.JPEG	25	18	53	44
n07768694_445.JPEG	12	0	63	24
n07768694_446.JPEG	14	20	51	62
n07768694_447.JPEG	28	44	38	52
n07768694_448.JPEG	0	0	63	43
n07768694_449.JPEG	0	8	63	60
n07768694_450.JPEG	0	0	53	36
n07768694_451.JPEG	31	13	63	43
n07768694_452.JPEG	9	14	46	54
n07768694_453.JPEG	5	0	58	26
n07768694_454.JPEG	4	5	63	63
n07768694_455.JPEG	0	15	33	54
n07768694_456.JPEG	0	0	63	63
n07768694_457.JPEG	15	28	39	52
n07768694_458.JPEG	0	1	63	63
n07768694_459.JPEG	0	0	63	63
n07768694_460.JPEG	0	1	43	63
n07768694_461.JPEG	0	6	54	61
n07768694_462.JPEG	1	1	63	63
n07768694_463.JPEG	22	10	42	47
n07768694_464.JPEG	60	40	63	54
n07768694_465.JPEG	6	13	63	63
n07768694_466.JPEG	0	24	0	28
n07768694_467.JPEG	5	0	62	57
n07768694_468.JPEG	7	4	54	63
n07768694_469.JPEG	38	18	51	30
n07768694_470.JPEG	43	30	63	52
n07768694_471.JPEG	0	0	63	63
n07768694_472.JPEG	6	18	49	51
n07768694_473.JPEG	0	8	42	60
n07768694_474.JPEG	1	12	63	63
n07768694_475.JPEG	0	5	38	51
n07768694_476.JPEG	0	0	63	63
n07768694_477.JPEG	24	23	44	47
n07768694_478.JPEG	0	0	63	63
n07768694_479.JPEG	26	27	51	47
n07768694_480.JPEG	0	0	63	63
n07768694_481.JPEG	0	12	63	53
n07768694_482.JPEG	7	24	47	63
n07768694_483.JPEG	0	1	62	63
n07768694_484.JPEG	2	13	53	63
n07768694_485.JPEG	25	5	63	46
n07768694_486.JPEG	0	2	63	63
n07768694_487.JPEG	21	24	42	40
n07768694_488.JPEG	33	14	63	59
n07768694_489.JPEG	28	13	63	61
n07768694_490.JPEG	0	0	63	63
n07768694_491.JPEG	40	9	63	42
n07768694_492.JPEG	12	9	60	59
n07768694_493.JPEG	0	2	63	43
n07768694_494.JPEG	47	9	61	23
n07768694_495.JPEG	0	0	63	35
n07768694_496.JPEG	5	0	63	46
n07768694_497.JPEG	4	0	60	63
n07768694_498.JPEG	51	11	63	44
n07768694_499.JPEG	44	29	63	49
