n03089624_0.JPEG	1	0	63	63
n03089624_1.JPEG	0	4	63	63
n03089624_2.JPEG	0	0	63	63
n03089624_3.JPEG	0	0	63	63
n03089624_4.JPEG	0	1	63	63
n03089624_5.JPEG	1	0	63	63
n03089624_6.JPEG	0	1	63	63
n03089624_7.JPEG	0	0	63	63
n03089624_8.JPEG	0	1	63	63
n03089624_9.JPEG	0	0	63	63
n03089624_10.JPEG	0	0	63	63
n03089624_11.JPEG	34	59	51	63
n03089624_12.JPEG	0	0	63	63
n03089624_13.JPEG	0	0	63	63
n03089624_14.JPEG	0	0	63	63
n03089624_15.JPEG	0	0	63	63
n03089624_16.JPEG	0	1	63	63
n03089624_17.JPEG	1	0	63	63
n03089624_18.JPEG	0	1	63	63
n03089624_19.JPEG	0	0	63	63
n03089624_20.JPEG	0	0	63	63
n03089624_21.JPEG	0	8	63	63
n03089624_22.JPEG	0	0	63	63
n03089624_23.JPEG	0	0	63	63
n03089624_24.JPEG	13	0	63	63
n03089624_25.JPEG	0	0	63	63
n03089624_26.JPEG	0	1	63	63
n03089624_27.JPEG	0	0	63	63
n03089624_28.JPEG	0	14	37	63
n03089624_29.JPEG	0	0	63	63
n03089624_30.JPEG	0	0	63	63
n03089624_31.JPEG	0	1	63	63
n03089624_32.JPEG	0	0	63	63
n03089624_33.JPEG	0	0	63	63
n03089624_34.JPEG	0	0	63	63
n03089624_35.JPEG	7	0	63	63
n03089624_36.JPEG	1	0	63	63
n03089624_37.JPEG	56	46	63	56
n03089624_38.JPEG	16	1	63	63
n03089624_39.JPEG	0	1	63	63
n03089624_40.JPEG	0	1	63	63
n03089624_41.JPEG	9	0	48	63
n03089624_42.JPEG	0	1	63	63
n03089624_43.JPEG	0	6	63	59
n03089624_44.JPEG	0	0	63	63
n03089624_45.JPEG	0	0	63	63
n03089624_46.JPEG	0	0	63	63
n03089624_47.JPEG	0	0	63	63
n03089624_48.JPEG	0	1	63	63
n03089624_49.JPEG	0	1	63	63
n03089624_50.JPEG	0	1	63	63
n03089624_51.JPEG	0	1	63	63
n03089624_52.JPEG	0	4	63	60
n03089624_53.JPEG	0	0	63	63
n03089624_54.JPEG	0	0	63	63
n03089624_55.JPEG	10	18	59	61
n03089624_56.JPEG	0	1	63	63
n03089624_57.JPEG	0	0	63	63
n03089624_58.JPEG	0	1	63	63
n03089624_59.JPEG	1	0	63	63
n03089624_60.JPEG	0	0	63	63
n03089624_61.JPEG	0	0	63	63
n03089624_62.JPEG	0	1	63	63
n03089624_63.JPEG	0	0	63	63
n03089624_64.JPEG	35	1	63	63
n03089624_65.JPEG	0	1	63	59
n03089624_66.JPEG	14	51	63	58
n03089624_67.JPEG	0	0	63	63
n03089624_68.JPEG	0	0	63	63
n03089624_69.JPEG	2	28	9	41
n03089624_70.JPEG	0	0	63	63
n03089624_71.JPEG	0	1	63	63
n03089624_72.JPEG	0	0	63	63
n03089624_73.JPEG	2	37	63	60
n03089624_74.JPEG	0	0	63	63
n03089624_75.JPEG	0	0	63	63
n03089624_76.JPEG	0	1	63	63
n03089624_77.JPEG	0	14	47	63
n03089624_78.JPEG	0	0	63	63
n03089624_79.JPEG	0	0	63	63
n03089624_80.JPEG	0	0	63	63
n03089624_81.JPEG	1	0	63	63
n03089624_82.JPEG	0	1	63	63
n03089624_83.JPEG	0	37	40	63
n03089624_84.JPEG	0	14	63	59
n03089624_85.JPEG	1	0	63	63
n03089624_86.JPEG	0	0	63	63
n03089624_87.JPEG	0	5	63	63
n03089624_88.JPEG	0	16	13	41
n03089624_89.JPEG	0	1	63	63
n03089624_90.JPEG	8	2	63	54
n03089624_91.JPEG	0	1	63	63
n03089624_92.JPEG	3	11	52	60
n03089624_93.JPEG	1	0	63	63
n03089624_94.JPEG	0	0	63	63
n03089624_95.JPEG	0	0	63	63
n03089624_96.JPEG	0	0	63	63
n03089624_97.JPEG	0	0	63	63
n03089624_98.JPEG	0	1	63	63
n03089624_99.JPEG	1	0	63	63
n03089624_100.JPEG	0	27	62	51
n03089624_101.JPEG	10	18	63	42
n03089624_102.JPEG	0	0	63	63
n03089624_103.JPEG	0	1	63	63
n03089624_104.JPEG	0	1	63	63
n03089624_105.JPEG	0	2	63	62
n03089624_106.JPEG	0	0	63	63
n03089624_107.JPEG	0	1	63	63
n03089624_108.JPEG	0	0	63	63
n03089624_109.JPEG	20	32	27	46
n03089624_110.JPEG	0	3	63	63
n03089624_111.JPEG	0	1	63	63
n03089624_112.JPEG	0	0	63	63
n03089624_113.JPEG	0	0	63	63
n03089624_114.JPEG	1	0	63	63
n03089624_115.JPEG	1	0	63	63
n03089624_116.JPEG	0	0	63	35
n03089624_117.JPEG	52	46	63	63
n03089624_118.JPEG	0	0	63	63
n03089624_119.JPEG	0	0	63	63
n03089624_120.JPEG	2	1	63	63
n03089624_121.JPEG	1	0	63	63
n03089624_122.JPEG	0	0	63	63
n03089624_123.JPEG	0	1	63	63
n03089624_124.JPEG	0	2	63	62
n03089624_125.JPEG	0	1	63	63
n03089624_126.JPEG	0	0	63	63
n03089624_127.JPEG	0	0	63	63
n03089624_128.JPEG	0	8	63	63
n03089624_129.JPEG	0	0	63	63
n03089624_130.JPEG	1	0	63	63
n03089624_131.JPEG	1	0	63	63
n03089624_132.JPEG	0	1	63	63
n03089624_133.JPEG	0	1	63	63
n03089624_134.JPEG	0	37	11	43
n03089624_135.JPEG	1	0	63	63
n03089624_136.JPEG	0	0	63	63
n03089624_137.JPEG	0	4	63	62
n03089624_138.JPEG	0	0	63	63
n03089624_139.JPEG	0	16	63	63
n03089624_140.JPEG	28	43	44	58
n03089624_141.JPEG	0	9	63	45
n03089624_142.JPEG	2	7	60	63
n03089624_143.JPEG	0	1	63	63
n03089624_144.JPEG	0	1	63	63
n03089624_145.JPEG	0	1	63	63
n03089624_146.JPEG	0	0	63	63
n03089624_147.JPEG	0	1	63	63
n03089624_148.JPEG	0	1	63	63
n03089624_149.JPEG	0	0	63	63
n03089624_150.JPEG	0	0	63	63
n03089624_151.JPEG	16	4	47	26
n03089624_152.JPEG	0	10	63	63
n03089624_153.JPEG	1	0	63	63
n03089624_154.JPEG	0	3	63	62
n03089624_155.JPEG	0	13	15	41
n03089624_156.JPEG	0	1	56	63
n03089624_157.JPEG	0	1	63	63
n03089624_158.JPEG	0	0	63	63
n03089624_159.JPEG	0	0	63	63
n03089624_160.JPEG	1	0	63	63
n03089624_161.JPEG	3	0	59	63
n03089624_162.JPEG	0	0	63	63
n03089624_163.JPEG	0	1	63	63
n03089624_164.JPEG	0	0	63	63
n03089624_165.JPEG	0	1	63	63
n03089624_166.JPEG	0	51	63	63
n03089624_167.JPEG	0	1	63	63
n03089624_168.JPEG	0	0	63	63
n03089624_169.JPEG	1	1	63	63
n03089624_170.JPEG	0	0	63	63
n03089624_171.JPEG	0	6	63	63
n03089624_172.JPEG	0	1	63	63
n03089624_173.JPEG	0	1	63	63
n03089624_174.JPEG	0	0	63	63
n03089624_175.JPEG	0	0	63	63
n03089624_176.JPEG	0	1	63	63
n03089624_177.JPEG	0	0	63	63
n03089624_178.JPEG	0	0	63	63
n03089624_179.JPEG	7	34	18	45
n03089624_180.JPEG	14	3	63	55
n03089624_181.JPEG	0	1	63	63
n03089624_182.JPEG	0	0	63	63
n03089624_183.JPEG	0	0	63	63
n03089624_184.JPEG	0	0	63	63
n03089624_185.JPEG	16	19	48	46
n03089624_186.JPEG	0	0	63	63
n03089624_187.JPEG	0	0	63	63
n03089624_188.JPEG	0	0	63	63
n03089624_189.JPEG	0	0	63	63
n03089624_190.JPEG	0	1	63	63
n03089624_191.JPEG	0	1	63	63
n03089624_192.JPEG	10	45	22	63
n03089624_193.JPEG	0	1	63	63
n03089624_194.JPEG	0	0	63	63
n03089624_195.JPEG	0	0	63	63
n03089624_196.JPEG	0	0	63	63
n03089624_197.JPEG	1	0	63	63
n03089624_198.JPEG	0	0	63	63
n03089624_199.JPEG	0	0	63	63
n03089624_200.JPEG	0	34	63	63
n03089624_201.JPEG	0	0	63	63
n03089624_202.JPEG	0	0	63	63
n03089624_203.JPEG	0	1	63	63
n03089624_204.JPEG	0	0	63	63
n03089624_205.JPEG	0	0	63	63
n03089624_206.JPEG	0	0	63	63
n03089624_207.JPEG	10	56	31	63
n03089624_208.JPEG	0	24	43	63
n03089624_209.JPEG	4	3	63	61
n03089624_210.JPEG	0	1	63	63
n03089624_211.JPEG	0	0	63	63
n03089624_212.JPEG	1	0	63	63
n03089624_213.JPEG	0	0	63	63
n03089624_214.JPEG	0	1	63	63
n03089624_215.JPEG	0	1	63	63
n03089624_216.JPEG	17	21	37	30
n03089624_217.JPEG	0	0	63	63
n03089624_218.JPEG	0	1	63	63
n03089624_219.JPEG	0	0	63	63
n03089624_220.JPEG	0	2	63	63
n03089624_221.JPEG	0	0	63	63
n03089624_222.JPEG	51	50	63	57
n03089624_223.JPEG	0	15	63	63
n03089624_224.JPEG	0	1	63	63
n03089624_225.JPEG	0	1	13	63
n03089624_226.JPEG	0	0	63	63
n03089624_227.JPEG	0	0	63	63
n03089624_228.JPEG	0	1	63	63
n03089624_229.JPEG	0	1	63	63
n03089624_230.JPEG	29	47	45	57
n03089624_231.JPEG	0	0	63	63
n03089624_232.JPEG	0	1	63	63
n03089624_233.JPEG	0	0	63	63
n03089624_234.JPEG	10	0	51	63
n03089624_235.JPEG	0	0	63	63
n03089624_236.JPEG	0	0	63	63
n03089624_237.JPEG	0	1	63	63
n03089624_238.JPEG	0	1	63	63
n03089624_239.JPEG	0	1	63	63
n03089624_240.JPEG	0	0	63	63
n03089624_241.JPEG	0	0	63	63
n03089624_242.JPEG	0	0	63	63
n03089624_243.JPEG	0	0	63	63
n03089624_244.JPEG	0	1	63	63
n03089624_245.JPEG	0	0	63	63
n03089624_246.JPEG	0	0	63	63
n03089624_247.JPEG	0	0	63	63
n03089624_248.JPEG	0	1	63	63
n03089624_249.JPEG	0	1	63	63
n03089624_250.JPEG	0	0	63	63
n03089624_251.JPEG	0	0	63	63
n03089624_252.JPEG	0	0	63	63
n03089624_253.JPEG	0	0	63	63
n03089624_254.JPEG	0	0	63	63
n03089624_255.JPEG	0	0	63	63
n03089624_256.JPEG	0	1	63	63
n03089624_257.JPEG	0	1	63	63
n03089624_258.JPEG	0	0	63	63
n03089624_259.JPEG	0	0	61	63
n03089624_260.JPEG	0	51	55	63
n03089624_261.JPEG	0	0	63	63
n03089624_262.JPEG	0	0	63	63
n03089624_263.JPEG	0	1	63	63
n03089624_264.JPEG	1	0	63	63
n03089624_265.JPEG	0	0	63	63
n03089624_266.JPEG	0	0	63	63
n03089624_267.JPEG	0	0	63	63
n03089624_268.JPEG	0	0	63	63
n03089624_269.JPEG	0	1	63	63
n03089624_270.JPEG	0	1	63	63
n03089624_271.JPEG	0	0	63	63
n03089624_272.JPEG	0	1	63	63
n03089624_273.JPEG	0	0	63	63
n03089624_274.JPEG	0	0	63	63
n03089624_275.JPEG	0	0	63	63
n03089624_276.JPEG	0	1	63	63
n03089624_277.JPEG	0	0	63	63
n03089624_278.JPEG	0	3	63	63
n03089624_279.JPEG	0	1	63	63
n03089624_280.JPEG	23	14	35	29
n03089624_281.JPEG	0	1	63	63
n03089624_282.JPEG	0	1	63	63
n03089624_283.JPEG	1	0	63	63
n03089624_284.JPEG	1	0	63	63
n03089624_285.JPEG	0	1	63	63
n03089624_286.JPEG	0	0	63	63
n03089624_287.JPEG	0	1	63	63
n03089624_288.JPEG	0	0	63	63
n03089624_289.JPEG	0	11	63	57
n03089624_290.JPEG	1	0	63	63
n03089624_291.JPEG	5	40	36	63
n03089624_292.JPEG	7	5	63	63
n03089624_293.JPEG	0	0	63	63
n03089624_294.JPEG	8	23	26	34
n03089624_295.JPEG	0	1	63	63
n03089624_296.JPEG	1	0	63	63
n03089624_297.JPEG	0	1	63	63
n03089624_298.JPEG	57	43	63	56
n03089624_299.JPEG	0	1	63	63
n03089624_300.JPEG	0	1	63	63
n03089624_301.JPEG	0	0	63	63
n03089624_302.JPEG	0	0	63	63
n03089624_303.JPEG	0	0	63	63
n03089624_304.JPEG	0	1	63	63
n03089624_305.JPEG	0	22	63	63
n03089624_306.JPEG	0	26	55	63
n03089624_307.JPEG	0	0	63	63
n03089624_308.JPEG	0	5	63	34
n03089624_309.JPEG	0	1	63	60
n03089624_310.JPEG	0	0	63	63
n03089624_311.JPEG	0	0	63	63
n03089624_312.JPEG	0	0	63	63
n03089624_313.JPEG	0	1	32	63
n03089624_314.JPEG	0	0	63	62
n03089624_315.JPEG	59	9	62	11
n03089624_316.JPEG	0	0	63	63
n03089624_317.JPEG	0	1	63	63
n03089624_318.JPEG	0	0	63	63
n03089624_319.JPEG	0	0	63	63
n03089624_320.JPEG	0	0	63	63
n03089624_321.JPEG	0	0	63	63
n03089624_322.JPEG	40	27	63	63
n03089624_323.JPEG	4	0	63	63
n03089624_324.JPEG	0	0	63	63
n03089624_325.JPEG	52	17	58	37
n03089624_326.JPEG	0	0	63	63
n03089624_327.JPEG	0	5	63	63
n03089624_328.JPEG	0	0	63	63
n03089624_329.JPEG	0	0	63	63
n03089624_330.JPEG	0	1	63	63
n03089624_331.JPEG	0	0	63	63
n03089624_332.JPEG	0	0	63	63
n03089624_333.JPEG	0	0	63	63
n03089624_334.JPEG	0	1	63	63
n03089624_335.JPEG	0	34	63	63
n03089624_336.JPEG	0	1	63	63
n03089624_337.JPEG	5	0	63	63
n03089624_338.JPEG	38	44	57	63
n03089624_339.JPEG	0	0	63	63
n03089624_340.JPEG	1	0	63	63
n03089624_341.JPEG	0	11	63	63
n03089624_342.JPEG	0	0	63	63
n03089624_343.JPEG	0	0	63	63
n03089624_344.JPEG	0	1	63	63
n03089624_345.JPEG	1	0	63	63
n03089624_346.JPEG	0	1	63	63
n03089624_347.JPEG	0	0	63	63
n03089624_348.JPEG	0	0	63	63
n03089624_349.JPEG	0	0	63	63
n03089624_350.JPEG	0	0	63	63
n03089624_351.JPEG	1	0	63	63
n03089624_352.JPEG	1	0	63	63
n03089624_353.JPEG	0	3	63	63
n03089624_354.JPEG	0	0	63	63
n03089624_355.JPEG	0	0	63	63
n03089624_356.JPEG	0	4	56	63
n03089624_357.JPEG	0	0	63	63
n03089624_358.JPEG	0	13	44	41
n03089624_359.JPEG	0	0	63	63
n03089624_360.JPEG	0	0	63	63
n03089624_361.JPEG	0	0	63	63
n03089624_362.JPEG	0	0	63	63
n03089624_363.JPEG	0	1	63	63
n03089624_364.JPEG	0	1	63	63
n03089624_365.JPEG	0	0	63	63
n03089624_366.JPEG	0	0	63	63
n03089624_367.JPEG	0	0	63	63
n03089624_368.JPEG	0	3	63	53
n03089624_369.JPEG	0	0	63	63
n03089624_370.JPEG	0	1	63	63
n03089624_371.JPEG	0	1	63	63
n03089624_372.JPEG	0	0	63	63
n03089624_373.JPEG	0	0	63	63
n03089624_374.JPEG	0	1	63	63
n03089624_375.JPEG	1	33	63	63
n03089624_376.JPEG	0	1	63	63
n03089624_377.JPEG	0	0	63	63
n03089624_378.JPEG	0	0	63	63
n03089624_379.JPEG	0	11	54	63
n03089624_380.JPEG	0	0	63	63
n03089624_381.JPEG	1	0	63	63
n03089624_382.JPEG	0	0	63	63
n03089624_383.JPEG	1	2	63	63
n03089624_384.JPEG	0	1	63	63
n03089624_385.JPEG	0	0	63	63
n03089624_386.JPEG	0	0	63	63
n03089624_387.JPEG	0	1	63	63
n03089624_388.JPEG	0	0	63	63
n03089624_389.JPEG	0	0	63	63
n03089624_390.JPEG	0	0	63	63
n03089624_391.JPEG	0	1	63	63
n03089624_392.JPEG	0	1	63	63
n03089624_393.JPEG	0	11	63	63
n03089624_394.JPEG	0	1	63	63
n03089624_395.JPEG	0	0	63	63
n03089624_396.JPEG	0	0	63	63
n03089624_397.JPEG	0	0	63	63
n03089624_398.JPEG	0	0	63	63
n03089624_399.JPEG	1	0	63	63
n03089624_400.JPEG	0	0	63	63
n03089624_401.JPEG	0	0	63	63
n03089624_402.JPEG	0	1	63	63
n03089624_403.JPEG	0	0	63	63
n03089624_404.JPEG	0	1	63	63
n03089624_405.JPEG	0	1	63	63
n03089624_406.JPEG	0	1	63	63
n03089624_407.JPEG	0	0	63	63
n03089624_408.JPEG	0	59	37	63
n03089624_409.JPEG	0	0	63	63
n03089624_410.JPEG	0	1	63	63
n03089624_411.JPEG	0	0	63	63
n03089624_412.JPEG	0	0	63	63
n03089624_413.JPEG	0	0	63	63
n03089624_414.JPEG	0	0	63	63
n03089624_415.JPEG	0	0	63	63
n03089624_416.JPEG	0	1	63	63
n03089624_417.JPEG	0	0	63	63
n03089624_418.JPEG	0	0	63	63
n03089624_419.JPEG	0	0	63	63
n03089624_420.JPEG	0	1	63	63
n03089624_421.JPEG	0	3	63	63
n03089624_422.JPEG	0	0	63	63
n03089624_423.JPEG	0	0	63	63
n03089624_424.JPEG	63	40	63	43
n03089624_425.JPEG	0	0	63	63
n03089624_426.JPEG	1	0	63	63
n03089624_427.JPEG	0	0	63	63
n03089624_428.JPEG	0	0	63	63
n03089624_429.JPEG	0	0	63	63
n03089624_430.JPEG	0	0	63	63
n03089624_431.JPEG	0	0	63	63
n03089624_432.JPEG	0	24	63	57
n03089624_433.JPEG	0	0	63	63
n03089624_434.JPEG	0	0	63	63
n03089624_435.JPEG	0	0	63	63
n03089624_436.JPEG	0	0	63	63
n03089624_437.JPEG	0	7	63	63
n03089624_438.JPEG	0	0	63	63
n03089624_439.JPEG	0	0	63	63
n03089624_440.JPEG	0	0	63	63
n03089624_441.JPEG	1	0	63	63
n03089624_442.JPEG	0	0	63	63
n03089624_443.JPEG	0	0	63	63
n03089624_444.JPEG	0	0	63	48
n03089624_445.JPEG	0	0	63	63
n03089624_446.JPEG	41	44	55	51
n03089624_447.JPEG	0	0	63	60
n03089624_448.JPEG	0	6	63	52
n03089624_449.JPEG	0	0	63	63
n03089624_450.JPEG	0	1	63	63
n03089624_451.JPEG	0	1	63	63
n03089624_452.JPEG	0	5	63	60
n03089624_453.JPEG	0	0	63	63
n03089624_454.JPEG	0	0	63	63
n03089624_455.JPEG	0	0	63	63
n03089624_456.JPEG	0	0	63	63
n03089624_457.JPEG	0	0	63	63
n03089624_458.JPEG	0	0	63	63
n03089624_459.JPEG	0	0	63	63
n03089624_460.JPEG	0	1	63	63
n03089624_461.JPEG	0	0	63	63
n03089624_462.JPEG	51	23	63	31
n03089624_463.JPEG	0	0	63	63
n03089624_464.JPEG	0	0	63	63
n03089624_465.JPEG	2	42	51	63
n03089624_466.JPEG	0	0	63	63
n03089624_467.JPEG	0	1	63	63
n03089624_468.JPEG	0	0	63	63
n03089624_469.JPEG	0	1	63	63
n03089624_470.JPEG	0	1	63	63
n03089624_471.JPEG	0	1	63	63
n03089624_472.JPEG	0	0	63	63
n03089624_473.JPEG	0	0	63	63
n03089624_474.JPEG	0	1	63	63
n03089624_475.JPEG	0	0	63	63
n03089624_476.JPEG	0	0	63	63
n03089624_477.JPEG	0	0	63	63
n03089624_478.JPEG	0	1	63	63
n03089624_479.JPEG	0	0	63	63
n03089624_480.JPEG	0	0	63	63
n03089624_481.JPEG	0	1	63	63
n03089624_482.JPEG	0	0	63	63
n03089624_483.JPEG	0	0	63	63
n03089624_484.JPEG	0	0	63	63
n03089624_485.JPEG	0	0	63	63
n03089624_486.JPEG	0	0	63	63
n03089624_487.JPEG	0	0	63	63
n03089624_488.JPEG	11	0	63	63
n03089624_489.JPEG	0	1	63	63
n03089624_490.JPEG	0	0	63	63
n03089624_491.JPEG	2	0	62	63
n03089624_492.JPEG	0	0	63	63
n03089624_493.JPEG	0	1	63	63
n03089624_494.JPEG	0	0	63	63
n03089624_495.JPEG	0	9	63	63
n03089624_496.JPEG	0	0	63	63
n03089624_497.JPEG	0	0	63	63
n03089624_498.JPEG	21	21	63	47
n03089624_499.JPEG	0	0	63	63
