n02231487_0.JPEG	0	18	53	55
n02231487_1.JPEG	0	9	63	42
n02231487_2.JPEG	13	1	63	47
n02231487_3.JPEG	16	15	63	59
n02231487_4.JPEG	9	19	58	48
n02231487_5.JPEG	20	28	39	57
n02231487_6.JPEG	3	0	55	53
n02231487_7.JPEG	24	9	37	50
n02231487_8.JPEG	4	3	63	54
n02231487_9.JPEG	0	0	63	63
n02231487_10.JPEG	0	0	46	63
n02231487_11.JPEG	1	20	63	44
n02231487_12.JPEG	0	0	61	63
n02231487_13.JPEG	0	0	63	57
n02231487_14.JPEG	0	15	63	52
n02231487_15.JPEG	0	26	63	45
n02231487_16.JPEG	21	0	49	63
n02231487_17.JPEG	29	18	59	46
n02231487_18.JPEG	14	16	63	59
n02231487_19.JPEG	18	4	62	58
n02231487_20.JPEG	0	19	63	55
n02231487_21.JPEG	15	2	62	61
n02231487_22.JPEG	0	0	63	63
n02231487_23.JPEG	10	0	58	63
n02231487_24.JPEG	0	4	63	63
n02231487_25.JPEG	0	0	63	63
n02231487_26.JPEG	7	0	58	46
n02231487_27.JPEG	0	20	63	46
n02231487_28.JPEG	4	16	63	49
n02231487_29.JPEG	0	0	63	50
n02231487_30.JPEG	16	18	60	35
n02231487_31.JPEG	0	3	63	56
n02231487_32.JPEG	0	13	49	59
n02231487_33.JPEG	7	0	63	63
n02231487_34.JPEG	0	1	63	63
n02231487_35.JPEG	1	23	45	50
n02231487_36.JPEG	0	16	63	63
n02231487_37.JPEG	0	3	63	50
n02231487_38.JPEG	7	6	36	49
n02231487_39.JPEG	16	15	57	61
n02231487_40.JPEG	24	11	47	57
n02231487_41.JPEG	6	0	46	52
n02231487_42.JPEG	5	15	63	49
n02231487_43.JPEG	4	5	63	62
n02231487_44.JPEG	0	13	63	56
n02231487_45.JPEG	0	10	63	58
n02231487_46.JPEG	22	4	49	63
n02231487_47.JPEG	10	13	60	63
n02231487_48.JPEG	1	0	63	63
n02231487_49.JPEG	0	1	61	62
n02231487_50.JPEG	4	22	54	51
n02231487_51.JPEG	5	0	63	63
n02231487_52.JPEG	19	17	58	43
n02231487_53.JPEG	0	9	63	59
n02231487_54.JPEG	23	0	58	63
n02231487_55.JPEG	6	2	63	63
n02231487_56.JPEG	16	0	48	63
n02231487_57.JPEG	6	0	55	63
n02231487_58.JPEG	26	27	63	59
n02231487_59.JPEG	8	0	63	63
n02231487_60.JPEG	0	0	62	63
n02231487_61.JPEG	0	3	63	63
n02231487_62.JPEG	7	12	63	51
n02231487_63.JPEG	0	0	63	52
n02231487_64.JPEG	1	27	63	49
n02231487_65.JPEG	14	20	53	47
n02231487_66.JPEG	0	20	63	63
n02231487_67.JPEG	0	4	63	63
n02231487_68.JPEG	0	4	42	61
n02231487_69.JPEG	5	16	63	63
n02231487_70.JPEG	0	18	63	58
n02231487_71.JPEG	28	22	41	50
n02231487_72.JPEG	0	16	63	63
n02231487_73.JPEG	0	0	63	57
n02231487_74.JPEG	0	26	63	63
n02231487_75.JPEG	4	0	63	63
n02231487_76.JPEG	11	9	49	53
n02231487_77.JPEG	26	12	36	34
n02231487_78.JPEG	3	1	63	63
n02231487_79.JPEG	23	1	56	46
n02231487_80.JPEG	17	0	44	62
n02231487_81.JPEG	27	13	57	39
n02231487_82.JPEG	0	8	63	57
n02231487_83.JPEG	4	10	51	63
n02231487_84.JPEG	16	26	49	55
n02231487_85.JPEG	0	19	63	56
n02231487_86.JPEG	23	21	41	40
n02231487_87.JPEG	37	18	58	49
n02231487_88.JPEG	0	1	63	63
n02231487_89.JPEG	0	0	63	50
n02231487_90.JPEG	23	19	43	36
n02231487_91.JPEG	14	4	46	56
n02231487_92.JPEG	0	9	63	59
n02231487_93.JPEG	0	1	63	63
n02231487_94.JPEG	4	14	63	53
n02231487_95.JPEG	2	11	52	55
n02231487_96.JPEG	51	32	58	40
n02231487_97.JPEG	4	9	54	50
n02231487_98.JPEG	44	29	55	47
n02231487_99.JPEG	0	19	63	48
n02231487_100.JPEG	0	2	63	63
n02231487_101.JPEG	3	29	63	48
n02231487_102.JPEG	0	0	63	63
n02231487_103.JPEG	0	0	63	63
n02231487_104.JPEG	13	22	56	40
n02231487_105.JPEG	0	15	56	55
n02231487_106.JPEG	28	7	46	50
n02231487_107.JPEG	14	0	53	63
n02231487_108.JPEG	9	0	60	63
n02231487_109.JPEG	6	2	63	57
n02231487_110.JPEG	17	14	59	45
n02231487_111.JPEG	15	0	61	58
n02231487_112.JPEG	18	0	59	63
n02231487_113.JPEG	23	22	46	38
n02231487_114.JPEG	0	23	51	54
n02231487_115.JPEG	10	6	60	63
n02231487_116.JPEG	20	9	60	63
n02231487_117.JPEG	7	13	63	60
n02231487_118.JPEG	9	2	59	62
n02231487_119.JPEG	0	19	63	62
n02231487_120.JPEG	0	26	63	63
n02231487_121.JPEG	0	0	63	49
n02231487_122.JPEG	8	18	61	44
n02231487_123.JPEG	0	0	57	63
n02231487_124.JPEG	3	0	53	61
n02231487_125.JPEG	15	18	54	48
n02231487_126.JPEG	0	5	55	51
n02231487_127.JPEG	3	0	63	58
n02231487_128.JPEG	15	27	55	51
n02231487_129.JPEG	21	0	57	63
n02231487_130.JPEG	11	0	58	63
n02231487_131.JPEG	31	0	62	60
n02231487_132.JPEG	13	0	54	63
n02231487_133.JPEG	20	0	43	63
n02231487_134.JPEG	0	14	63	40
n02231487_135.JPEG	0	17	63	48
n02231487_136.JPEG	10	0	51	63
n02231487_137.JPEG	18	0	42	63
n02231487_138.JPEG	19	8	58	37
n02231487_139.JPEG	0	3	63	63
n02231487_140.JPEG	21	4	45	58
n02231487_141.JPEG	6	0	63	63
n02231487_142.JPEG	17	26	47	47
n02231487_143.JPEG	4	29	63	55
n02231487_144.JPEG	2	0	46	63
n02231487_145.JPEG	0	17	63	43
n02231487_146.JPEG	0	14	63	63
n02231487_147.JPEG	0	0	39	42
n02231487_148.JPEG	8	0	53	63
n02231487_149.JPEG	0	7	63	57
n02231487_150.JPEG	21	4	51	61
n02231487_151.JPEG	0	1	63	58
n02231487_152.JPEG	14	12	53	60
n02231487_153.JPEG	14	12	63	61
n02231487_154.JPEG	0	0	63	47
n02231487_155.JPEG	10	0	63	63
n02231487_156.JPEG	4	15	63	40
n02231487_157.JPEG	14	24	63	41
n02231487_158.JPEG	0	11	63	63
n02231487_159.JPEG	0	0	63	63
n02231487_160.JPEG	0	10	63	55
n02231487_161.JPEG	4	0	63	63
n02231487_162.JPEG	13	0	45	63
n02231487_163.JPEG	0	30	63	63
n02231487_164.JPEG	0	5	63	54
n02231487_165.JPEG	11	5	49	63
n02231487_166.JPEG	3	9	50	54
n02231487_167.JPEG	0	0	63	63
n02231487_168.JPEG	16	16	39	42
n02231487_169.JPEG	0	0	63	63
n02231487_170.JPEG	0	1	63	63
n02231487_171.JPEG	0	14	63	63
n02231487_172.JPEG	24	0	63	63
n02231487_173.JPEG	0	1	63	63
n02231487_174.JPEG	10	15	40	46
n02231487_175.JPEG	0	11	63	58
n02231487_176.JPEG	20	16	45	54
n02231487_177.JPEG	0	0	52	63
n02231487_178.JPEG	26	9	55	27
n02231487_179.JPEG	0	18	63	62
n02231487_180.JPEG	0	10	63	62
n02231487_181.JPEG	9	16	63	46
n02231487_182.JPEG	10	0	41	63
n02231487_183.JPEG	0	0	63	63
n02231487_184.JPEG	16	4	50	56
n02231487_185.JPEG	24	30	41	36
n02231487_186.JPEG	0	0	63	63
n02231487_187.JPEG	15	9	46	51
n02231487_188.JPEG	0	13	63	49
n02231487_189.JPEG	16	2	48	54
n02231487_190.JPEG	0	10	63	56
n02231487_191.JPEG	10	0	45	63
n02231487_192.JPEG	9	4	63	63
n02231487_193.JPEG	6	8	63	39
n02231487_194.JPEG	0	5	63	60
n02231487_195.JPEG	0	16	59	50
n02231487_196.JPEG	0	4	58	63
n02231487_197.JPEG	12	0	63	57
n02231487_198.JPEG	0	10	63	47
n02231487_199.JPEG	3	17	53	51
n02231487_200.JPEG	0	21	63	47
n02231487_201.JPEG	10	13	41	59
n02231487_202.JPEG	2	12	63	46
n02231487_203.JPEG	0	0	63	59
n02231487_204.JPEG	0	19	56	45
n02231487_205.JPEG	0	0	56	63
n02231487_206.JPEG	13	0	63	63
n02231487_207.JPEG	13	0	51	63
n02231487_208.JPEG	0	8	62	56
n02231487_209.JPEG	16	5	51	63
n02231487_210.JPEG	0	0	63	63
n02231487_211.JPEG	10	1	61	60
n02231487_212.JPEG	0	12	63	50
n02231487_213.JPEG	1	0	56	57
n02231487_214.JPEG	0	0	63	63
n02231487_215.JPEG	6	13	44	52
n02231487_216.JPEG	0	10	63	63
n02231487_217.JPEG	26	6	47	63
n02231487_218.JPEG	0	16	62	48
n02231487_219.JPEG	19	0	48	63
n02231487_220.JPEG	13	3	53	60
n02231487_221.JPEG	3	0	54	54
n02231487_222.JPEG	11	27	63	40
n02231487_223.JPEG	0	4	63	62
n02231487_224.JPEG	13	10	52	59
n02231487_225.JPEG	7	4	63	48
n02231487_226.JPEG	13	0	49	46
n02231487_227.JPEG	12	7	63	63
n02231487_228.JPEG	0	14	63	50
n02231487_229.JPEG	16	7	63	49
n02231487_230.JPEG	0	25	62	50
n02231487_231.JPEG	2	0	59	63
n02231487_232.JPEG	0	9	63	45
n02231487_233.JPEG	13	0	50	63
n02231487_234.JPEG	0	19	63	63
n02231487_235.JPEG	0	7	63	57
n02231487_236.JPEG	0	1	63	63
n02231487_237.JPEG	0	0	63	63
n02231487_238.JPEG	0	14	63	63
n02231487_239.JPEG	30	0	63	63
n02231487_240.JPEG	0	8	63	63
n02231487_241.JPEG	0	21	60	57
n02231487_242.JPEG	24	0	45	63
n02231487_243.JPEG	0	4	19	54
n02231487_244.JPEG	3	14	63	53
n02231487_245.JPEG	10	18	58	53
n02231487_246.JPEG	0	46	11	62
n02231487_247.JPEG	0	0	49	63
n02231487_248.JPEG	0	11	63	59
n02231487_249.JPEG	10	5	54	59
n02231487_250.JPEG	23	27	38	45
n02231487_251.JPEG	6	0	38	53
n02231487_252.JPEG	11	6	63	43
n02231487_253.JPEG	18	0	52	63
n02231487_254.JPEG	0	1	60	47
n02231487_255.JPEG	0	0	63	46
n02231487_256.JPEG	0	15	63	41
n02231487_257.JPEG	0	0	63	63
n02231487_258.JPEG	0	0	63	55
n02231487_259.JPEG	24	0	63	63
n02231487_260.JPEG	0	4	63	63
n02231487_261.JPEG	0	13	54	45
n02231487_262.JPEG	0	12	63	43
n02231487_263.JPEG	1	0	63	63
n02231487_264.JPEG	7	1	47	63
n02231487_265.JPEG	0	1	63	55
n02231487_266.JPEG	0	10	63	55
n02231487_267.JPEG	20	30	35	61
n02231487_268.JPEG	0	6	63	63
n02231487_269.JPEG	7	5	59	62
n02231487_270.JPEG	0	0	63	63
n02231487_271.JPEG	14	1	63	63
n02231487_272.JPEG	0	19	61	42
n02231487_273.JPEG	4	0	63	37
n02231487_274.JPEG	1	17	57	60
n02231487_275.JPEG	0	14	63	59
n02231487_276.JPEG	0	7	62	52
n02231487_277.JPEG	1	0	56	63
n02231487_278.JPEG	0	8	47	63
n02231487_279.JPEG	1	10	63	63
n02231487_280.JPEG	17	14	63	52
n02231487_281.JPEG	14	1	63	49
n02231487_282.JPEG	27	0	44	63
n02231487_283.JPEG	3	0	63	63
n02231487_284.JPEG	26	22	57	57
n02231487_285.JPEG	11	16	52	50
n02231487_286.JPEG	0	10	63	63
n02231487_287.JPEG	13	1	63	62
n02231487_288.JPEG	10	11	63	55
n02231487_289.JPEG	0	0	61	60
n02231487_290.JPEG	19	17	43	52
n02231487_291.JPEG	7	0	63	63
n02231487_292.JPEG	0	1	63	59
n02231487_293.JPEG	0	15	44	63
n02231487_294.JPEG	26	1	39	57
n02231487_295.JPEG	24	0	43	48
n02231487_296.JPEG	21	17	44	46
n02231487_297.JPEG	7	0	50	63
n02231487_298.JPEG	2	5	58	58
n02231487_299.JPEG	11	1	63	63
n02231487_300.JPEG	0	13	63	53
n02231487_301.JPEG	7	0	47	63
n02231487_302.JPEG	1	0	63	58
n02231487_303.JPEG	2	0	60	63
n02231487_304.JPEG	12	12	50	60
n02231487_305.JPEG	0	1	63	59
n02231487_306.JPEG	0	1	63	56
n02231487_307.JPEG	0	1	63	63
n02231487_308.JPEG	0	9	27	50
n02231487_309.JPEG	0	22	63	58
n02231487_310.JPEG	0	13	54	53
n02231487_311.JPEG	0	1	61	63
n02231487_312.JPEG	0	7	63	63
n02231487_313.JPEG	12	0	57	62
n02231487_314.JPEG	0	7	63	48
n02231487_315.JPEG	0	0	63	63
n02231487_316.JPEG	0	0	63	51
n02231487_317.JPEG	0	12	63	50
n02231487_318.JPEG	11	7	52	34
n02231487_319.JPEG	0	21	63	63
n02231487_320.JPEG	2	15	63	44
n02231487_321.JPEG	30	12	51	34
n02231487_322.JPEG	3	0	63	63
n02231487_323.JPEG	17	5	56	61
n02231487_324.JPEG	0	14	63	63
n02231487_325.JPEG	0	17	63	51
n02231487_326.JPEG	0	16	59	63
n02231487_327.JPEG	0	3	63	46
n02231487_328.JPEG	40	26	60	56
n02231487_329.JPEG	13	0	56	63
n02231487_330.JPEG	0	1	63	62
n02231487_331.JPEG	10	0	44	63
n02231487_332.JPEG	5	0	62	63
n02231487_333.JPEG	11	0	56	63
n02231487_334.JPEG	5	21	35	43
n02231487_335.JPEG	5	0	62	58
n02231487_336.JPEG	6	16	46	52
n02231487_337.JPEG	0	13	63	60
n02231487_338.JPEG	0	13	63	63
n02231487_339.JPEG	0	1	63	61
n02231487_340.JPEG	2	0	63	63
n02231487_341.JPEG	12	0	52	63
n02231487_342.JPEG	6	9	63	43
n02231487_343.JPEG	0	1	63	63
n02231487_344.JPEG	44	19	61	51
n02231487_345.JPEG	0	10	63	55
n02231487_346.JPEG	24	0	55	25
n02231487_347.JPEG	18	2	57	63
n02231487_348.JPEG	16	23	63	63
n02231487_349.JPEG	0	23	63	52
n02231487_350.JPEG	17	15	63	40
n02231487_351.JPEG	16	23	47	62
n02231487_352.JPEG	0	13	63	48
n02231487_353.JPEG	5	0	41	63
n02231487_354.JPEG	0	6	63	59
n02231487_355.JPEG	1	6	63	55
n02231487_356.JPEG	1	10	63	56
n02231487_357.JPEG	0	0	63	61
n02231487_358.JPEG	9	27	59	49
n02231487_359.JPEG	23	1	41	45
n02231487_360.JPEG	7	0	60	59
n02231487_361.JPEG	12	5	53	55
n02231487_362.JPEG	0	8	63	60
n02231487_363.JPEG	0	22	63	59
n02231487_364.JPEG	24	8	61	50
n02231487_365.JPEG	0	12	63	63
n02231487_366.JPEG	0	0	63	63
n02231487_367.JPEG	20	0	54	63
n02231487_368.JPEG	0	12	63	59
n02231487_369.JPEG	11	5	54	57
n02231487_370.JPEG	0	2	56	63
n02231487_371.JPEG	0	5	63	59
n02231487_372.JPEG	24	3	57	57
n02231487_373.JPEG	22	7	57	62
n02231487_374.JPEG	0	0	63	63
n02231487_375.JPEG	8	17	63	63
n02231487_376.JPEG	2	13	63	63
n02231487_377.JPEG	0	16	42	52
n02231487_378.JPEG	0	11	63	49
n02231487_379.JPEG	16	0	53	63
n02231487_380.JPEG	1	0	33	63
n02231487_381.JPEG	17	28	28	45
n02231487_382.JPEG	0	3	51	60
n02231487_383.JPEG	8	16	56	44
n02231487_384.JPEG	10	1	49	61
n02231487_385.JPEG	0	5	63	62
n02231487_386.JPEG	18	0	53	63
n02231487_387.JPEG	0	20	63	57
n02231487_388.JPEG	0	2	63	42
n02231487_389.JPEG	4	15	63	54
n02231487_390.JPEG	4	15	58	51
n02231487_391.JPEG	28	0	46	35
n02231487_392.JPEG	4	13	50	58
n02231487_393.JPEG	11	0	53	53
n02231487_394.JPEG	10	17	47	47
n02231487_395.JPEG	1	22	63	50
n02231487_396.JPEG	5	0	63	63
n02231487_397.JPEG	0	3	63	62
n02231487_398.JPEG	7	0	61	63
n02231487_399.JPEG	15	21	37	54
n02231487_400.JPEG	0	5	63	51
n02231487_401.JPEG	13	10	54	50
n02231487_402.JPEG	0	19	48	41
n02231487_403.JPEG	3	9	56	63
n02231487_404.JPEG	14	12	45	63
n02231487_405.JPEG	0	4	63	49
n02231487_406.JPEG	0	12	63	62
n02231487_407.JPEG	22	10	53	57
n02231487_408.JPEG	22	12	50	49
n02231487_409.JPEG	0	0	63	63
n02231487_410.JPEG	0	6	63	63
n02231487_411.JPEG	1	26	61	50
n02231487_412.JPEG	0	30	63	63
n02231487_413.JPEG	7	2	58	60
n02231487_414.JPEG	0	7	61	53
n02231487_415.JPEG	27	4	48	42
n02231487_416.JPEG	21	0	48	63
n02231487_417.JPEG	19	14	63	44
n02231487_418.JPEG	0	4	63	61
n02231487_419.JPEG	8	0	59	63
n02231487_420.JPEG	0	1	63	61
n02231487_421.JPEG	11	12	63	45
n02231487_422.JPEG	13	8	57	57
n02231487_423.JPEG	12	25	51	47
n02231487_424.JPEG	0	0	63	63
n02231487_425.JPEG	2	6	59	51
n02231487_426.JPEG	0	0	63	63
n02231487_427.JPEG	2	20	63	63
n02231487_428.JPEG	0	2	63	62
n02231487_429.JPEG	0	4	63	39
n02231487_430.JPEG	5	2	63	62
n02231487_431.JPEG	5	1	63	46
n02231487_432.JPEG	0	22	63	55
n02231487_433.JPEG	0	10	63	56
n02231487_434.JPEG	0	6	63	63
n02231487_435.JPEG	4	0	59	63
n02231487_436.JPEG	2	24	54	44
n02231487_437.JPEG	0	5	61	63
n02231487_438.JPEG	4	4	57	63
n02231487_439.JPEG	13	0	49	63
n02231487_440.JPEG	7	1	50	46
n02231487_441.JPEG	0	3	63	48
n02231487_442.JPEG	4	0	63	58
n02231487_443.JPEG	0	12	63	57
n02231487_444.JPEG	19	0	56	63
n02231487_445.JPEG	4	0	63	63
n02231487_446.JPEG	0	7	63	51
n02231487_447.JPEG	0	18	63	60
n02231487_448.JPEG	0	0	63	63
n02231487_449.JPEG	0	2	63	62
n02231487_450.JPEG	3	33	42	56
n02231487_451.JPEG	6	24	58	44
n02231487_452.JPEG	17	1	63	63
n02231487_453.JPEG	14	0	54	63
n02231487_454.JPEG	7	22	54	49
n02231487_455.JPEG	0	3	63	63
n02231487_456.JPEG	0	17	58	49
n02231487_457.JPEG	0	1	63	63
n02231487_458.JPEG	0	18	63	63
n02231487_459.JPEG	0	12	63	52
n02231487_460.JPEG	0	0	63	63
n02231487_461.JPEG	15	0	57	63
n02231487_462.JPEG	0	11	63	63
n02231487_463.JPEG	0	1	63	52
n02231487_464.JPEG	10	0	43	63
n02231487_465.JPEG	8	4	44	60
n02231487_466.JPEG	0	1	63	63
n02231487_467.JPEG	5	5	48	63
n02231487_468.JPEG	0	0	63	63
n02231487_469.JPEG	0	8	63	53
n02231487_470.JPEG	28	13	59	55
n02231487_471.JPEG	0	4	63	63
n02231487_472.JPEG	3	2	58	63
n02231487_473.JPEG	6	0	34	63
n02231487_474.JPEG	0	12	63	59
n02231487_475.JPEG	16	11	54	52
n02231487_476.JPEG	0	9	63	57
n02231487_477.JPEG	0	0	61	63
n02231487_478.JPEG	12	9	48	58
n02231487_479.JPEG	28	0	44	63
n02231487_480.JPEG	0	0	63	53
n02231487_481.JPEG	0	1	63	63
n02231487_482.JPEG	10	1	63	58
n02231487_483.JPEG	13	9	63	51
n02231487_484.JPEG	7	21	63	42
n02231487_485.JPEG	0	12	63	57
n02231487_486.JPEG	0	16	62	49
n02231487_487.JPEG	6	8	57	49
n02231487_488.JPEG	16	3	52	57
n02231487_489.JPEG	0	1	63	50
n02231487_490.JPEG	0	14	63	51
n02231487_491.JPEG	14	16	36	54
n02231487_492.JPEG	7	0	47	63
n02231487_493.JPEG	11	11	46	52
n02231487_494.JPEG	3	0	51	63
n02231487_495.JPEG	0	15	63	57
n02231487_496.JPEG	0	0	63	63
n02231487_497.JPEG	0	1	63	61
n02231487_498.JPEG	2	1	63	61
n02231487_499.JPEG	1	0	60	58
