n02236044_0.JPEG	8	6	63	63
n02236044_1.JPEG	4	5	53	60
n02236044_2.JPEG	6	6	63	61
n02236044_3.JPEG	0	7	58	63
n02236044_4.JPEG	4	1	63	63
n02236044_5.JPEG	13	0	63	63
n02236044_6.JPEG	4	7	63	40
n02236044_7.JPEG	0	0	63	63
n02236044_8.JPEG	0	9	55	54
n02236044_9.JPEG	0	4	63	63
n02236044_10.JPEG	0	1	63	63
n02236044_11.JPEG	0	3	63	63
n02236044_12.JPEG	0	0	63	63
n02236044_13.JPEG	1	0	63	63
n02236044_14.JPEG	0	5	63	50
n02236044_15.JPEG	0	8	37	63
n02236044_16.JPEG	0	2	48	63
n02236044_17.JPEG	2	8	54	52
n02236044_18.JPEG	0	13	63	58
n02236044_19.JPEG	14	0	57	63
n02236044_20.JPEG	0	0	37	63
n02236044_21.JPEG	12	12	52	62
n02236044_22.JPEG	10	0	53	63
n02236044_23.JPEG	2	0	31	60
n02236044_24.JPEG	5	7	57	63
n02236044_25.JPEG	11	11	63	63
n02236044_26.JPEG	2	35	61	63
n02236044_27.JPEG	2	6	61	61
n02236044_28.JPEG	1	5	63	63
n02236044_29.JPEG	0	6	63	54
n02236044_30.JPEG	0	1	63	63
n02236044_31.JPEG	0	0	63	63
n02236044_32.JPEG	17	12	63	63
n02236044_33.JPEG	0	4	63	63
n02236044_34.JPEG	1	0	63	63
n02236044_35.JPEG	11	16	51	49
n02236044_36.JPEG	18	24	40	41
n02236044_37.JPEG	18	0	40	63
n02236044_38.JPEG	0	24	41	57
n02236044_39.JPEG	11	24	50	48
n02236044_40.JPEG	8	3	55	63
n02236044_41.JPEG	6	4	60	63
n02236044_42.JPEG	2	1	59	63
n02236044_43.JPEG	8	5	63	59
n02236044_44.JPEG	21	17	51	53
n02236044_45.JPEG	0	0	63	63
n02236044_46.JPEG	8	0	48	58
n02236044_47.JPEG	10	2	56	62
n02236044_48.JPEG	15	0	48	63
n02236044_49.JPEG	22	31	52	47
n02236044_50.JPEG	7	0	63	63
n02236044_51.JPEG	6	0	61	63
n02236044_52.JPEG	17	11	63	63
n02236044_53.JPEG	7	5	52	63
n02236044_54.JPEG	20	17	54	45
n02236044_55.JPEG	20	10	35	39
n02236044_56.JPEG	0	1	63	63
n02236044_57.JPEG	0	0	63	59
n02236044_58.JPEG	6	0	59	63
n02236044_59.JPEG	0	15	63	46
n02236044_60.JPEG	7	0	60	63
n02236044_61.JPEG	2	1	63	63
n02236044_62.JPEG	0	1	63	51
n02236044_63.JPEG	7	19	38	42
n02236044_64.JPEG	0	18	61	63
n02236044_65.JPEG	0	7	63	58
n02236044_66.JPEG	6	5	54	42
n02236044_67.JPEG	0	0	63	63
n02236044_68.JPEG	0	0	63	63
n02236044_69.JPEG	0	6	63	62
n02236044_70.JPEG	0	13	56	63
n02236044_71.JPEG	1	0	63	54
n02236044_72.JPEG	7	1	63	63
n02236044_73.JPEG	0	5	63	63
n02236044_74.JPEG	1	0	63	63
n02236044_75.JPEG	2	1	62	63
n02236044_76.JPEG	0	3	63	63
n02236044_77.JPEG	17	24	52	51
n02236044_78.JPEG	0	13	46	58
n02236044_79.JPEG	4	0	63	63
n02236044_80.JPEG	0	1	63	63
n02236044_81.JPEG	20	15	52	60
n02236044_82.JPEG	24	11	63	52
n02236044_83.JPEG	8	0	63	53
n02236044_84.JPEG	0	8	63	63
n02236044_85.JPEG	9	0	63	63
n02236044_86.JPEG	7	11	60	49
n02236044_87.JPEG	20	7	51	63
n02236044_88.JPEG	13	12	42	63
n02236044_89.JPEG	0	1	57	60
n02236044_90.JPEG	20	3	44	63
n02236044_91.JPEG	0	12	63	62
n02236044_92.JPEG	19	4	44	56
n02236044_93.JPEG	6	0	59	63
n02236044_94.JPEG	9	20	63	56
n02236044_95.JPEG	0	15	62	49
n02236044_96.JPEG	7	0	56	33
n02236044_97.JPEG	12	16	61	56
n02236044_98.JPEG	23	21	53	45
n02236044_99.JPEG	0	0	63	63
n02236044_100.JPEG	31	15	43	40
n02236044_101.JPEG	0	5	63	63
n02236044_102.JPEG	7	0	63	47
n02236044_103.JPEG	9	0	58	63
n02236044_104.JPEG	30	0	53	63
n02236044_105.JPEG	22	7	59	60
n02236044_106.JPEG	14	0	61	63
n02236044_107.JPEG	12	0	51	63
n02236044_108.JPEG	9	2	55	61
n02236044_109.JPEG	28	30	63	52
n02236044_110.JPEG	0	4	63	63
n02236044_111.JPEG	0	0	63	63
n02236044_112.JPEG	8	0	58	63
n02236044_113.JPEG	14	21	63	62
n02236044_114.JPEG	2	13	63	58
n02236044_115.JPEG	5	24	63	56
n02236044_116.JPEG	26	13	55	31
n02236044_117.JPEG	0	0	63	63
n02236044_118.JPEG	25	28	45	40
n02236044_119.JPEG	1	1	63	63
n02236044_120.JPEG	0	1	58	63
n02236044_121.JPEG	1	1	63	63
n02236044_122.JPEG	27	0	63	63
n02236044_123.JPEG	20	1	63	53
n02236044_124.JPEG	15	15	38	62
n02236044_125.JPEG	0	16	63	58
n02236044_126.JPEG	0	23	63	63
n02236044_127.JPEG	28	12	61	53
n02236044_128.JPEG	14	6	52	49
n02236044_129.JPEG	4	0	61	63
n02236044_130.JPEG	0	0	63	63
n02236044_131.JPEG	0	0	63	63
n02236044_132.JPEG	0	6	63	56
n02236044_133.JPEG	0	8	54	60
n02236044_134.JPEG	0	20	63	57
n02236044_135.JPEG	8	2	63	58
n02236044_136.JPEG	4	0	63	55
n02236044_137.JPEG	12	9	63	60
n02236044_138.JPEG	0	0	58	56
n02236044_139.JPEG	0	5	46	63
n02236044_140.JPEG	5	0	61	51
n02236044_141.JPEG	24	2	52	63
n02236044_142.JPEG	0	11	63	54
n02236044_143.JPEG	12	12	51	41
n02236044_144.JPEG	12	0	46	63
n02236044_145.JPEG	0	1	55	63
n02236044_146.JPEG	18	20	55	43
n02236044_147.JPEG	0	17	31	55
n02236044_148.JPEG	0	8	63	63
n02236044_149.JPEG	16	24	57	60
n02236044_150.JPEG	7	15	55	63
n02236044_151.JPEG	14	5	48	55
n02236044_152.JPEG	0	0	63	63
n02236044_153.JPEG	0	6	63	60
n02236044_154.JPEG	0	3	50	63
n02236044_155.JPEG	0	0	60	53
n02236044_156.JPEG	0	6	45	59
n02236044_157.JPEG	15	1	61	45
n02236044_158.JPEG	0	7	39	60
n02236044_159.JPEG	4	0	63	63
n02236044_160.JPEG	0	3	60	62
n02236044_161.JPEG	13	7	63	63
n02236044_162.JPEG	2	1	63	63
n02236044_163.JPEG	1	0	62	43
n02236044_164.JPEG	2	0	63	59
n02236044_165.JPEG	0	0	63	63
n02236044_166.JPEG	11	0	63	63
n02236044_167.JPEG	12	0	63	63
n02236044_168.JPEG	0	0	63	63
n02236044_169.JPEG	9	16	61	63
n02236044_170.JPEG	37	24	62	62
n02236044_171.JPEG	0	1	63	63
n02236044_172.JPEG	0	9	57	59
n02236044_173.JPEG	35	0	63	57
n02236044_174.JPEG	0	0	63	63
n02236044_175.JPEG	0	1	44	39
n02236044_176.JPEG	0	0	63	63
n02236044_177.JPEG	0	1	63	63
n02236044_178.JPEG	6	1	63	63
n02236044_179.JPEG	0	3	49	63
n02236044_180.JPEG	0	3	63	63
n02236044_181.JPEG	9	0	63	63
n02236044_182.JPEG	0	3	60	61
n02236044_183.JPEG	8	7	63	63
n02236044_184.JPEG	0	3	63	62
n02236044_185.JPEG	8	16	63	63
n02236044_186.JPEG	0	5	63	63
n02236044_187.JPEG	1	0	14	36
n02236044_188.JPEG	20	9	55	63
n02236044_189.JPEG	12	19	39	46
n02236044_190.JPEG	0	0	63	63
n02236044_191.JPEG	0	0	63	63
n02236044_192.JPEG	3	11	62	63
n02236044_193.JPEG	8	8	47	52
n02236044_194.JPEG	0	15	62	57
n02236044_195.JPEG	6	6	55	51
n02236044_196.JPEG	26	7	63	43
n02236044_197.JPEG	21	0	63	63
n02236044_198.JPEG	5	4	63	63
n02236044_199.JPEG	17	3	63	63
n02236044_200.JPEG	0	5	63	63
n02236044_201.JPEG	0	4	63	63
n02236044_202.JPEG	0	11	63	54
n02236044_203.JPEG	0	0	27	50
n02236044_204.JPEG	0	7	55	61
n02236044_205.JPEG	0	0	63	58
n02236044_206.JPEG	0	0	63	56
n02236044_207.JPEG	10	18	63	59
n02236044_208.JPEG	1	0	54	57
n02236044_209.JPEG	0	0	63	62
n02236044_210.JPEG	0	5	63	63
n02236044_211.JPEG	6	4	53	60
n02236044_212.JPEG	15	10	60	59
n02236044_213.JPEG	1	1	63	57
n02236044_214.JPEG	0	19	63	49
n02236044_215.JPEG	0	26	63	55
n02236044_216.JPEG	0	3	63	63
n02236044_217.JPEG	0	16	63	63
n02236044_218.JPEG	0	13	48	37
n02236044_219.JPEG	16	20	63	58
n02236044_220.JPEG	6	0	63	62
n02236044_221.JPEG	0	6	63	63
n02236044_222.JPEG	0	9	48	60
n02236044_223.JPEG	0	8	43	60
n02236044_224.JPEG	20	0	57	63
n02236044_225.JPEG	0	0	63	57
n02236044_226.JPEG	0	0	63	63
n02236044_227.JPEG	0	8	62	62
n02236044_228.JPEG	9	2	50	56
n02236044_229.JPEG	8	0	59	63
n02236044_230.JPEG	0	15	63	51
n02236044_231.JPEG	0	0	47	63
n02236044_232.JPEG	0	0	63	58
n02236044_233.JPEG	0	33	33	60
n02236044_234.JPEG	0	12	63	61
n02236044_235.JPEG	10	9	47	52
n02236044_236.JPEG	0	0	55	63
n02236044_237.JPEG	7	0	63	63
n02236044_238.JPEG	0	0	63	63
n02236044_239.JPEG	3	19	47	58
n02236044_240.JPEG	25	22	54	45
n02236044_241.JPEG	0	0	63	63
n02236044_242.JPEG	2	0	63	61
n02236044_243.JPEG	11	1	58	63
n02236044_244.JPEG	9	5	60	63
n02236044_245.JPEG	8	3	63	63
n02236044_246.JPEG	19	5	55	63
n02236044_247.JPEG	19	9	44	46
n02236044_248.JPEG	0	4	63	63
n02236044_249.JPEG	0	17	63	61
n02236044_250.JPEG	0	1	63	63
n02236044_251.JPEG	0	0	63	63
n02236044_252.JPEG	0	19	63	62
n02236044_253.JPEG	14	7	62	61
n02236044_254.JPEG	1	0	61	63
n02236044_255.JPEG	0	0	63	63
n02236044_256.JPEG	0	9	63	53
n02236044_257.JPEG	1	0	63	63
n02236044_258.JPEG	0	1	63	60
n02236044_259.JPEG	0	9	63	63
n02236044_260.JPEG	5	18	63	48
n02236044_261.JPEG	3	0	55	63
n02236044_262.JPEG	0	3	63	59
n02236044_263.JPEG	5	7	55	63
n02236044_264.JPEG	13	0	59	55
n02236044_265.JPEG	0	10	63	44
n02236044_266.JPEG	2	8	54	46
n02236044_267.JPEG	0	1	63	63
n02236044_268.JPEG	0	2	63	62
n02236044_269.JPEG	7	0	48	63
n02236044_270.JPEG	17	6	32	24
n02236044_271.JPEG	0	1	63	63
n02236044_272.JPEG	10	22	39	37
n02236044_273.JPEG	0	2	63	59
n02236044_274.JPEG	3	6	63	54
n02236044_275.JPEG	0	10	63	58
n02236044_276.JPEG	17	13	43	58
n02236044_277.JPEG	7	23	44	59
n02236044_278.JPEG	11	12	47	63
n02236044_279.JPEG	19	24	61	61
n02236044_280.JPEG	0	6	63	63
n02236044_281.JPEG	0	5	63	63
n02236044_282.JPEG	0	1	44	61
n02236044_283.JPEG	16	0	57	63
n02236044_284.JPEG	0	5	61	57
n02236044_285.JPEG	0	0	63	63
n02236044_286.JPEG	0	1	63	50
n02236044_287.JPEG	0	13	63	63
n02236044_288.JPEG	3	13	63	49
n02236044_289.JPEG	0	0	63	63
n02236044_290.JPEG	22	15	63	63
n02236044_291.JPEG	2	0	63	63
n02236044_292.JPEG	0	0	56	63
n02236044_293.JPEG	0	0	63	63
n02236044_294.JPEG	9	4	63	63
n02236044_295.JPEG	0	14	50	63
n02236044_296.JPEG	0	0	63	63
n02236044_297.JPEG	25	15	45	53
n02236044_298.JPEG	0	1	63	63
n02236044_299.JPEG	1	0	63	63
n02236044_300.JPEG	9	3	57	50
n02236044_301.JPEG	5	0	59	63
n02236044_302.JPEG	6	0	63	63
n02236044_303.JPEG	9	0	63	63
n02236044_304.JPEG	8	3	60	63
n02236044_305.JPEG	3	1	63	63
n02236044_306.JPEG	0	6	27	60
n02236044_307.JPEG	8	1	63	62
n02236044_308.JPEG	0	1	63	63
n02236044_309.JPEG	0	9	63	63
n02236044_310.JPEG	0	2	63	59
n02236044_311.JPEG	5	11	61	57
n02236044_312.JPEG	26	18	54	52
n02236044_313.JPEG	2	0	56	63
n02236044_314.JPEG	10	2	46	60
n02236044_315.JPEG	20	19	45	53
n02236044_316.JPEG	0	7	63	63
n02236044_317.JPEG	0	0	63	56
n02236044_318.JPEG	0	0	63	63
n02236044_319.JPEG	1	0	63	63
n02236044_320.JPEG	21	20	41	63
n02236044_321.JPEG	0	2	63	63
n02236044_322.JPEG	2	1	56	45
n02236044_323.JPEG	1	13	63	59
n02236044_324.JPEG	0	17	43	59
n02236044_325.JPEG	0	0	47	63
n02236044_326.JPEG	0	13	54	53
n02236044_327.JPEG	0	0	63	60
n02236044_328.JPEG	0	0	63	63
n02236044_329.JPEG	0	9	63	63
n02236044_330.JPEG	0	2	59	63
n02236044_331.JPEG	4	1	63	63
n02236044_332.JPEG	11	29	38	48
n02236044_333.JPEG	0	13	63	63
n02236044_334.JPEG	0	21	47	57
n02236044_335.JPEG	0	8	63	63
n02236044_336.JPEG	20	2	44	38
n02236044_337.JPEG	0	0	63	63
n02236044_338.JPEG	26	24	53	37
n02236044_339.JPEG	17	23	40	42
n02236044_340.JPEG	3	1	40	63
n02236044_341.JPEG	0	15	63	53
n02236044_342.JPEG	18	10	54	63
n02236044_343.JPEG	0	26	63	63
n02236044_344.JPEG	6	0	63	63
n02236044_345.JPEG	11	0	55	63
n02236044_346.JPEG	0	1	63	63
n02236044_347.JPEG	14	0	63	63
n02236044_348.JPEG	3	0	63	61
n02236044_349.JPEG	0	13	63	56
n02236044_350.JPEG	2	9	53	57
n02236044_351.JPEG	23	17	63	63
n02236044_352.JPEG	3	0	63	63
n02236044_353.JPEG	0	5	60	55
n02236044_354.JPEG	2	7	63	57
n02236044_355.JPEG	0	5	39	42
n02236044_356.JPEG	21	26	50	48
n02236044_357.JPEG	0	1	63	63
n02236044_358.JPEG	5	8	63	47
n02236044_359.JPEG	0	1	58	63
n02236044_360.JPEG	12	23	63	52
n02236044_361.JPEG	15	17	39	54
n02236044_362.JPEG	0	4	63	56
n02236044_363.JPEG	7	0	58	63
n02236044_364.JPEG	0	0	63	59
n02236044_365.JPEG	0	1	63	59
n02236044_366.JPEG	12	7	63	63
n02236044_367.JPEG	0	0	63	62
n02236044_368.JPEG	0	0	63	63
n02236044_369.JPEG	0	3	63	62
n02236044_370.JPEG	0	6	49	58
n02236044_371.JPEG	0	14	63	63
n02236044_372.JPEG	0	3	63	61
n02236044_373.JPEG	0	0	63	63
n02236044_374.JPEG	1	18	44	54
n02236044_375.JPEG	6	5	59	60
n02236044_376.JPEG	10	6	63	61
n02236044_377.JPEG	0	19	63	63
n02236044_378.JPEG	0	1	57	58
n02236044_379.JPEG	7	5	63	63
n02236044_380.JPEG	10	27	50	61
n02236044_381.JPEG	0	0	63	63
n02236044_382.JPEG	0	23	57	59
n02236044_383.JPEG	0	0	63	63
n02236044_384.JPEG	7	0	63	56
n02236044_385.JPEG	11	28	47	63
n02236044_386.JPEG	0	0	63	63
n02236044_387.JPEG	38	2	63	38
n02236044_388.JPEG	28	5	40	46
n02236044_389.JPEG	0	8	63	63
n02236044_390.JPEG	0	0	63	63
n02236044_391.JPEG	0	0	63	63
n02236044_392.JPEG	5	36	55	63
n02236044_393.JPEG	13	21	38	56
n02236044_394.JPEG	1	3	63	46
n02236044_395.JPEG	0	1	58	63
n02236044_396.JPEG	5	0	58	63
n02236044_397.JPEG	15	3	52	61
n02236044_398.JPEG	5	0	59	63
n02236044_399.JPEG	0	0	63	55
n02236044_400.JPEG	0	5	63	63
n02236044_401.JPEG	0	0	63	63
n02236044_402.JPEG	0	7	57	58
n02236044_403.JPEG	17	3	47	58
n02236044_404.JPEG	0	0	62	63
n02236044_405.JPEG	11	9	49	46
n02236044_406.JPEG	0	1	63	54
n02236044_407.JPEG	9	16	46	46
n02236044_408.JPEG	0	0	63	47
n02236044_409.JPEG	9	0	52	63
n02236044_410.JPEG	8	7	63	41
n02236044_411.JPEG	18	19	40	46
n02236044_412.JPEG	17	1	63	59
n02236044_413.JPEG	6	1	62	63
n02236044_414.JPEG	0	9	47	61
n02236044_415.JPEG	10	5	52	63
n02236044_416.JPEG	9	0	63	63
n02236044_417.JPEG	0	5	52	63
n02236044_418.JPEG	26	20	63	63
n02236044_419.JPEG	0	2	60	60
n02236044_420.JPEG	5	0	58	63
n02236044_421.JPEG	0	5	53	63
n02236044_422.JPEG	10	0	45	60
n02236044_423.JPEG	0	7	63	52
n02236044_424.JPEG	3	1	63	61
n02236044_425.JPEG	0	1	63	63
n02236044_426.JPEG	3	0	63	55
n02236044_427.JPEG	0	6	63	59
n02236044_428.JPEG	9	3	54	44
n02236044_429.JPEG	0	0	63	63
n02236044_430.JPEG	7	1	55	63
n02236044_431.JPEG	12	8	63	63
n02236044_432.JPEG	13	0	63	63
n02236044_433.JPEG	0	5	63	63
n02236044_434.JPEG	4	1	57	61
n02236044_435.JPEG	0	1	63	63
n02236044_436.JPEG	0	9	38	54
n02236044_437.JPEG	30	26	40	58
n02236044_438.JPEG	0	3	49	63
n02236044_439.JPEG	0	1	63	63
n02236044_440.JPEG	15	0	60	63
n02236044_441.JPEG	0	18	42	60
n02236044_442.JPEG	2	6	63	58
n02236044_443.JPEG	9	4	57	59
n02236044_444.JPEG	0	4	63	58
n02236044_445.JPEG	19	11	63	38
n02236044_446.JPEG	0	2	60	55
n02236044_447.JPEG	32	0	59	35
n02236044_448.JPEG	3	6	63	58
n02236044_449.JPEG	5	12	55	62
n02236044_450.JPEG	0	0	63	63
n02236044_451.JPEG	4	0	63	63
n02236044_452.JPEG	5	18	58	54
n02236044_453.JPEG	20	1	63	61
n02236044_454.JPEG	0	13	60	55
n02236044_455.JPEG	0	7	49	63
n02236044_456.JPEG	4	20	47	43
n02236044_457.JPEG	0	0	63	63
n02236044_458.JPEG	20	5	59	63
n02236044_459.JPEG	6	0	52	60
n02236044_460.JPEG	4	11	63	63
n02236044_461.JPEG	17	1	46	60
n02236044_462.JPEG	0	0	63	63
n02236044_463.JPEG	11	0	53	63
n02236044_464.JPEG	13	1	43	63
n02236044_465.JPEG	0	19	52	41
n02236044_466.JPEG	24	25	38	38
n02236044_467.JPEG	29	23	50	53
n02236044_468.JPEG	0	1	63	63
n02236044_469.JPEG	1	3	49	54
n02236044_470.JPEG	0	8	61	61
n02236044_471.JPEG	7	0	59	63
n02236044_472.JPEG	3	4	62	60
n02236044_473.JPEG	0	1	63	46
n02236044_474.JPEG	6	19	51	63
n02236044_475.JPEG	4	11	55	51
n02236044_476.JPEG	7	3	58	63
n02236044_477.JPEG	0	1	63	63
n02236044_478.JPEG	0	1	63	63
n02236044_479.JPEG	0	1	63	63
n02236044_480.JPEG	5	0	58	63
n02236044_481.JPEG	0	32	53	63
n02236044_482.JPEG	0	2	63	63
n02236044_483.JPEG	1	3	47	59
n02236044_484.JPEG	0	5	63	63
n02236044_485.JPEG	7	12	42	60
n02236044_486.JPEG	0	0	45	63
n02236044_487.JPEG	0	0	63	63
n02236044_488.JPEG	15	6	56	58
n02236044_489.JPEG	13	13	54	63
n02236044_490.JPEG	0	1	63	63
n02236044_491.JPEG	6	5	56	61
n02236044_492.JPEG	23	16	49	49
n02236044_493.JPEG	5	10	58	56
n02236044_494.JPEG	0	6	51	47
n02236044_495.JPEG	0	2	63	56
n02236044_496.JPEG	15	0	59	63
n02236044_497.JPEG	0	0	63	63
n02236044_498.JPEG	0	1	44	59
n02236044_499.JPEG	5	11	63	56
