n02002724_0.JPEG	15	10	33	27
n02002724_1.JPEG	0	1	63	60
n02002724_2.JPEG	39	23	52	41
n02002724_3.JPEG	3	13	58	54
n02002724_4.JPEG	10	10	54	63
n02002724_5.JPEG	0	8	63	63
n02002724_6.JPEG	2	1	57	63
n02002724_7.JPEG	24	4	63	63
n02002724_8.JPEG	0	10	60	59
n02002724_9.JPEG	23	21	51	63
n02002724_10.JPEG	12	0	41	63
n02002724_11.JPEG	8	0	54	63
n02002724_12.JPEG	8	7	60	56
n02002724_13.JPEG	2	14	62	63
n02002724_14.JPEG	7	12	44	59
n02002724_15.JPEG	11	14	39	63
n02002724_16.JPEG	23	11	63	60
n02002724_17.JPEG	8	11	40	63
n02002724_18.JPEG	13	23	60	57
n02002724_19.JPEG	10	6	52	63
n02002724_20.JPEG	0	5	56	46
n02002724_21.JPEG	24	24	55	45
n02002724_22.JPEG	0	9	38	47
n02002724_23.JPEG	2	22	49	38
n02002724_24.JPEG	19	13	48	42
n02002724_25.JPEG	20	9	63	61
n02002724_26.JPEG	33	24	63	57
n02002724_27.JPEG	5	6	45	58
n02002724_28.JPEG	25	0	52	53
n02002724_29.JPEG	11	7	54	49
n02002724_30.JPEG	18	11	56	52
n02002724_31.JPEG	13	19	29	42
n02002724_32.JPEG	6	5	41	54
n02002724_33.JPEG	10	24	20	47
n02002724_34.JPEG	0	0	63	63
n02002724_35.JPEG	24	18	42	47
n02002724_36.JPEG	0	25	63	63
n02002724_37.JPEG	2	23	52	63
n02002724_38.JPEG	33	30	45	42
n02002724_39.JPEG	20	22	50	63
n02002724_40.JPEG	8	0	52	60
n02002724_41.JPEG	25	15	56	39
n02002724_42.JPEG	15	20	34	45
n02002724_43.JPEG	40	21	59	39
n02002724_44.JPEG	0	19	56	46
n02002724_45.JPEG	9	0	63	63
n02002724_46.JPEG	0	3	42	58
n02002724_47.JPEG	9	6	60	55
n02002724_48.JPEG	5	8	52	62
n02002724_49.JPEG	14	19	48	46
n02002724_50.JPEG	13	2	53	61
n02002724_51.JPEG	16	14	51	63
n02002724_52.JPEG	17	12	63	58
n02002724_53.JPEG	1	16	50	61
n02002724_54.JPEG	16	22	59	42
n02002724_55.JPEG	9	0	48	63
n02002724_56.JPEG	20	21	49	63
n02002724_57.JPEG	12	2	50	63
n02002724_58.JPEG	20	11	62	63
n02002724_59.JPEG	7	9	50	55
n02002724_60.JPEG	14	2	63	47
n02002724_61.JPEG	0	16	63	63
n02002724_62.JPEG	8	21	63	57
n02002724_63.JPEG	5	4	57	60
n02002724_64.JPEG	14	0	63	63
n02002724_65.JPEG	9	0	50	63
n02002724_66.JPEG	13	22	56	45
n02002724_67.JPEG	30	28	41	41
n02002724_68.JPEG	7	20	55	52
n02002724_69.JPEG	0	8	63	62
n02002724_70.JPEG	40	14	63	63
n02002724_71.JPEG	10	0	61	63
n02002724_72.JPEG	15	18	58	47
n02002724_73.JPEG	6	0	58	41
n02002724_74.JPEG	24	3	63	54
n02002724_75.JPEG	1	33	26	52
n02002724_76.JPEG	0	13	14	41
n02002724_77.JPEG	14	35	25	45
n02002724_78.JPEG	11	11	62	57
n02002724_79.JPEG	28	22	44	41
n02002724_80.JPEG	17	28	57	51
n02002724_81.JPEG	1	19	55	47
n02002724_82.JPEG	6	0	58	63
n02002724_83.JPEG	0	11	61	56
n02002724_84.JPEG	11	18	63	59
n02002724_85.JPEG	17	0	42	32
n02002724_86.JPEG	0	17	63	37
n02002724_87.JPEG	32	9	57	52
n02002724_88.JPEG	0	14	59	63
n02002724_89.JPEG	11	5	41	58
n02002724_90.JPEG	2	15	57	58
n02002724_91.JPEG	13	0	52	63
n02002724_92.JPEG	17	0	46	63
n02002724_93.JPEG	0	12	63	40
n02002724_94.JPEG	33	5	59	61
n02002724_95.JPEG	20	0	47	28
n02002724_96.JPEG	14	30	35	49
n02002724_97.JPEG	14	20	38	55
n02002724_98.JPEG	0	14	19	30
n02002724_99.JPEG	18	17	40	52
n02002724_100.JPEG	0	0	63	63
n02002724_101.JPEG	26	38	38	55
n02002724_102.JPEG	15	15	52	51
n02002724_103.JPEG	0	13	54	52
n02002724_104.JPEG	11	0	58	63
n02002724_105.JPEG	5	17	43	43
n02002724_106.JPEG	14	13	47	63
n02002724_107.JPEG	5	4	60	63
n02002724_108.JPEG	13	7	52	62
n02002724_109.JPEG	18	0	39	35
n02002724_110.JPEG	6	13	55	62
n02002724_111.JPEG	5	5	63	63
n02002724_112.JPEG	7	27	29	63
n02002724_113.JPEG	14	0	58	49
n02002724_114.JPEG	5	6	63	63
n02002724_115.JPEG	0	2	62	63
n02002724_116.JPEG	6	18	51	56
n02002724_117.JPEG	16	8	53	61
n02002724_118.JPEG	8	2	60	62
n02002724_119.JPEG	1	0	59	63
n02002724_120.JPEG	0	11	63	63
n02002724_121.JPEG	9	0	60	60
n02002724_122.JPEG	40	26	63	56
n02002724_123.JPEG	0	6	49	58
n02002724_124.JPEG	5	15	46	49
n02002724_125.JPEG	16	11	63	63
n02002724_126.JPEG	9	5	63	63
n02002724_127.JPEG	9	3	63	59
n02002724_128.JPEG	11	10	63	63
n02002724_129.JPEG	0	10	63	63
n02002724_130.JPEG	31	28	51	46
n02002724_131.JPEG	0	4	63	63
n02002724_132.JPEG	0	21	54	63
n02002724_133.JPEG	0	7	58	63
n02002724_134.JPEG	12	19	60	55
n02002724_135.JPEG	0	0	50	63
n02002724_136.JPEG	16	9	48	60
n02002724_137.JPEG	0	17	54	59
n02002724_138.JPEG	28	21	63	55
n02002724_139.JPEG	18	8	39	44
n02002724_140.JPEG	3	0	63	63
n02002724_141.JPEG	23	8	43	55
n02002724_142.JPEG	19	17	45	51
n02002724_143.JPEG	8	10	63	52
n02002724_144.JPEG	6	11	63	45
n02002724_145.JPEG	5	0	57	55
n02002724_146.JPEG	25	5	55	54
n02002724_147.JPEG	17	11	50	52
n02002724_148.JPEG	6	12	59	63
n02002724_149.JPEG	24	3	59	62
n02002724_150.JPEG	19	0	43	37
n02002724_151.JPEG	2	2	45	59
n02002724_152.JPEG	58	26	63	49
n02002724_153.JPEG	2	13	63	56
n02002724_154.JPEG	0	17	55	63
n02002724_155.JPEG	0	25	46	49
n02002724_156.JPEG	0	2	63	55
n02002724_157.JPEG	14	0	53	63
n02002724_158.JPEG	20	16	60	41
n02002724_159.JPEG	12	25	31	62
n02002724_160.JPEG	19	0	42	63
n02002724_161.JPEG	7	5	50	63
n02002724_162.JPEG	16	15	57	39
n02002724_163.JPEG	2	11	45	41
n02002724_164.JPEG	9	3	63	63
n02002724_165.JPEG	6	10	59	63
n02002724_166.JPEG	17	15	59	63
n02002724_167.JPEG	10	8	48	63
n02002724_168.JPEG	27	15	36	54
n02002724_169.JPEG	15	0	59	47
n02002724_170.JPEG	12	0	52	52
n02002724_171.JPEG	14	5	63	49
n02002724_172.JPEG	46	21	60	54
n02002724_173.JPEG	6	6	56	56
n02002724_174.JPEG	17	0	43	58
n02002724_175.JPEG	0	17	63	53
n02002724_176.JPEG	0	0	63	63
n02002724_177.JPEG	49	10	62	51
n02002724_178.JPEG	23	11	31	54
n02002724_179.JPEG	29	13	55	34
n02002724_180.JPEG	15	10	42	54
n02002724_181.JPEG	18	11	52	45
n02002724_182.JPEG	43	30	63	51
n02002724_183.JPEG	0	4	63	63
n02002724_184.JPEG	17	0	63	63
n02002724_185.JPEG	4	17	61	48
n02002724_186.JPEG	12	11	50	38
n02002724_187.JPEG	19	11	46	54
n02002724_188.JPEG	0	20	63	63
n02002724_189.JPEG	13	1	53	63
n02002724_190.JPEG	11	0	46	63
n02002724_191.JPEG	8	0	63	60
n02002724_192.JPEG	17	0	54	43
n02002724_193.JPEG	2	9	63	63
n02002724_194.JPEG	11	0	59	62
n02002724_195.JPEG	18	12	47	44
n02002724_196.JPEG	63	10	63	53
n02002724_197.JPEG	21	7	52	63
n02002724_198.JPEG	7	4	63	58
n02002724_199.JPEG	14	4	46	63
n02002724_200.JPEG	0	14	63	39
n02002724_201.JPEG	0	2	63	63
n02002724_202.JPEG	22	26	39	49
n02002724_203.JPEG	1	7	61	60
n02002724_204.JPEG	0	1	58	63
n02002724_205.JPEG	0	0	63	63
n02002724_206.JPEG	13	2	63	62
n02002724_207.JPEG	0	12	63	54
n02002724_208.JPEG	27	16	63	53
n02002724_209.JPEG	0	9	63	45
n02002724_210.JPEG	13	11	63	63
n02002724_211.JPEG	30	24	63	57
n02002724_212.JPEG	19	24	58	56
n02002724_213.JPEG	0	10	42	63
n02002724_214.JPEG	10	12	63	63
n02002724_215.JPEG	0	16	63	63
n02002724_216.JPEG	0	2	63	55
n02002724_217.JPEG	0	7	37	40
n02002724_218.JPEG	4	3	59	63
n02002724_219.JPEG	6	13	54	54
n02002724_220.JPEG	14	24	51	47
n02002724_221.JPEG	21	21	38	47
n02002724_222.JPEG	0	9	63	61
n02002724_223.JPEG	0	5	51	63
n02002724_224.JPEG	17	0	40	44
n02002724_225.JPEG	27	13	53	63
n02002724_226.JPEG	0	12	63	47
n02002724_227.JPEG	1	0	51	35
n02002724_228.JPEG	21	0	48	43
n02002724_229.JPEG	0	15	37	35
n02002724_230.JPEG	6	10	58	53
n02002724_231.JPEG	18	21	60	63
n02002724_232.JPEG	23	0	53	63
n02002724_233.JPEG	0	1	63	63
n02002724_234.JPEG	28	22	39	42
n02002724_235.JPEG	2	9	59	62
n02002724_236.JPEG	10	7	63	60
n02002724_237.JPEG	14	6	62	62
n02002724_238.JPEG	19	11	63	63
n02002724_239.JPEG	0	0	35	63
n02002724_240.JPEG	0	14	60	47
n02002724_241.JPEG	5	3	55	60
n02002724_242.JPEG	35	4	63	56
n02002724_243.JPEG	13	7	51	47
n02002724_244.JPEG	19	21	53	57
n02002724_245.JPEG	4	10	61	53
n02002724_246.JPEG	0	9	63	63
n02002724_247.JPEG	0	12	63	58
n02002724_248.JPEG	0	10	33	50
n02002724_249.JPEG	23	13	63	58
n02002724_250.JPEG	0	5	61	63
n02002724_251.JPEG	14	4	50	54
n02002724_252.JPEG	0	7	57	59
n02002724_253.JPEG	8	23	62	63
n02002724_254.JPEG	9	0	58	63
n02002724_255.JPEG	16	15	38	63
n02002724_256.JPEG	21	19	62	52
n02002724_257.JPEG	13	20	57	45
n02002724_258.JPEG	0	8	63	54
n02002724_259.JPEG	13	6	63	51
n02002724_260.JPEG	0	0	63	63
n02002724_261.JPEG	4	4	38	50
n02002724_262.JPEG	21	11	46	55
n02002724_263.JPEG	8	4	56	53
n02002724_264.JPEG	0	0	63	63
n02002724_265.JPEG	6	11	61	61
n02002724_266.JPEG	14	0	63	63
n02002724_267.JPEG	4	5	61	63
n02002724_268.JPEG	16	0	48	63
n02002724_269.JPEG	0	12	63	57
n02002724_270.JPEG	15	10	51	53
n02002724_271.JPEG	31	3	63	59
n02002724_272.JPEG	23	27	45	44
n02002724_273.JPEG	63	42	63	49
n02002724_274.JPEG	8	3	55	63
n02002724_275.JPEG	10	6	45	58
n02002724_276.JPEG	16	26	31	38
n02002724_277.JPEG	11	0	58	57
n02002724_278.JPEG	0	7	63	63
n02002724_279.JPEG	0	5	63	63
n02002724_280.JPEG	5	8	38	54
n02002724_281.JPEG	14	27	63	48
n02002724_282.JPEG	11	19	28	46
n02002724_283.JPEG	14	9	63	63
n02002724_284.JPEG	18	38	44	54
n02002724_285.JPEG	35	3	63	60
n02002724_286.JPEG	1	17	51	63
n02002724_287.JPEG	10	0	30	24
n02002724_288.JPEG	0	6	63	58
n02002724_289.JPEG	7	19	63	48
n02002724_290.JPEG	21	19	40	46
n02002724_291.JPEG	14	18	63	55
n02002724_292.JPEG	20	15	39	46
n02002724_293.JPEG	1	0	42	63
n02002724_294.JPEG	24	13	37	48
n02002724_295.JPEG	0	9	33	63
n02002724_296.JPEG	1	0	63	63
n02002724_297.JPEG	18	17	47	45
n02002724_298.JPEG	10	14	34	47
n02002724_299.JPEG	48	14	63	42
n02002724_300.JPEG	43	19	51	54
n02002724_301.JPEG	17	5	40	62
n02002724_302.JPEG	25	13	46	58
n02002724_303.JPEG	0	2	63	47
n02002724_304.JPEG	0	15	52	63
n02002724_305.JPEG	5	0	47	63
n02002724_306.JPEG	0	13	63	63
n02002724_307.JPEG	5	4	61	58
n02002724_308.JPEG	27	15	62	50
n02002724_309.JPEG	4	16	55	52
n02002724_310.JPEG	1	16	19	56
n02002724_311.JPEG	18	14	62	51
n02002724_312.JPEG	19	2	59	61
n02002724_313.JPEG	31	24	54	57
n02002724_314.JPEG	0	19	42	41
n02002724_315.JPEG	22	20	37	44
n02002724_316.JPEG	20	15	41	36
n02002724_317.JPEG	16	6	63	63
n02002724_318.JPEG	2	0	63	63
n02002724_319.JPEG	31	20	47	35
n02002724_320.JPEG	17	8	56	63
n02002724_321.JPEG	14	4	62	63
n02002724_322.JPEG	2	8	56	49
n02002724_323.JPEG	10	0	63	63
n02002724_324.JPEG	12	1	55	63
n02002724_325.JPEG	19	16	62	63
n02002724_326.JPEG	16	0	46	63
n02002724_327.JPEG	35	18	58	43
n02002724_328.JPEG	16	1	43	63
n02002724_329.JPEG	5	20	63	38
n02002724_330.JPEG	25	19	57	54
n02002724_331.JPEG	0	6	63	63
n02002724_332.JPEG	16	0	52	63
n02002724_333.JPEG	21	13	63	63
n02002724_334.JPEG	13	18	42	50
n02002724_335.JPEG	0	17	36	52
n02002724_336.JPEG	41	22	62	51
n02002724_337.JPEG	7	13	63	58
n02002724_338.JPEG	0	10	53	63
n02002724_339.JPEG	1	0	60	63
n02002724_340.JPEG	0	12	55	56
n02002724_341.JPEG	24	7	53	63
n02002724_342.JPEG	14	4	44	63
n02002724_343.JPEG	2	6	46	63
n02002724_344.JPEG	0	14	50	48
n02002724_345.JPEG	24	5	56	63
n02002724_346.JPEG	2	16	57	58
n02002724_347.JPEG	13	2	59	60
n02002724_348.JPEG	14	18	42	45
n02002724_349.JPEG	18	3	50	51
n02002724_350.JPEG	4	0	61	63
n02002724_351.JPEG	0	1	62	62
n02002724_352.JPEG	6	4	52	63
n02002724_353.JPEG	39	19	58	30
n02002724_354.JPEG	7	25	51	63
n02002724_355.JPEG	10	0	63	63
n02002724_356.JPEG	12	0	54	63
n02002724_357.JPEG	6	16	40	59
n02002724_358.JPEG	6	0	61	62
n02002724_359.JPEG	0	16	43	43
n02002724_360.JPEG	9	0	63	63
n02002724_361.JPEG	3	0	59	63
n02002724_362.JPEG	8	28	59	52
n02002724_363.JPEG	11	9	63	63
n02002724_364.JPEG	11	4	51	60
n02002724_365.JPEG	24	34	59	63
n02002724_366.JPEG	5	2	48	63
n02002724_367.JPEG	16	2	59	61
n02002724_368.JPEG	18	1	54	61
n02002724_369.JPEG	1	0	63	63
n02002724_370.JPEG	0	7	63	63
n02002724_371.JPEG	0	7	63	36
n02002724_372.JPEG	11	8	55	59
n02002724_373.JPEG	0	8	63	57
n02002724_374.JPEG	19	13	62	60
n02002724_375.JPEG	26	19	37	44
n02002724_376.JPEG	0	8	48	63
n02002724_377.JPEG	19	11	47	50
n02002724_378.JPEG	16	2	46	63
n02002724_379.JPEG	24	30	63	59
n02002724_380.JPEG	1	19	26	50
n02002724_381.JPEG	14	13	46	54
n02002724_382.JPEG	11	0	47	63
n02002724_383.JPEG	0	8	52	63
n02002724_384.JPEG	6	0	58	60
n02002724_385.JPEG	5	5	47	47
n02002724_386.JPEG	27	7	57	46
n02002724_387.JPEG	0	8	63	60
n02002724_388.JPEG	16	0	55	63
n02002724_389.JPEG	9	11	49	59
n02002724_390.JPEG	12	15	50	43
n02002724_391.JPEG	17	8	49	62
n02002724_392.JPEG	16	8	38	44
n02002724_393.JPEG	9	0	60	63
n02002724_394.JPEG	32	33	53	52
n02002724_395.JPEG	16	5	58	63
n02002724_396.JPEG	0	7	63	55
n02002724_397.JPEG	0	23	63	38
n02002724_398.JPEG	0	2	27	35
n02002724_399.JPEG	26	19	49	52
n02002724_400.JPEG	31	15	54	47
n02002724_401.JPEG	14	19	53	43
n02002724_402.JPEG	9	2	47	63
n02002724_403.JPEG	0	6	63	63
n02002724_404.JPEG	11	11	52	63
n02002724_405.JPEG	31	10	59	55
n02002724_406.JPEG	0	1	63	63
n02002724_407.JPEG	2	2	62	63
n02002724_408.JPEG	2	2	63	63
n02002724_409.JPEG	5	21	56	62
n02002724_410.JPEG	16	8	56	63
n02002724_411.JPEG	0	13	63	63
n02002724_412.JPEG	35	15	60	46
n02002724_413.JPEG	9	0	43	63
n02002724_414.JPEG	29	5	52	63
n02002724_415.JPEG	0	21	15	51
n02002724_416.JPEG	15	17	31	39
n02002724_417.JPEG	0	9	63	63
n02002724_418.JPEG	0	20	57	59
n02002724_419.JPEG	10	0	56	63
n02002724_420.JPEG	20	10	43	45
n02002724_421.JPEG	0	11	50	63
n02002724_422.JPEG	10	0	51	48
n02002724_423.JPEG	19	14	63	62
n02002724_424.JPEG	21	2	63	63
n02002724_425.JPEG	0	8	35	48
n02002724_426.JPEG	0	16	47	44
n02002724_427.JPEG	12	0	63	63
n02002724_428.JPEG	34	18	45	48
n02002724_429.JPEG	5	16	52	57
n02002724_430.JPEG	24	10	51	50
n02002724_431.JPEG	13	23	29	41
n02002724_432.JPEG	15	6	55	46
n02002724_433.JPEG	8	10	45	49
n02002724_434.JPEG	15	17	63	63
n02002724_435.JPEG	16	0	55	55
n02002724_436.JPEG	0	2	63	63
n02002724_437.JPEG	16	8	63	57
n02002724_438.JPEG	18	4	52	61
n02002724_439.JPEG	11	4	57	60
n02002724_440.JPEG	6	8	62	41
n02002724_441.JPEG	17	4	52	59
n02002724_442.JPEG	0	13	60	45
n02002724_443.JPEG	43	33	54	50
n02002724_444.JPEG	25	20	45	44
n02002724_445.JPEG	23	8	48	48
n02002724_446.JPEG	4	7	43	61
n02002724_447.JPEG	3	0	58	63
n02002724_448.JPEG	20	6	49	54
n02002724_449.JPEG	15	5	53	63
n02002724_450.JPEG	7	9	63	56
n02002724_451.JPEG	2	5	58	62
n02002724_452.JPEG	18	0	43	63
n02002724_453.JPEG	35	17	56	50
n02002724_454.JPEG	0	17	57	63
n02002724_455.JPEG	0	9	48	63
n02002724_456.JPEG	0	18	8	36
n02002724_457.JPEG	0	13	33	50
n02002724_458.JPEG	0	17	58	34
n02002724_459.JPEG	4	3	58	63
n02002724_460.JPEG	14	30	37	51
n02002724_461.JPEG	23	14	46	63
n02002724_462.JPEG	0	0	63	63
n02002724_463.JPEG	24	13	47	44
n02002724_464.JPEG	0	14	50	63
n02002724_465.JPEG	3	17	58	63
n02002724_466.JPEG	1	0	63	63
n02002724_467.JPEG	0	3	63	63
n02002724_468.JPEG	5	3	49	49
n02002724_469.JPEG	6	3	63	49
n02002724_470.JPEG	20	0	63	63
n02002724_471.JPEG	0	10	61	63
n02002724_472.JPEG	0	5	58	63
n02002724_473.JPEG	15	21	55	63
n02002724_474.JPEG	2	9	60	62
n02002724_475.JPEG	10	13	47	49
n02002724_476.JPEG	17	13	42	41
n02002724_477.JPEG	1	0	63	63
n02002724_478.JPEG	8	15	46	56
n02002724_479.JPEG	9	17	41	63
n02002724_480.JPEG	31	17	63	55
n02002724_481.JPEG	8	16	33	52
n02002724_482.JPEG	25	14	58	51
n02002724_483.JPEG	11	13	55	52
n02002724_484.JPEG	19	9	42	51
n02002724_485.JPEG	10	23	49	42
n02002724_486.JPEG	1	4	63	63
n02002724_487.JPEG	10	7	63	54
n02002724_488.JPEG	16	0	49	63
n02002724_489.JPEG	15	24	32	45
n02002724_490.JPEG	0	7	63	58
n02002724_491.JPEG	36	25	62	54
n02002724_492.JPEG	4	0	61	63
n02002724_493.JPEG	0	0	63	63
n02002724_494.JPEG	17	6	43	39
n02002724_495.JPEG	28	0	58	63
n02002724_496.JPEG	5	20	63	35
n02002724_497.JPEG	3	9	36	52
n02002724_498.JPEG	0	18	36	57
n02002724_499.JPEG	29	0	59	63
