n01917289_0.JPEG	15	13	63	48
n01917289_1.JPEG	0	0	63	63
n01917289_2.JPEG	2	5	63	51
n01917289_3.JPEG	1	7	63	60
n01917289_4.JPEG	0	0	63	63
n01917289_5.JPEG	0	2	63	63
n01917289_6.JPEG	18	5	63	58
n01917289_7.JPEG	0	3	63	63
n01917289_8.JPEG	0	0	63	63
n01917289_9.JPEG	0	16	63	63
n01917289_10.JPEG	14	10	61	51
n01917289_11.JPEG	0	1	63	63
n01917289_12.JPEG	0	0	63	63
n01917289_13.JPEG	0	2	63	63
n01917289_14.JPEG	0	1	63	63
n01917289_15.JPEG	8	29	46	55
n01917289_16.JPEG	5	15	44	49
n01917289_17.JPEG	0	18	63	63
n01917289_18.JPEG	9	18	50	50
n01917289_19.JPEG	0	28	63	63
n01917289_20.JPEG	0	6	52	47
n01917289_21.JPEG	0	18	57	63
n01917289_22.JPEG	15	21	63	63
n01917289_23.JPEG	0	1	63	63
n01917289_24.JPEG	0	3	63	60
n01917289_25.JPEG	0	1	63	63
n01917289_26.JPEG	0	1	63	63
n01917289_27.JPEG	0	0	63	63
n01917289_28.JPEG	0	8	63	63
n01917289_29.JPEG	36	14	63	45
n01917289_30.JPEG	0	0	63	63
n01917289_31.JPEG	0	0	63	63
n01917289_32.JPEG	0	0	55	61
n01917289_33.JPEG	13	1	57	50
n01917289_34.JPEG	0	0	63	63
n01917289_35.JPEG	0	7	63	58
n01917289_36.JPEG	0	1	63	63
n01917289_37.JPEG	0	1	63	63
n01917289_38.JPEG	0	4	63	63
n01917289_39.JPEG	0	1	63	63
n01917289_40.JPEG	0	1	63	63
n01917289_41.JPEG	13	1	63	61
n01917289_42.JPEG	0	0	63	63
n01917289_43.JPEG	0	0	63	63
n01917289_44.JPEG	0	0	63	63
n01917289_45.JPEG	0	2	63	61
n01917289_46.JPEG	1	1	58	60
n01917289_47.JPEG	23	15	57	39
n01917289_48.JPEG	9	11	56	53
n01917289_49.JPEG	5	5	56	56
n01917289_50.JPEG	0	40	50	63
n01917289_51.JPEG	1	15	63	59
n01917289_52.JPEG	1	5	56	57
n01917289_53.JPEG	0	0	63	63
n01917289_54.JPEG	0	1	63	63
n01917289_55.JPEG	17	13	49	37
n01917289_56.JPEG	7	1	63	63
n01917289_57.JPEG	0	24	36	63
n01917289_58.JPEG	0	4	63	60
n01917289_59.JPEG	6	10	52	54
n01917289_60.JPEG	0	9	63	63
n01917289_61.JPEG	16	10	55	62
n01917289_62.JPEG	0	1	63	63
n01917289_63.JPEG	16	15	51	48
n01917289_64.JPEG	0	0	63	63
n01917289_65.JPEG	7	22	58	63
n01917289_66.JPEG	0	17	22	44
n01917289_67.JPEG	2	13	62	60
n01917289_68.JPEG	16	0	63	31
n01917289_69.JPEG	15	32	52	55
n01917289_70.JPEG	3	5	63	62
n01917289_71.JPEG	0	10	63	63
n01917289_72.JPEG	0	3	63	57
n01917289_73.JPEG	0	0	63	63
n01917289_74.JPEG	0	7	63	63
n01917289_75.JPEG	0	8	63	60
n01917289_76.JPEG	0	13	63	63
n01917289_77.JPEG	0	5	63	62
n01917289_78.JPEG	0	3	63	60
n01917289_79.JPEG	0	1	63	63
n01917289_80.JPEG	0	4	63	63
n01917289_81.JPEG	3	3	63	63
n01917289_82.JPEG	0	4	54	61
n01917289_83.JPEG	2	10	63	63
n01917289_84.JPEG	1	0	63	62
n01917289_85.JPEG	3	0	63	63
n01917289_86.JPEG	0	3	63	59
n01917289_87.JPEG	27	1	63	61
n01917289_88.JPEG	10	0	63	62
n01917289_89.JPEG	5	12	51	61
n01917289_90.JPEG	0	0	63	63
n01917289_91.JPEG	8	11	47	54
n01917289_92.JPEG	31	23	63	55
n01917289_93.JPEG	0	1	63	63
n01917289_94.JPEG	24	25	63	58
n01917289_95.JPEG	0	31	33	63
n01917289_96.JPEG	0	0	63	63
n01917289_97.JPEG	4	28	60	63
n01917289_98.JPEG	0	2	61	63
n01917289_99.JPEG	7	7	53	53
n01917289_100.JPEG	0	3	63	57
n01917289_101.JPEG	33	21	61	51
n01917289_102.JPEG	0	0	63	63
n01917289_103.JPEG	13	11	56	62
n01917289_104.JPEG	0	0	63	63
n01917289_105.JPEG	12	19	43	53
n01917289_106.JPEG	7	12	41	41
n01917289_107.JPEG	0	0	63	63
n01917289_108.JPEG	0	38	62	63
n01917289_109.JPEG	3	11	61	59
n01917289_110.JPEG	8	0	63	63
n01917289_111.JPEG	1	0	62	63
n01917289_112.JPEG	0	22	46	63
n01917289_113.JPEG	18	27	47	57
n01917289_114.JPEG	7	2	63	63
n01917289_115.JPEG	35	21	63	56
n01917289_116.JPEG	24	23	42	39
n01917289_117.JPEG	20	7	63	46
n01917289_118.JPEG	10	24	63	57
n01917289_119.JPEG	12	1	63	63
n01917289_120.JPEG	0	22	63	63
n01917289_121.JPEG	0	0	63	63
n01917289_122.JPEG	1	5	60	62
n01917289_123.JPEG	0	0	63	63
n01917289_124.JPEG	0	5	60	63
n01917289_125.JPEG	17	8	63	62
n01917289_126.JPEG	1	12	47	63
n01917289_127.JPEG	0	22	63	61
n01917289_128.JPEG	0	0	63	63
n01917289_129.JPEG	3	7	63	63
n01917289_130.JPEG	0	10	63	55
n01917289_131.JPEG	0	1	63	63
n01917289_132.JPEG	14	24	55	57
n01917289_133.JPEG	0	5	63	61
n01917289_134.JPEG	0	0	63	63
n01917289_135.JPEG	15	5	62	58
n01917289_136.JPEG	0	18	63	59
n01917289_137.JPEG	0	12	56	63
n01917289_138.JPEG	0	4	63	57
n01917289_139.JPEG	0	33	63	63
n01917289_140.JPEG	0	1	63	63
n01917289_141.JPEG	0	1	63	63
n01917289_142.JPEG	17	17	52	48
n01917289_143.JPEG	0	0	63	63
n01917289_144.JPEG	0	0	51	39
n01917289_145.JPEG	0	0	63	63
n01917289_146.JPEG	0	6	63	63
n01917289_147.JPEG	37	23	52	37
n01917289_148.JPEG	0	5	59	63
n01917289_149.JPEG	5	28	30	59
n01917289_150.JPEG	0	2	60	63
n01917289_151.JPEG	2	3	61	56
n01917289_152.JPEG	28	12	63	48
n01917289_153.JPEG	0	0	63	63
n01917289_154.JPEG	0	8	63	63
n01917289_155.JPEG	17	19	42	44
n01917289_156.JPEG	5	0	61	16
n01917289_157.JPEG	7	0	56	63
n01917289_158.JPEG	0	0	63	63
n01917289_159.JPEG	2	9	62	61
n01917289_160.JPEG	0	22	63	63
n01917289_161.JPEG	18	23	58	57
n01917289_162.JPEG	4	10	63	57
n01917289_163.JPEG	0	6	52	57
n01917289_164.JPEG	0	0	63	63
n01917289_165.JPEG	0	1	63	63
n01917289_166.JPEG	35	35	63	63
n01917289_167.JPEG	32	26	63	63
n01917289_168.JPEG	0	4	63	63
n01917289_169.JPEG	0	0	63	63
n01917289_170.JPEG	0	0	63	63
n01917289_171.JPEG	11	9	63	46
n01917289_172.JPEG	0	0	63	63
n01917289_173.JPEG	2	3	63	63
n01917289_174.JPEG	0	18	36	62
n01917289_175.JPEG	0	0	63	63
n01917289_176.JPEG	0	6	63	63
n01917289_177.JPEG	19	13	63	63
n01917289_178.JPEG	26	26	47	51
n01917289_179.JPEG	5	1	63	62
n01917289_180.JPEG	0	1	63	63
n01917289_181.JPEG	0	6	61	63
n01917289_182.JPEG	0	7	63	63
n01917289_183.JPEG	2	11	63	48
n01917289_184.JPEG	4	19	63	63
n01917289_185.JPEG	0	37	63	63
n01917289_186.JPEG	0	0	63	60
n01917289_187.JPEG	0	1	63	63
n01917289_188.JPEG	0	35	40	63
n01917289_189.JPEG	0	1	63	63
n01917289_190.JPEG	15	18	46	47
n01917289_191.JPEG	2	1	60	48
n01917289_192.JPEG	0	6	34	63
n01917289_193.JPEG	0	0	63	63
n01917289_194.JPEG	0	6	50	62
n01917289_195.JPEG	0	2	63	63
n01917289_196.JPEG	0	11	59	51
n01917289_197.JPEG	2	23	57	63
n01917289_198.JPEG	18	17	54	45
n01917289_199.JPEG	0	6	63	63
n01917289_200.JPEG	7	3	61	59
n01917289_201.JPEG	0	1	63	63
n01917289_202.JPEG	13	18	57	57
n01917289_203.JPEG	0	1	63	63
n01917289_204.JPEG	8	12	48	55
n01917289_205.JPEG	0	0	63	63
n01917289_206.JPEG	0	1	63	51
n01917289_207.JPEG	0	1	63	63
n01917289_208.JPEG	14	13	50	45
n01917289_209.JPEG	0	7	63	63
n01917289_210.JPEG	0	1	61	60
n01917289_211.JPEG	17	4	52	45
n01917289_212.JPEG	0	0	63	48
n01917289_213.JPEG	18	15	36	34
n01917289_214.JPEG	0	1	63	63
n01917289_215.JPEG	0	0	63	63
n01917289_216.JPEG	22	6	59	40
n01917289_217.JPEG	0	1	63	63
n01917289_218.JPEG	0	0	63	63
n01917289_219.JPEG	5	0	63	63
n01917289_220.JPEG	12	0	63	63
n01917289_221.JPEG	1	2	59	59
n01917289_222.JPEG	22	12	37	26
n01917289_223.JPEG	5	8	59	59
n01917289_224.JPEG	12	20	50	55
n01917289_225.JPEG	0	0	63	36
n01917289_226.JPEG	30	31	63	63
n01917289_227.JPEG	0	0	63	63
n01917289_228.JPEG	2	14	58	60
n01917289_229.JPEG	0	1	51	63
n01917289_230.JPEG	2	40	63	63
n01917289_231.JPEG	0	7	47	59
n01917289_232.JPEG	1	9	45	62
n01917289_233.JPEG	0	2	63	63
n01917289_234.JPEG	0	1	63	63
n01917289_235.JPEG	0	0	63	63
n01917289_236.JPEG	0	26	63	63
n01917289_237.JPEG	5	10	56	50
n01917289_238.JPEG	0	17	63	63
n01917289_239.JPEG	9	37	63	63
n01917289_240.JPEG	8	9	53	55
n01917289_241.JPEG	0	1	63	63
n01917289_242.JPEG	0	2	63	61
n01917289_243.JPEG	0	5	59	55
n01917289_244.JPEG	1	10	57	63
n01917289_245.JPEG	31	27	60	60
n01917289_246.JPEG	0	1	63	63
n01917289_247.JPEG	0	0	63	63
n01917289_248.JPEG	0	7	63	59
n01917289_249.JPEG	9	37	56	63
n01917289_250.JPEG	5	19	63	63
n01917289_251.JPEG	14	17	48	48
n01917289_252.JPEG	0	0	63	63
n01917289_253.JPEG	0	2	63	63
n01917289_254.JPEG	0	6	63	58
n01917289_255.JPEG	3	20	44	59
n01917289_256.JPEG	2	2	61	62
n01917289_257.JPEG	9	14	63	63
n01917289_258.JPEG	0	15	63	63
n01917289_259.JPEG	0	5	63	63
n01917289_260.JPEG	2	9	56	61
n01917289_261.JPEG	6	25	54	63
n01917289_262.JPEG	4	4	63	61
n01917289_263.JPEG	0	13	63	63
n01917289_264.JPEG	38	17	61	38
n01917289_265.JPEG	4	11	53	58
n01917289_266.JPEG	0	0	63	63
n01917289_267.JPEG	0	6	63	63
n01917289_268.JPEG	0	6	57	57
n01917289_269.JPEG	0	19	63	63
n01917289_270.JPEG	6	10	63	60
n01917289_271.JPEG	0	23	63	63
n01917289_272.JPEG	8	3	58	54
n01917289_273.JPEG	0	1	63	50
n01917289_274.JPEG	4	2	62	48
n01917289_275.JPEG	0	2	63	63
n01917289_276.JPEG	3	39	26	54
n01917289_277.JPEG	0	7	63	63
n01917289_278.JPEG	0	7	63	48
n01917289_279.JPEG	0	13	63	63
n01917289_280.JPEG	0	24	35	63
n01917289_281.JPEG	0	9	63	61
n01917289_282.JPEG	0	0	63	63
n01917289_283.JPEG	8	14	55	61
n01917289_284.JPEG	0	0	63	63
n01917289_285.JPEG	7	16	50	57
n01917289_286.JPEG	0	0	63	63
n01917289_287.JPEG	0	14	48	63
n01917289_288.JPEG	6	10	63	57
n01917289_289.JPEG	8	14	43	48
n01917289_290.JPEG	10	18	47	55
n01917289_291.JPEG	1	17	57	63
n01917289_292.JPEG	0	0	63	63
n01917289_293.JPEG	0	0	63	63
n01917289_294.JPEG	8	24	63	40
n01917289_295.JPEG	0	11	62	58
n01917289_296.JPEG	0	4	60	63
n01917289_297.JPEG	14	11	50	56
n01917289_298.JPEG	0	2	59	58
n01917289_299.JPEG	0	1	63	63
n01917289_300.JPEG	0	0	63	63
n01917289_301.JPEG	0	4	63	63
n01917289_302.JPEG	0	0	63	63
n01917289_303.JPEG	0	0	50	63
n01917289_304.JPEG	9	18	51	52
n01917289_305.JPEG	15	22	56	54
n01917289_306.JPEG	0	6	63	63
n01917289_307.JPEG	0	4	63	63
n01917289_308.JPEG	0	0	63	63
n01917289_309.JPEG	0	0	63	63
n01917289_310.JPEG	0	10	58	63
n01917289_311.JPEG	0	10	63	53
n01917289_312.JPEG	0	1	63	63
n01917289_313.JPEG	0	10	63	62
n01917289_314.JPEG	9	8	54	53
n01917289_315.JPEG	0	2	63	60
n01917289_316.JPEG	5	5	63	57
n01917289_317.JPEG	3	16	59	61
n01917289_318.JPEG	2	1	62	57
n01917289_319.JPEG	0	3	63	63
n01917289_320.JPEG	2	6	63	62
n01917289_321.JPEG	0	0	33	26
n01917289_322.JPEG	0	11	63	63
n01917289_323.JPEG	1	5	60	52
n01917289_324.JPEG	0	20	63	63
n01917289_325.JPEG	7	24	57	63
n01917289_326.JPEG	4	9	52	54
n01917289_327.JPEG	0	0	63	63
n01917289_328.JPEG	13	17	50	53
n01917289_329.JPEG	17	11	55	39
n01917289_330.JPEG	0	0	63	63
n01917289_331.JPEG	0	14	44	57
n01917289_332.JPEG	0	1	63	63
n01917289_333.JPEG	0	0	55	41
n01917289_334.JPEG	17	6	63	63
n01917289_335.JPEG	0	4	62	61
n01917289_336.JPEG	0	6	63	63
n01917289_337.JPEG	0	3	63	62
n01917289_338.JPEG	1	35	54	63
n01917289_339.JPEG	15	6	63	63
n01917289_340.JPEG	0	0	63	63
n01917289_341.JPEG	5	11	51	46
n01917289_342.JPEG	3	6	60	61
n01917289_343.JPEG	0	0	63	63
n01917289_344.JPEG	0	36	63	63
n01917289_345.JPEG	5	4	59	52
n01917289_346.JPEG	0	0	63	63
n01917289_347.JPEG	14	6	63	50
n01917289_348.JPEG	0	0	63	63
n01917289_349.JPEG	0	0	63	63
n01917289_350.JPEG	6	1	63	63
n01917289_351.JPEG	0	0	63	63
n01917289_352.JPEG	1	16	63	63
n01917289_353.JPEG	0	12	37	63
n01917289_354.JPEG	0	1	63	63
n01917289_355.JPEG	0	1	63	63
n01917289_356.JPEG	1	2	63	63
n01917289_357.JPEG	8	25	53	63
n01917289_358.JPEG	0	5	63	63
n01917289_359.JPEG	0	1	63	63
n01917289_360.JPEG	1	39	63	63
n01917289_361.JPEG	0	1	63	63
n01917289_362.JPEG	32	1	63	27
n01917289_363.JPEG	0	19	63	63
n01917289_364.JPEG	0	2	2	12
n01917289_365.JPEG	0	4	63	62
n01917289_366.JPEG	0	1	63	63
n01917289_367.JPEG	0	0	63	63
n01917289_368.JPEG	4	9	63	62
n01917289_369.JPEG	0	0	63	63
n01917289_370.JPEG	0	0	63	63
n01917289_371.JPEG	12	29	63	63
n01917289_372.JPEG	3	34	46	63
n01917289_373.JPEG	0	1	63	63
n01917289_374.JPEG	9	10	62	55
n01917289_375.JPEG	0	1	63	63
n01917289_376.JPEG	15	9	49	47
n01917289_377.JPEG	3	23	63	63
n01917289_378.JPEG	0	0	63	63
n01917289_379.JPEG	8	9	63	55
n01917289_380.JPEG	0	18	63	63
n01917289_381.JPEG	0	0	63	63
n01917289_382.JPEG	0	1	63	63
n01917289_383.JPEG	0	0	56	63
n01917289_384.JPEG	12	6	41	34
n01917289_385.JPEG	0	0	40	37
n01917289_386.JPEG	0	1	63	63
n01917289_387.JPEG	8	5	55	57
n01917289_388.JPEG	0	0	63	63
n01917289_389.JPEG	0	7	63	63
n01917289_390.JPEG	1	13	46	63
n01917289_391.JPEG	0	7	63	62
n01917289_392.JPEG	1	16	63	55
n01917289_393.JPEG	16	8	63	57
n01917289_394.JPEG	0	24	63	63
n01917289_395.JPEG	0	9	63	63
n01917289_396.JPEG	0	6	63	51
n01917289_397.JPEG	0	0	63	63
n01917289_398.JPEG	0	0	63	63
n01917289_399.JPEG	0	1	39	63
n01917289_400.JPEG	0	6	63	63
n01917289_401.JPEG	17	30	52	63
n01917289_402.JPEG	0	0	63	63
n01917289_403.JPEG	11	29	58	63
n01917289_404.JPEG	0	7	63	52
n01917289_405.JPEG	0	13	41	54
n01917289_406.JPEG	0	0	63	63
n01917289_407.JPEG	4	11	63	55
n01917289_408.JPEG	0	1	63	63
n01917289_409.JPEG	1	0	63	63
n01917289_410.JPEG	6	5	55	55
n01917289_411.JPEG	0	0	33	56
n01917289_412.JPEG	9	31	58	63
n01917289_413.JPEG	1	47	63	63
n01917289_414.JPEG	0	7	63	61
n01917289_415.JPEG	4	15	57	58
n01917289_416.JPEG	0	5	63	63
n01917289_417.JPEG	4	8	63	59
n01917289_418.JPEG	0	1	63	63
n01917289_419.JPEG	1	0	63	48
n01917289_420.JPEG	0	7	58	48
n01917289_421.JPEG	0	1	63	63
n01917289_422.JPEG	13	3	63	62
n01917289_423.JPEG	11	3	46	55
n01917289_424.JPEG	11	33	31	53
n01917289_425.JPEG	0	1	63	63
n01917289_426.JPEG	8	8	54	48
n01917289_427.JPEG	10	4	59	54
n01917289_428.JPEG	5	13	59	47
n01917289_429.JPEG	0	1	63	63
n01917289_430.JPEG	0	0	63	57
n01917289_431.JPEG	18	0	63	59
n01917289_432.JPEG	9	2	63	59
n01917289_433.JPEG	9	8	61	51
n01917289_434.JPEG	22	1	63	53
n01917289_435.JPEG	3	1	63	56
n01917289_436.JPEG	0	1	63	63
n01917289_437.JPEG	0	0	63	63
n01917289_438.JPEG	9	29	60	63
n01917289_439.JPEG	13	23	63	63
n01917289_440.JPEG	0	11	63	60
n01917289_441.JPEG	27	50	53	63
n01917289_442.JPEG	0	0	63	63
n01917289_443.JPEG	1	10	63	55
n01917289_444.JPEG	0	3	63	63
n01917289_445.JPEG	0	1	63	63
n01917289_446.JPEG	14	30	53	61
n01917289_447.JPEG	6	32	56	63
n01917289_448.JPEG	19	18	44	48
n01917289_449.JPEG	1	11	63	59
n01917289_450.JPEG	4	13	61	54
n01917289_451.JPEG	18	12	63	49
n01917289_452.JPEG	4	2	62	63
n01917289_453.JPEG	0	1	63	63
n01917289_454.JPEG	3	13	57	63
n01917289_455.JPEG	0	0	63	62
n01917289_456.JPEG	3	14	63	56
n01917289_457.JPEG	1	0	31	32
n01917289_458.JPEG	0	5	63	63
n01917289_459.JPEG	0	4	63	61
n01917289_460.JPEG	0	1	63	63
n01917289_461.JPEG	0	1	63	63
n01917289_462.JPEG	0	7	63	63
n01917289_463.JPEG	0	1	63	63
n01917289_464.JPEG	39	15	63	63
n01917289_465.JPEG	0	14	54	62
n01917289_466.JPEG	0	0	63	63
n01917289_467.JPEG	0	6	63	58
n01917289_468.JPEG	0	1	63	63
n01917289_469.JPEG	23	19	46	51
n01917289_470.JPEG	6	1	63	60
n01917289_471.JPEG	27	15	63	63
n01917289_472.JPEG	7	18	50	63
n01917289_473.JPEG	0	3	63	63
n01917289_474.JPEG	12	13	54	53
n01917289_475.JPEG	5	8	59	63
n01917289_476.JPEG	11	34	51	60
n01917289_477.JPEG	7	3	63	49
n01917289_478.JPEG	20	12	54	43
n01917289_479.JPEG	5	7	62	42
n01917289_480.JPEG	0	12	63	63
n01917289_481.JPEG	0	29	63	63
n01917289_482.JPEG	0	0	63	63
n01917289_483.JPEG	0	0	63	61
n01917289_484.JPEG	0	19	58	63
n01917289_485.JPEG	4	9	61	55
n01917289_486.JPEG	0	24	37	63
n01917289_487.JPEG	11	23	43	52
n01917289_488.JPEG	0	3	63	63
n01917289_489.JPEG	1	0	63	63
n01917289_490.JPEG	0	8	63	63
n01917289_491.JPEG	0	1	63	63
n01917289_492.JPEG	0	0	63	63
n01917289_493.JPEG	1	3	63	61
n01917289_494.JPEG	0	3	63	63
n01917289_495.JPEG	0	0	63	63
n01917289_496.JPEG	3	7	63	60
n01917289_497.JPEG	0	21	61	60
n01917289_498.JPEG	0	0	52	40
n01917289_499.JPEG	0	1	63	63
