n03706229_0.JPEG	0	9	59	54
n03706229_1.JPEG	1	7	63	58
n03706229_2.JPEG	0	0	63	63
n03706229_3.JPEG	15	3	59	58
n03706229_4.JPEG	37	10	63	56
n03706229_5.JPEG	19	10	63	54
n03706229_6.JPEG	1	7	61	54
n03706229_7.JPEG	2	4	56	62
n03706229_8.JPEG	4	0	60	63
n03706229_9.JPEG	13	10	46	54
n03706229_10.JPEG	0	1	63	61
n03706229_11.JPEG	20	21	52	50
n03706229_12.JPEG	24	29	48	52
n03706229_13.JPEG	4	7	61	62
n03706229_14.JPEG	0	0	63	63
n03706229_15.JPEG	8	31	23	49
n03706229_16.JPEG	11	10	54	37
n03706229_17.JPEG	8	10	55	48
n03706229_18.JPEG	0	0	63	63
n03706229_19.JPEG	0	1	63	62
n03706229_20.JPEG	0	0	63	63
n03706229_21.JPEG	2	4	63	63
n03706229_22.JPEG	0	4	63	60
n03706229_23.JPEG	16	7	52	43
n03706229_24.JPEG	11	30	42	54
n03706229_25.JPEG	6	5	56	62
n03706229_26.JPEG	0	0	63	63
n03706229_27.JPEG	1	17	41	51
n03706229_28.JPEG	0	4	63	63
n03706229_29.JPEG	13	7	53	58
n03706229_30.JPEG	0	0	63	63
n03706229_31.JPEG	9	40	44	60
n03706229_32.JPEG	0	1	63	59
n03706229_33.JPEG	1	24	63	63
n03706229_34.JPEG	30	17	55	40
n03706229_35.JPEG	29	18	63	63
n03706229_36.JPEG	1	2	63	62
n03706229_37.JPEG	18	13	54	51
n03706229_38.JPEG	1	0	63	63
n03706229_39.JPEG	0	1	63	62
n03706229_40.JPEG	0	4	63	59
n03706229_41.JPEG	14	7	49	29
n03706229_42.JPEG	4	3	62	62
n03706229_43.JPEG	8	3	63	63
n03706229_44.JPEG	30	16	63	46
n03706229_45.JPEG	16	26	60	63
n03706229_46.JPEG	8	0	57	63
n03706229_47.JPEG	1	0	62	62
n03706229_48.JPEG	0	4	60	59
n03706229_49.JPEG	4	0	60	63
n03706229_50.JPEG	0	5	63	54
n03706229_51.JPEG	24	17	63	55
n03706229_52.JPEG	2	0	62	63
n03706229_53.JPEG	16	1	63	51
n03706229_54.JPEG	7	8	49	39
n03706229_55.JPEG	20	33	45	49
n03706229_56.JPEG	10	7	56	54
n03706229_57.JPEG	34	14	63	51
n03706229_58.JPEG	25	13	63	57
n03706229_59.JPEG	1	23	38	45
n03706229_60.JPEG	2	9	62	61
n03706229_61.JPEG	0	6	61	63
n03706229_62.JPEG	3	8	61	63
n03706229_63.JPEG	8	4	56	61
n03706229_64.JPEG	31	14	63	47
n03706229_65.JPEG	15	26	43	54
n03706229_66.JPEG	0	8	41	54
n03706229_67.JPEG	8	10	59	61
n03706229_68.JPEG	30	6	63	46
n03706229_69.JPEG	0	5	63	60
n03706229_70.JPEG	3	0	63	62
n03706229_71.JPEG	0	0	32	31
n03706229_72.JPEG	2	2	63	62
n03706229_73.JPEG	0	1	63	63
n03706229_74.JPEG	1	12	62	54
n03706229_75.JPEG	6	20	48	60
n03706229_76.JPEG	1	42	20	63
n03706229_77.JPEG	0	2	34	49
n03706229_78.JPEG	10	0	34	25
n03706229_79.JPEG	3	1	63	63
n03706229_80.JPEG	3	2	61	63
n03706229_81.JPEG	0	14	62	63
n03706229_82.JPEG	17	54	25	60
n03706229_83.JPEG	15	0	58	63
n03706229_84.JPEG	0	18	63	50
n03706229_85.JPEG	2	2	63	63
n03706229_86.JPEG	4	13	48	46
n03706229_87.JPEG	26	17	43	30
n03706229_88.JPEG	31	40	41	53
n03706229_89.JPEG	0	4	59	58
n03706229_90.JPEG	18	9	37	29
n03706229_91.JPEG	12	8	47	48
n03706229_92.JPEG	12	7	53	49
n03706229_93.JPEG	0	2	63	63
n03706229_94.JPEG	0	3	63	62
n03706229_95.JPEG	1	0	63	58
n03706229_96.JPEG	25	17	60	52
n03706229_97.JPEG	1	0	63	63
n03706229_98.JPEG	15	18	41	43
n03706229_99.JPEG	30	11	63	43
n03706229_100.JPEG	22	10	63	59
n03706229_101.JPEG	9	1	57	62
n03706229_102.JPEG	1	0	61	63
n03706229_103.JPEG	5	0	59	63
n03706229_104.JPEG	10	9	53	29
n03706229_105.JPEG	0	4	63	63
n03706229_106.JPEG	5	11	60	63
n03706229_107.JPEG	7	6	58	59
n03706229_108.JPEG	25	32	40	48
n03706229_109.JPEG	1	0	63	63
n03706229_110.JPEG	22	33	47	54
n03706229_111.JPEG	1	11	63	51
n03706229_112.JPEG	32	28	53	49
n03706229_113.JPEG	8	4	58	32
n03706229_114.JPEG	0	1	63	63
n03706229_115.JPEG	7	0	58	63
n03706229_116.JPEG	4	1	59	61
n03706229_117.JPEG	0	12	63	63
n03706229_118.JPEG	5	2	60	63
n03706229_119.JPEG	1	0	63	63
n03706229_120.JPEG	2	17	43	53
n03706229_121.JPEG	0	0	63	63
n03706229_122.JPEG	4	5	58	61
n03706229_123.JPEG	2	1	63	63
n03706229_124.JPEG	0	2	63	63
n03706229_125.JPEG	5	0	59	63
n03706229_126.JPEG	20	22	63	63
n03706229_127.JPEG	6	8	57	59
n03706229_128.JPEG	2	12	63	56
n03706229_129.JPEG	28	2	63	63
n03706229_130.JPEG	17	17	47	47
n03706229_131.JPEG	11	11	54	47
n03706229_132.JPEG	8	1	60	63
n03706229_133.JPEG	27	6	46	37
n03706229_134.JPEG	0	1	61	62
n03706229_135.JPEG	1	2	62	63
n03706229_136.JPEG	2	1	63	63
n03706229_137.JPEG	2	6	59	63
n03706229_138.JPEG	0	0	63	63
n03706229_139.JPEG	0	2	63	62
n03706229_140.JPEG	33	7	63	59
n03706229_141.JPEG	0	7	53	59
n03706229_142.JPEG	15	15	48	49
n03706229_143.JPEG	13	13	55	63
n03706229_144.JPEG	0	29	57	63
n03706229_145.JPEG	0	2	63	63
n03706229_146.JPEG	4	3	63	60
n03706229_147.JPEG	0	1	63	63
n03706229_148.JPEG	11	6	55	61
n03706229_149.JPEG	14	26	52	46
n03706229_150.JPEG	14	6	57	52
n03706229_151.JPEG	3	6	61	51
n03706229_152.JPEG	1	0	63	63
n03706229_153.JPEG	22	25	44	58
n03706229_154.JPEG	4	6	59	61
n03706229_155.JPEG	16	25	58	59
n03706229_156.JPEG	23	27	49	54
n03706229_157.JPEG	4	20	24	40
n03706229_158.JPEG	29	32	55	53
n03706229_159.JPEG	20	17	51	48
n03706229_160.JPEG	26	30	48	45
n03706229_161.JPEG	13	22	42	46
n03706229_162.JPEG	0	8	63	59
n03706229_163.JPEG	21	0	55	43
n03706229_164.JPEG	9	6	56	58
n03706229_165.JPEG	23	20	41	41
n03706229_166.JPEG	13	11	43	42
n03706229_167.JPEG	22	11	63	58
n03706229_168.JPEG	31	21	63	47
n03706229_169.JPEG	22	21	42	43
n03706229_170.JPEG	6	1	59	49
n03706229_171.JPEG	11	6	53	42
n03706229_172.JPEG	3	1	63	61
n03706229_173.JPEG	35	28	49	43
n03706229_174.JPEG	0	9	63	55
n03706229_175.JPEG	12	9	50	47
n03706229_176.JPEG	33	30	63	60
n03706229_177.JPEG	0	0	63	63
n03706229_178.JPEG	1	13	60	49
n03706229_179.JPEG	26	5	63	47
n03706229_180.JPEG	0	1	63	63
n03706229_181.JPEG	10	0	59	63
n03706229_182.JPEG	4	1	60	57
n03706229_183.JPEG	39	2	63	56
n03706229_184.JPEG	15	19	41	45
n03706229_185.JPEG	9	11	53	54
n03706229_186.JPEG	0	1	63	63
n03706229_187.JPEG	7	1	57	59
n03706229_188.JPEG	8	0	60	54
n03706229_189.JPEG	5	12	61	58
n03706229_190.JPEG	1	1	62	63
n03706229_191.JPEG	30	13	44	28
n03706229_192.JPEG	2	12	61	44
n03706229_193.JPEG	3	7	60	55
n03706229_194.JPEG	4	5	63	63
n03706229_195.JPEG	6	14	60	48
n03706229_196.JPEG	1	8	63	58
n03706229_197.JPEG	0	17	41	63
n03706229_198.JPEG	26	21	43	48
n03706229_199.JPEG	0	11	63	51
n03706229_200.JPEG	5	5	60	60
n03706229_201.JPEG	0	14	63	55
n03706229_202.JPEG	9	10	56	49
n03706229_203.JPEG	5	7	60	29
n03706229_204.JPEG	0	7	63	57
n03706229_205.JPEG	1	4	54	59
n03706229_206.JPEG	0	7	37	53
n03706229_207.JPEG	0	5	63	59
n03706229_208.JPEG	19	3	46	63
n03706229_209.JPEG	3	0	59	63
n03706229_210.JPEG	9	10	56	53
n03706229_211.JPEG	32	2	63	47
n03706229_212.JPEG	3	4	62	62
n03706229_213.JPEG	8	22	52	63
n03706229_214.JPEG	25	26	39	38
n03706229_215.JPEG	8	3	61	63
n03706229_216.JPEG	25	20	62	53
n03706229_217.JPEG	0	0	63	63
n03706229_218.JPEG	4	8	61	61
n03706229_219.JPEG	1	0	63	58
n03706229_220.JPEG	14	19	54	52
n03706229_221.JPEG	14	14	51	49
n03706229_222.JPEG	15	27	41	45
n03706229_223.JPEG	7	10	62	50
n03706229_224.JPEG	0	7	63	52
n03706229_225.JPEG	0	13	30	42
n03706229_226.JPEG	28	32	61	61
n03706229_227.JPEG	1	15	23	49
n03706229_228.JPEG	0	27	20	54
n03706229_229.JPEG	24	25	34	37
n03706229_230.JPEG	0	2	63	63
n03706229_231.JPEG	7	12	61	56
n03706229_232.JPEG	0	6	63	63
n03706229_233.JPEG	0	1	63	59
n03706229_234.JPEG	1	1	62	61
n03706229_235.JPEG	17	5	54	53
n03706229_236.JPEG	0	13	63	54
n03706229_237.JPEG	10	4	63	59
n03706229_238.JPEG	0	0	63	63
n03706229_239.JPEG	0	6	63	61
n03706229_240.JPEG	25	36	46	61
n03706229_241.JPEG	26	19	63	59
n03706229_242.JPEG	19	30	45	47
n03706229_243.JPEG	0	4	63	54
n03706229_244.JPEG	21	12	56	42
n03706229_245.JPEG	19	33	45	58
n03706229_246.JPEG	40	29	62	49
n03706229_247.JPEG	20	0	43	21
n03706229_248.JPEG	63	14	63	39
n03706229_249.JPEG	0	0	63	63
n03706229_250.JPEG	0	5	63	60
n03706229_251.JPEG	0	8	61	50
n03706229_252.JPEG	9	4	54	63
n03706229_253.JPEG	41	14	56	48
n03706229_254.JPEG	16	2	48	63
n03706229_255.JPEG	1	2	62	62
n03706229_256.JPEG	7	6	60	57
n03706229_257.JPEG	9	22	32	41
n03706229_258.JPEG	3	27	63	63
n03706229_259.JPEG	19	25	49	51
n03706229_260.JPEG	5	0	57	63
n03706229_261.JPEG	34	11	62	49
n03706229_262.JPEG	15	34	47	63
n03706229_263.JPEG	13	11	51	57
n03706229_264.JPEG	0	0	63	63
n03706229_265.JPEG	3	11	62	63
n03706229_266.JPEG	1	0	63	63
n03706229_267.JPEG	6	9	59	57
n03706229_268.JPEG	5	3	60	63
n03706229_269.JPEG	5	4	58	58
n03706229_270.JPEG	1	1	63	63
n03706229_271.JPEG	4	12	60	61
n03706229_272.JPEG	7	15	57	49
n03706229_273.JPEG	29	13	63	39
n03706229_274.JPEG	0	9	63	57
n03706229_275.JPEG	30	9	63	56
n03706229_276.JPEG	15	7	54	45
n03706229_277.JPEG	8	12	56	53
n03706229_278.JPEG	5	0	63	63
n03706229_279.JPEG	6	2	59	63
n03706229_280.JPEG	0	11	30	54
n03706229_281.JPEG	0	5	63	63
n03706229_282.JPEG	0	1	63	63
n03706229_283.JPEG	24	6	38	24
n03706229_284.JPEG	26	13	63	37
n03706229_285.JPEG	3	2	60	62
n03706229_286.JPEG	0	5	63	58
n03706229_287.JPEG	14	0	55	63
n03706229_288.JPEG	14	26	53	55
n03706229_289.JPEG	22	32	46	54
n03706229_290.JPEG	3	3	60	63
n03706229_291.JPEG	6	3	58	57
n03706229_292.JPEG	6	7	63	52
n03706229_293.JPEG	0	8	63	52
n03706229_294.JPEG	1	1	63	63
n03706229_295.JPEG	6	9	55	58
n03706229_296.JPEG	16	4	45	63
n03706229_297.JPEG	9	6	56	59
n03706229_298.JPEG	7	4	60	56
n03706229_299.JPEG	7	0	59	63
n03706229_300.JPEG	4	0	63	48
n03706229_301.JPEG	2	14	63	51
n03706229_302.JPEG	0	0	63	63
n03706229_303.JPEG	22	13	52	63
n03706229_304.JPEG	12	11	53	49
n03706229_305.JPEG	0	7	63	63
n03706229_306.JPEG	9	0	40	63
n03706229_307.JPEG	0	8	61	63
n03706229_308.JPEG	1	14	63	63
n03706229_309.JPEG	0	2	63	60
n03706229_310.JPEG	0	15	63	52
n03706229_311.JPEG	9	0	57	55
n03706229_312.JPEG	10	13	55	56
n03706229_313.JPEG	0	4	40	63
n03706229_314.JPEG	9	23	53	63
n03706229_315.JPEG	23	30	48	63
n03706229_316.JPEG	15	2	42	36
n03706229_317.JPEG	3	4	61	62
n03706229_318.JPEG	9	6	55	61
n03706229_319.JPEG	5	0	53	63
n03706229_320.JPEG	0	2	63	63
n03706229_321.JPEG	3	19	36	54
n03706229_322.JPEG	7	1	52	60
n03706229_323.JPEG	10	11	51	39
n03706229_324.JPEG	0	20	58	44
n03706229_325.JPEG	8	12	56	50
n03706229_326.JPEG	2	2	63	61
n03706229_327.JPEG	8	0	55	63
n03706229_328.JPEG	0	0	63	63
n03706229_329.JPEG	0	8	63	55
n03706229_330.JPEG	21	19	46	42
n03706229_331.JPEG	11	10	48	51
n03706229_332.JPEG	10	7	54	52
n03706229_333.JPEG	8	9	45	45
n03706229_334.JPEG	3	3	62	62
n03706229_335.JPEG	0	0	63	59
n03706229_336.JPEG	1	13	39	51
n03706229_337.JPEG	5	3	61	62
n03706229_338.JPEG	6	6	59	59
n03706229_339.JPEG	6	4	57	62
n03706229_340.JPEG	0	2	60	63
n03706229_341.JPEG	5	2	59	62
n03706229_342.JPEG	0	0	63	63
n03706229_343.JPEG	23	38	38	54
n03706229_344.JPEG	13	4	63	56
n03706229_345.JPEG	0	0	63	53
n03706229_346.JPEG	9	12	55	63
n03706229_347.JPEG	22	23	49	46
n03706229_348.JPEG	18	18	49	47
n03706229_349.JPEG	0	5	49	49
n03706229_350.JPEG	0	0	46	42
n03706229_351.JPEG	0	0	63	63
n03706229_352.JPEG	17	24	46	47
n03706229_353.JPEG	8	0	53	34
n03706229_354.JPEG	2	3	63	63
n03706229_355.JPEG	6	1	53	63
n03706229_356.JPEG	8	6	58	60
n03706229_357.JPEG	7	0	59	63
n03706229_358.JPEG	14	13	52	49
n03706229_359.JPEG	17	14	54	51
n03706229_360.JPEG	15	34	33	52
n03706229_361.JPEG	1	21	38	51
n03706229_362.JPEG	0	0	63	62
n03706229_363.JPEG	19	22	43	46
n03706229_364.JPEG	3	3	60	60
n03706229_365.JPEG	0	33	25	55
n03706229_366.JPEG	10	7	55	61
n03706229_367.JPEG	6	2	57	63
n03706229_368.JPEG	19	31	50	53
n03706229_369.JPEG	0	4	57	63
n03706229_370.JPEG	25	26	48	47
n03706229_371.JPEG	13	7	52	52
n03706229_372.JPEG	12	2	55	56
n03706229_373.JPEG	16	24	57	46
n03706229_374.JPEG	0	14	63	63
n03706229_375.JPEG	0	16	42	63
n03706229_376.JPEG	36	4	63	61
n03706229_377.JPEG	2	6	63	58
n03706229_378.JPEG	14	3	50	54
n03706229_379.JPEG	10	9	61	55
n03706229_380.JPEG	31	33	49	49
n03706229_381.JPEG	0	0	63	63
n03706229_382.JPEG	8	6	58	55
n03706229_383.JPEG	10	3	54	63
n03706229_384.JPEG	0	11	63	54
n03706229_385.JPEG	2	3	62	59
n03706229_386.JPEG	14	31	41	52
n03706229_387.JPEG	37	0	63	63
n03706229_388.JPEG	9	5	63	54
n03706229_389.JPEG	2	0	63	63
n03706229_390.JPEG	26	17	63	46
n03706229_391.JPEG	15	6	47	38
n03706229_392.JPEG	29	10	63	54
n03706229_393.JPEG	22	30	45	51
n03706229_394.JPEG	4	6	56	59
n03706229_395.JPEG	0	3	63	56
n03706229_396.JPEG	0	1	63	62
n03706229_397.JPEG	0	0	57	49
n03706229_398.JPEG	26	24	40	46
n03706229_399.JPEG	3	3	45	50
n03706229_400.JPEG	0	12	50	63
n03706229_401.JPEG	25	21	40	39
n03706229_402.JPEG	0	9	32	63
n03706229_403.JPEG	12	2	51	41
n03706229_404.JPEG	8	36	56	63
n03706229_405.JPEG	0	6	63	59
n03706229_406.JPEG	12	1	52	63
n03706229_407.JPEG	1	13	56	61
n03706229_408.JPEG	25	17	46	38
n03706229_409.JPEG	26	20	58	46
n03706229_410.JPEG	13	0	51	40
n03706229_411.JPEG	16	26	56	62
n03706229_412.JPEG	3	31	14	41
n03706229_413.JPEG	12	15	48	50
n03706229_414.JPEG	13	6	54	60
n03706229_415.JPEG	0	5	63	62
n03706229_416.JPEG	4	13	59	63
n03706229_417.JPEG	7	11	28	32
n03706229_418.JPEG	4	1	61	63
n03706229_419.JPEG	0	7	63	50
n03706229_420.JPEG	0	4	63	59
n03706229_421.JPEG	1	28	35	61
n03706229_422.JPEG	12	21	63	63
n03706229_423.JPEG	9	5	61	56
n03706229_424.JPEG	8	2	55	63
n03706229_425.JPEG	14	18	53	53
n03706229_426.JPEG	0	0	63	61
n03706229_427.JPEG	0	3	63	57
n03706229_428.JPEG	24	30	44	41
n03706229_429.JPEG	2	3	62	63
n03706229_430.JPEG	14	7	49	59
n03706229_431.JPEG	4	18	57	44
n03706229_432.JPEG	13	11	59	53
n03706229_433.JPEG	10	0	55	63
n03706229_434.JPEG	2	2	62	62
n03706229_435.JPEG	6	19	38	63
n03706229_436.JPEG	4	0	63	59
n03706229_437.JPEG	31	35	45	50
n03706229_438.JPEG	0	0	63	63
n03706229_439.JPEG	2	1	58	59
n03706229_440.JPEG	0	1	63	63
n03706229_441.JPEG	34	6	54	27
n03706229_442.JPEG	0	0	63	63
n03706229_443.JPEG	26	27	48	48
n03706229_444.JPEG	0	9	63	63
n03706229_445.JPEG	11	14	54	55
n03706229_446.JPEG	5	7	58	57
n03706229_447.JPEG	0	0	63	63
n03706229_448.JPEG	10	13	50	50
n03706229_449.JPEG	28	31	44	47
n03706229_450.JPEG	23	16	50	44
n03706229_451.JPEG	21	9	45	58
n03706229_452.JPEG	0	11	63	56
n03706229_453.JPEG	12	0	63	36
n03706229_454.JPEG	13	7	51	55
n03706229_455.JPEG	33	28	63	56
n03706229_456.JPEG	6	5	60	57
n03706229_457.JPEG	2	0	63	63
n03706229_458.JPEG	24	26	33	34
n03706229_459.JPEG	1	0	63	63
n03706229_460.JPEG	6	20	46	63
n03706229_461.JPEG	0	1	39	35
n03706229_462.JPEG	5	2	63	61
n03706229_463.JPEG	2	4	62	63
n03706229_464.JPEG	15	9	53	28
n03706229_465.JPEG	3	3	63	63
n03706229_466.JPEG	22	33	59	63
n03706229_467.JPEG	15	21	49	46
n03706229_468.JPEG	23	23	38	39
n03706229_469.JPEG	24	28	41	46
n03706229_470.JPEG	4	0	59	63
n03706229_471.JPEG	6	8	58	56
n03706229_472.JPEG	0	2	63	61
n03706229_473.JPEG	15	1	44	56
n03706229_474.JPEG	28	25	62	54
n03706229_475.JPEG	0	14	36	59
n03706229_476.JPEG	1	2	63	63
n03706229_477.JPEG	11	0	52	62
n03706229_478.JPEG	23	7	63	63
n03706229_479.JPEG	5	4	57	58
n03706229_480.JPEG	9	16	54	41
n03706229_481.JPEG	0	3	63	59
n03706229_482.JPEG	5	8	59	60
n03706229_483.JPEG	17	16	46	44
n03706229_484.JPEG	0	1	63	63
n03706229_485.JPEG	0	21	63	46
n03706229_486.JPEG	1	15	44	55
n03706229_487.JPEG	0	1	55	62
n03706229_488.JPEG	14	2	48	63
n03706229_489.JPEG	3	4	62	62
n03706229_490.JPEG	20	25	49	50
n03706229_491.JPEG	3	3	61	61
n03706229_492.JPEG	21	23	46	41
n03706229_493.JPEG	2	2	62	61
n03706229_494.JPEG	5	3	60	54
n03706229_495.JPEG	0	3	63	63
n03706229_496.JPEG	0	1	63	62
n03706229_497.JPEG	0	0	41	63
n03706229_498.JPEG	15	0	48	38
n03706229_499.JPEG	15	29	62	63
