n02917067_0.JPEG	19	18	57	49
n02917067_1.JPEG	0	23	52	50
n02917067_2.JPEG	16	25	57	55
n02917067_3.JPEG	0	15	38	50
n02917067_4.JPEG	0	19	63	55
n02917067_5.JPEG	0	18	63	60
n02917067_6.JPEG	0	25	63	53
n02917067_7.JPEG	37	23	63	44
n02917067_8.JPEG	0	10	63	62
n02917067_9.JPEG	0	15	63	48
n02917067_10.JPEG	0	10	63	54
n02917067_11.JPEG	45	21	61	39
n02917067_12.JPEG	0	8	63	63
n02917067_13.JPEG	0	4	59	62
n02917067_14.JPEG	0	25	63	42
n02917067_15.JPEG	1	0	60	63
n02917067_16.JPEG	13	23	36	30
n02917067_17.JPEG	5	32	49	59
n02917067_18.JPEG	19	27	44	43
n02917067_19.JPEG	0	5	63	62
n02917067_20.JPEG	15	21	57	57
n02917067_21.JPEG	0	21	63	54
n02917067_22.JPEG	12	23	63	50
n02917067_23.JPEG	19	15	63	47
n02917067_24.JPEG	3	15	63	46
n02917067_25.JPEG	13	20	63	63
n02917067_26.JPEG	31	0	63	30
n02917067_27.JPEG	0	1	63	63
n02917067_28.JPEG	0	21	63	56
n02917067_29.JPEG	1	16	56	53
n02917067_30.JPEG	0	12	57	62
n02917067_31.JPEG	3	21	41	51
n02917067_32.JPEG	0	18	49	39
n02917067_33.JPEG	1	6	63	63
n02917067_34.JPEG	9	20	63	63
n02917067_35.JPEG	0	19	54	50
n02917067_36.JPEG	0	8	63	60
n02917067_37.JPEG	0	22	62	45
n02917067_38.JPEG	0	25	58	63
n02917067_39.JPEG	14	10	61	55
n02917067_40.JPEG	0	26	37	45
n02917067_41.JPEG	0	2	63	63
n02917067_42.JPEG	0	16	55	63
n02917067_43.JPEG	3	12	58	44
n02917067_44.JPEG	11	5	63	58
n02917067_45.JPEG	10	24	63	63
n02917067_46.JPEG	28	13	61	44
n02917067_47.JPEG	0	13	63	52
n02917067_48.JPEG	24	23	56	51
n02917067_49.JPEG	6	0	63	63
n02917067_50.JPEG	9	24	61	63
n02917067_51.JPEG	0	13	59	57
n02917067_52.JPEG	14	22	47	45
n02917067_53.JPEG	0	24	63	53
n02917067_54.JPEG	0	18	63	54
n02917067_55.JPEG	0	12	63	63
n02917067_56.JPEG	19	25	63	47
n02917067_57.JPEG	0	21	63	63
n02917067_58.JPEG	0	0	63	59
n02917067_59.JPEG	9	27	56	56
n02917067_60.JPEG	0	0	37	49
n02917067_61.JPEG	40	24	63	50
n02917067_62.JPEG	0	0	63	63
n02917067_63.JPEG	23	15	63	63
n02917067_64.JPEG	0	8	63	63
n02917067_65.JPEG	0	20	59	33
n02917067_66.JPEG	28	19	51	38
n02917067_67.JPEG	0	34	48	48
n02917067_68.JPEG	3	10	63	58
n02917067_69.JPEG	0	0	63	63
n02917067_70.JPEG	0	30	63	53
n02917067_71.JPEG	23	24	63	63
n02917067_72.JPEG	0	5	63	63
n02917067_73.JPEG	0	7	63	59
n02917067_74.JPEG	0	0	63	54
n02917067_75.JPEG	12	22	61	54
n02917067_76.JPEG	0	11	63	61
n02917067_77.JPEG	0	0	56	63
n02917067_78.JPEG	3	0	49	63
n02917067_79.JPEG	0	11	63	59
n02917067_80.JPEG	1	13	60	63
n02917067_81.JPEG	2	18	63	41
n02917067_82.JPEG	2	31	63	63
n02917067_83.JPEG	0	11	63	55
n02917067_84.JPEG	0	23	59	63
n02917067_85.JPEG	0	10	63	63
n02917067_86.JPEG	13	10	50	40
n02917067_87.JPEG	14	25	62	54
n02917067_88.JPEG	0	20	63	54
n02917067_89.JPEG	0	13	63	63
n02917067_90.JPEG	0	25	29	61
n02917067_91.JPEG	0	15	55	54
n02917067_92.JPEG	4	18	56	63
n02917067_93.JPEG	0	12	63	61
n02917067_94.JPEG	0	15	56	46
n02917067_95.JPEG	0	25	63	39
n02917067_96.JPEG	0	16	63	54
n02917067_97.JPEG	0	5	63	63
n02917067_98.JPEG	0	10	63	63
n02917067_99.JPEG	0	12	54	63
n02917067_100.JPEG	0	11	63	63
n02917067_101.JPEG	23	27	48	45
n02917067_102.JPEG	11	11	52	63
n02917067_103.JPEG	0	19	59	63
n02917067_104.JPEG	0	23	63	40
n02917067_105.JPEG	25	26	56	38
n02917067_106.JPEG	0	12	63	63
n02917067_107.JPEG	1	5	63	60
n02917067_108.JPEG	20	21	57	50
n02917067_109.JPEG	3	12	57	58
n02917067_110.JPEG	0	26	63	63
n02917067_111.JPEG	0	15	53	54
n02917067_112.JPEG	0	12	37	45
n02917067_113.JPEG	23	20	63	51
n02917067_114.JPEG	0	21	53	48
n02917067_115.JPEG	10	17	63	63
n02917067_116.JPEG	0	19	63	63
n02917067_117.JPEG	10	8	61	52
n02917067_118.JPEG	1	17	63	62
n02917067_119.JPEG	0	3	61	59
n02917067_120.JPEG	3	19	31	42
n02917067_121.JPEG	6	13	55	51
n02917067_122.JPEG	0	15	63	60
n02917067_123.JPEG	2	0	63	63
n02917067_124.JPEG	0	10	61	54
n02917067_125.JPEG	0	0	63	63
n02917067_126.JPEG	11	24	60	63
n02917067_127.JPEG	22	13	44	29
n02917067_128.JPEG	0	12	62	61
n02917067_129.JPEG	8	20	61	60
n02917067_130.JPEG	0	21	63	63
n02917067_131.JPEG	0	16	63	55
n02917067_132.JPEG	45	26	56	37
n02917067_133.JPEG	3	8	63	63
n02917067_134.JPEG	0	10	61	58
n02917067_135.JPEG	2	29	63	51
n02917067_136.JPEG	0	21	63	54
n02917067_137.JPEG	0	24	55	63
n02917067_138.JPEG	0	0	63	63
n02917067_139.JPEG	31	28	63	63
n02917067_140.JPEG	19	17	63	59
n02917067_141.JPEG	0	22	44	42
n02917067_142.JPEG	1	20	59	63
n02917067_143.JPEG	11	10	63	38
n02917067_144.JPEG	0	4	63	61
n02917067_145.JPEG	8	23	41	50
n02917067_146.JPEG	20	21	63	55
n02917067_147.JPEG	1	9	63	63
n02917067_148.JPEG	0	16	63	63
n02917067_149.JPEG	9	4	54	53
n02917067_150.JPEG	0	28	63	52
n02917067_151.JPEG	25	27	56	53
n02917067_152.JPEG	0	17	48	63
n02917067_153.JPEG	0	14	43	56
n02917067_154.JPEG	0	6	63	56
n02917067_155.JPEG	0	17	56	60
n02917067_156.JPEG	11	18	63	60
n02917067_157.JPEG	0	14	62	55
n02917067_158.JPEG	0	14	63	46
n02917067_159.JPEG	1	20	24	42
n02917067_160.JPEG	0	15	52	58
n02917067_161.JPEG	0	18	63	56
n02917067_162.JPEG	3	15	63	58
n02917067_163.JPEG	18	25	63	53
n02917067_164.JPEG	0	10	55	61
n02917067_165.JPEG	0	1	63	63
n02917067_166.JPEG	0	24	63	53
n02917067_167.JPEG	0	11	49	60
n02917067_168.JPEG	6	34	60	63
n02917067_169.JPEG	12	25	60	60
n02917067_170.JPEG	0	11	60	52
n02917067_171.JPEG	0	16	3	49
n02917067_172.JPEG	0	17	48	63
n02917067_173.JPEG	12	10	63	55
n02917067_174.JPEG	23	0	63	63
n02917067_175.JPEG	19	16	63	45
n02917067_176.JPEG	0	14	44	44
n02917067_177.JPEG	0	22	21	33
n02917067_178.JPEG	0	23	63	63
n02917067_179.JPEG	0	3	63	60
n02917067_180.JPEG	9	10	63	62
n02917067_181.JPEG	0	21	44	56
n02917067_182.JPEG	0	21	63	63
n02917067_183.JPEG	12	21	24	33
n02917067_184.JPEG	8	26	52	58
n02917067_185.JPEG	0	12	63	48
n02917067_186.JPEG	0	12	63	58
n02917067_187.JPEG	0	19	31	54
n02917067_188.JPEG	0	13	63	60
n02917067_189.JPEG	0	1	63	63
n02917067_190.JPEG	0	45	63	57
n02917067_191.JPEG	0	1	63	32
n02917067_192.JPEG	8	12	63	54
n02917067_193.JPEG	11	0	63	59
n02917067_194.JPEG	0	26	20	46
n02917067_195.JPEG	0	12	63	63
n02917067_196.JPEG	35	5	63	63
n02917067_197.JPEG	0	0	60	34
n02917067_198.JPEG	10	16	63	55
n02917067_199.JPEG	0	14	56	57
n02917067_200.JPEG	15	10	50	58
n02917067_201.JPEG	0	27	59	53
n02917067_202.JPEG	12	17	56	36
n02917067_203.JPEG	19	23	44	46
n02917067_204.JPEG	0	0	63	63
n02917067_205.JPEG	29	19	62	53
n02917067_206.JPEG	0	20	63	56
n02917067_207.JPEG	8	15	60	63
n02917067_208.JPEG	0	15	56	56
n02917067_209.JPEG	24	7	62	34
n02917067_210.JPEG	17	13	63	63
n02917067_211.JPEG	0	14	63	63
n02917067_212.JPEG	0	15	63	54
n02917067_213.JPEG	0	44	63	63
n02917067_214.JPEG	0	14	63	63
n02917067_215.JPEG	25	30	38	40
n02917067_216.JPEG	16	23	63	54
n02917067_217.JPEG	13	22	40	49
n02917067_218.JPEG	0	20	46	63
n02917067_219.JPEG	0	17	63	63
n02917067_220.JPEG	0	5	53	60
n02917067_221.JPEG	0	16	63	42
n02917067_222.JPEG	12	26	42	53
n02917067_223.JPEG	12	3	47	34
n02917067_224.JPEG	0	12	32	53
n02917067_225.JPEG	9	22	44	51
n02917067_226.JPEG	0	3	63	60
n02917067_227.JPEG	6	4	58	63
n02917067_228.JPEG	8	16	63	63
n02917067_229.JPEG	0	17	63	54
n02917067_230.JPEG	0	2	60	58
n02917067_231.JPEG	0	17	63	51
n02917067_232.JPEG	0	8	55	57
n02917067_233.JPEG	0	23	63	60
n02917067_234.JPEG	1	15	55	63
n02917067_235.JPEG	11	14	54	44
n02917067_236.JPEG	0	6	63	57
n02917067_237.JPEG	0	26	62	49
n02917067_238.JPEG	0	17	61	47
n02917067_239.JPEG	30	21	63	51
n02917067_240.JPEG	0	1	63	63
n02917067_241.JPEG	0	23	63	51
n02917067_242.JPEG	0	10	63	58
n02917067_243.JPEG	0	14	35	54
n02917067_244.JPEG	0	17	63	58
n02917067_245.JPEG	25	19	61	51
n02917067_246.JPEG	0	22	63	63
n02917067_247.JPEG	5	4	63	62
n02917067_248.JPEG	4	6	63	58
n02917067_249.JPEG	0	14	63	55
n02917067_250.JPEG	0	20	63	44
n02917067_251.JPEG	4	0	63	63
n02917067_252.JPEG	21	32	39	43
n02917067_253.JPEG	8	23	60	43
n02917067_254.JPEG	21	20	63	55
n02917067_255.JPEG	8	9	63	56
n02917067_256.JPEG	20	25	63	63
n02917067_257.JPEG	9	26	19	36
n02917067_258.JPEG	1	18	63	63
n02917067_259.JPEG	0	0	47	39
n02917067_260.JPEG	14	27	63	51
n02917067_261.JPEG	8	27	63	43
n02917067_262.JPEG	0	0	63	63
n02917067_263.JPEG	15	29	60	50
n02917067_264.JPEG	0	16	63	52
n02917067_265.JPEG	0	25	63	51
n02917067_266.JPEG	2	21	63	53
n02917067_267.JPEG	0	7	63	45
n02917067_268.JPEG	3	13	46	49
n02917067_269.JPEG	0	12	63	60
n02917067_270.JPEG	2	23	63	46
n02917067_271.JPEG	0	5	56	63
n02917067_272.JPEG	0	34	63	59
n02917067_273.JPEG	0	14	63	63
n02917067_274.JPEG	0	6	63	62
n02917067_275.JPEG	34	13	63	31
n02917067_276.JPEG	0	15	51	56
n02917067_277.JPEG	0	0	63	63
n02917067_278.JPEG	16	29	43	44
n02917067_279.JPEG	0	4	63	58
n02917067_280.JPEG	10	30	52	52
n02917067_281.JPEG	0	1	63	63
n02917067_282.JPEG	0	15	19	38
n02917067_283.JPEG	10	22	55	49
n02917067_284.JPEG	20	12	61	55
n02917067_285.JPEG	0	18	63	47
n02917067_286.JPEG	0	5	63	60
n02917067_287.JPEG	8	11	63	63
n02917067_288.JPEG	0	21	63	51
n02917067_289.JPEG	7	0	63	47
n02917067_290.JPEG	12	25	50	46
n02917067_291.JPEG	26	22	52	43
n02917067_292.JPEG	0	17	25	24
n02917067_293.JPEG	0	10	44	51
n02917067_294.JPEG	0	1	63	48
n02917067_295.JPEG	0	20	58	45
n02917067_296.JPEG	0	0	58	63
n02917067_297.JPEG	0	28	63	50
n02917067_298.JPEG	0	45	63	58
n02917067_299.JPEG	0	36	27	55
n02917067_300.JPEG	7	15	52	54
n02917067_301.JPEG	25	18	57	44
n02917067_302.JPEG	40	25	63	44
n02917067_303.JPEG	19	24	63	63
n02917067_304.JPEG	1	2	63	63
n02917067_305.JPEG	9	19	63	38
n02917067_306.JPEG	16	24	49	46
n02917067_307.JPEG	0	3	63	63
n02917067_308.JPEG	0	19	63	63
n02917067_309.JPEG	0	7	63	56
n02917067_310.JPEG	0	12	51	61
n02917067_311.JPEG	0	16	45	49
n02917067_312.JPEG	4	26	47	48
n02917067_313.JPEG	0	3	63	63
n02917067_314.JPEG	10	19	55	59
n02917067_315.JPEG	9	4	63	63
n02917067_316.JPEG	2	22	63	48
n02917067_317.JPEG	1	19	57	63
n02917067_318.JPEG	0	14	55	63
n02917067_319.JPEG	18	49	46	63
n02917067_320.JPEG	5	31	63	63
n02917067_321.JPEG	0	20	63	59
n02917067_322.JPEG	0	16	48	50
n02917067_323.JPEG	18	31	40	53
n02917067_324.JPEG	0	9	63	59
n02917067_325.JPEG	12	0	63	63
n02917067_326.JPEG	12	15	59	55
n02917067_327.JPEG	0	20	63	57
n02917067_328.JPEG	8	21	49	51
n02917067_329.JPEG	0	0	63	63
n02917067_330.JPEG	9	28	63	59
n02917067_331.JPEG	2	3	62	62
n02917067_332.JPEG	2	28	33	39
n02917067_333.JPEG	0	14	63	63
n02917067_334.JPEG	6	13	63	58
n02917067_335.JPEG	11	14	61	39
n02917067_336.JPEG	0	24	63	57
n02917067_337.JPEG	0	13	63	51
n02917067_338.JPEG	0	8	63	63
n02917067_339.JPEG	0	21	63	58
n02917067_340.JPEG	18	21	51	49
n02917067_341.JPEG	0	10	47	59
n02917067_342.JPEG	0	16	63	55
n02917067_343.JPEG	5	32	63	45
n02917067_344.JPEG	0	16	63	52
n02917067_345.JPEG	16	24	61	63
n02917067_346.JPEG	0	12	63	63
n02917067_347.JPEG	18	16	63	51
n02917067_348.JPEG	0	1	63	63
n02917067_349.JPEG	1	9	62	63
n02917067_350.JPEG	0	27	22	52
n02917067_351.JPEG	22	21	60	58
n02917067_352.JPEG	0	17	63	58
n02917067_353.JPEG	0	20	63	52
n02917067_354.JPEG	0	1	63	63
n02917067_355.JPEG	18	24	63	55
n02917067_356.JPEG	15	25	42	45
n02917067_357.JPEG	0	22	33	55
n02917067_358.JPEG	0	0	63	63
n02917067_359.JPEG	0	15	63	47
n02917067_360.JPEG	20	27	48	48
n02917067_361.JPEG	13	16	45	45
n02917067_362.JPEG	0	25	63	47
n02917067_363.JPEG	12	27	63	63
n02917067_364.JPEG	0	22	44	49
n02917067_365.JPEG	0	18	49	62
n02917067_366.JPEG	2	15	63	61
n02917067_367.JPEG	0	19	63	43
n02917067_368.JPEG	0	12	63	53
n02917067_369.JPEG	6	19	57	63
n02917067_370.JPEG	3	9	63	63
n02917067_371.JPEG	0	25	59	58
n02917067_372.JPEG	0	20	43	49
n02917067_373.JPEG	0	5	63	61
n02917067_374.JPEG	7	25	63	62
n02917067_375.JPEG	23	23	59	45
n02917067_376.JPEG	0	16	63	63
n02917067_377.JPEG	0	25	42	43
n02917067_378.JPEG	2	11	63	57
n02917067_379.JPEG	16	21	63	63
n02917067_380.JPEG	2	15	63	46
n02917067_381.JPEG	1	17	59	63
n02917067_382.JPEG	0	17	59	50
n02917067_383.JPEG	1	15	63	60
n02917067_384.JPEG	0	13	58	50
n02917067_385.JPEG	0	12	63	59
n02917067_386.JPEG	0	3	63	63
n02917067_387.JPEG	0	18	63	54
n02917067_388.JPEG	0	7	61	55
n02917067_389.JPEG	0	18	63	63
n02917067_390.JPEG	0	14	56	63
n02917067_391.JPEG	15	1	63	63
n02917067_392.JPEG	0	0	63	50
n02917067_393.JPEG	12	16	63	58
n02917067_394.JPEG	0	12	63	59
n02917067_395.JPEG	6	15	63	51
n02917067_396.JPEG	0	12	63	57
n02917067_397.JPEG	2	21	41	46
n02917067_398.JPEG	0	18	63	43
n02917067_399.JPEG	0	2	63	63
n02917067_400.JPEG	2	13	57	58
n02917067_401.JPEG	0	10	51	63
n02917067_402.JPEG	0	9	58	61
n02917067_403.JPEG	0	27	42	63
n02917067_404.JPEG	29	21	57	48
n02917067_405.JPEG	0	19	63	49
n02917067_406.JPEG	0	0	63	63
n02917067_407.JPEG	1	9	58	57
n02917067_408.JPEG	0	26	60	51
n02917067_409.JPEG	8	8	56	56
n02917067_410.JPEG	17	0	63	63
n02917067_411.JPEG	1	25	59	63
n02917067_412.JPEG	41	28	63	51
n02917067_413.JPEG	7	21	63	50
n02917067_414.JPEG	0	17	63	55
n02917067_415.JPEG	0	26	59	37
n02917067_416.JPEG	0	20	63	63
n02917067_417.JPEG	0	9	59	63
n02917067_418.JPEG	3	21	63	57
n02917067_419.JPEG	14	19	53	59
n02917067_420.JPEG	0	21	48	52
n02917067_421.JPEG	0	8	50	56
n02917067_422.JPEG	6	14	63	63
n02917067_423.JPEG	37	26	63	58
n02917067_424.JPEG	0	20	63	63
n02917067_425.JPEG	0	7	63	47
n02917067_426.JPEG	0	21	63	59
n02917067_427.JPEG	15	7	48	41
n02917067_428.JPEG	16	11	63	56
n02917067_429.JPEG	13	20	49	49
n02917067_430.JPEG	5	16	33	39
n02917067_431.JPEG	0	9	62	54
n02917067_432.JPEG	23	26	53	59
n02917067_433.JPEG	0	9	63	63
n02917067_434.JPEG	0	22	55	59
n02917067_435.JPEG	0	13	62	63
n02917067_436.JPEG	12	25	63	63
n02917067_437.JPEG	5	34	62	55
n02917067_438.JPEG	0	17	63	49
n02917067_439.JPEG	0	19	63	57
n02917067_440.JPEG	0	15	29	45
n02917067_441.JPEG	0	10	63	63
n02917067_442.JPEG	13	14	63	55
n02917067_443.JPEG	0	16	56	60
n02917067_444.JPEG	0	3	63	55
n02917067_445.JPEG	0	25	63	52
n02917067_446.JPEG	0	5	61	63
n02917067_447.JPEG	10	15	45	42
n02917067_448.JPEG	0	16	63	63
n02917067_449.JPEG	8	0	55	46
n02917067_450.JPEG	0	11	63	45
n02917067_451.JPEG	0	24	27	41
n02917067_452.JPEG	13	16	59	63
n02917067_453.JPEG	0	1	58	63
n02917067_454.JPEG	1	7	62	63
n02917067_455.JPEG	0	11	63	63
n02917067_456.JPEG	16	29	63	37
n02917067_457.JPEG	1	8	54	61
n02917067_458.JPEG	0	4	63	63
n02917067_459.JPEG	0	0	63	63
n02917067_460.JPEG	0	5	63	63
n02917067_461.JPEG	13	26	44	55
n02917067_462.JPEG	2	12	63	58
n02917067_463.JPEG	0	9	49	62
n02917067_464.JPEG	0	5	47	63
n02917067_465.JPEG	0	0	63	63
n02917067_466.JPEG	0	33	63	56
n02917067_467.JPEG	0	0	59	63
n02917067_468.JPEG	0	16	55	63
n02917067_469.JPEG	0	22	42	47
n02917067_470.JPEG	0	11	59	43
n02917067_471.JPEG	0	20	63	53
n02917067_472.JPEG	0	12	63	57
n02917067_473.JPEG	0	8	63	63
n02917067_474.JPEG	4	19	63	63
n02917067_475.JPEG	0	21	63	63
n02917067_476.JPEG	22	27	46	46
n02917067_477.JPEG	0	13	34	63
n02917067_478.JPEG	0	16	42	60
n02917067_479.JPEG	3	8	63	60
n02917067_480.JPEG	0	15	63	63
n02917067_481.JPEG	7	8	63	63
n02917067_482.JPEG	3	20	63	50
n02917067_483.JPEG	0	15	63	63
n02917067_484.JPEG	0	18	44	46
n02917067_485.JPEG	0	5	63	57
n02917067_486.JPEG	0	15	63	63
n02917067_487.JPEG	19	13	39	63
n02917067_488.JPEG	7	28	39	41
n02917067_489.JPEG	19	21	63	58
n02917067_490.JPEG	7	21	59	58
n02917067_491.JPEG	0	12	63	63
n02917067_492.JPEG	0	13	52	50
n02917067_493.JPEG	0	19	63	63
n02917067_494.JPEG	7	18	51	63
n02917067_495.JPEG	3	16	63	57
n02917067_496.JPEG	0	12	63	54
n02917067_497.JPEG	0	33	63	61
n02917067_498.JPEG	0	26	34	44
n02917067_499.JPEG	16	14	53	44
