n03637318_0.JPEG	9	3	56	57
n03637318_1.JPEG	0	1	42	55
n03637318_2.JPEG	0	0	59	62
n03637318_3.JPEG	8	6	50	38
n03637318_4.JPEG	9	22	63	63
n03637318_5.JPEG	4	0	46	10
n03637318_6.JPEG	0	0	63	63
n03637318_7.JPEG	26	0	52	26
n03637318_8.JPEG	12	0	63	60
n03637318_9.JPEG	10	9	57	58
n03637318_10.JPEG	11	0	59	37
n03637318_11.JPEG	12	3	48	63
n03637318_12.JPEG	21	19	46	39
n03637318_13.JPEG	25	24	40	63
n03637318_14.JPEG	0	39	20	63
n03637318_15.JPEG	1	2	63	32
n03637318_16.JPEG	0	3	63	62
n03637318_17.JPEG	33	1	63	58
n03637318_18.JPEG	18	0	48	2
n03637318_19.JPEG	21	0	41	11
n03637318_20.JPEG	0	0	56	63
n03637318_21.JPEG	17	21	63	63
n03637318_22.JPEG	0	0	63	63
n03637318_23.JPEG	43	19	63	40
n03637318_24.JPEG	15	3	63	63
n03637318_25.JPEG	26	1	63	55
n03637318_26.JPEG	6	3	63	57
n03637318_27.JPEG	13	0	51	40
n03637318_28.JPEG	0	0	55	63
n03637318_29.JPEG	6	0	55	24
n03637318_30.JPEG	1	0	63	13
n03637318_31.JPEG	1	37	38	63
n03637318_32.JPEG	0	0	63	63
n03637318_33.JPEG	15	0	56	36
n03637318_34.JPEG	10	12	51	55
n03637318_35.JPEG	12	0	43	17
n03637318_36.JPEG	1	1	63	14
n03637318_37.JPEG	0	0	63	17
n03637318_38.JPEG	8	16	53	61
n03637318_39.JPEG	21	0	43	17
n03637318_40.JPEG	14	0	42	10
n03637318_41.JPEG	9	11	38	40
n03637318_42.JPEG	24	5	45	34
n03637318_43.JPEG	0	2	63	63
n03637318_44.JPEG	1	22	63	63
n03637318_45.JPEG	5	0	58	39
n03637318_46.JPEG	0	0	63	35
n03637318_47.JPEG	18	19	44	53
n03637318_48.JPEG	10	4	63	54
n03637318_49.JPEG	0	0	63	63
n03637318_50.JPEG	18	0	63	63
n03637318_51.JPEG	9	0	53	63
n03637318_52.JPEG	2	0	55	63
n03637318_53.JPEG	12	2	63	63
n03637318_54.JPEG	0	0	63	63
n03637318_55.JPEG	8	7	55	56
n03637318_56.JPEG	0	0	62	63
n03637318_57.JPEG	0	6	29	39
n03637318_58.JPEG	6	4	56	30
n03637318_59.JPEG	9	0	55	24
n03637318_60.JPEG	4	0	59	38
n03637318_61.JPEG	2	0	63	63
n03637318_62.JPEG	4	0	48	32
n03637318_63.JPEG	9	0	47	22
n03637318_64.JPEG	11	4	51	31
n03637318_65.JPEG	15	0	53	25
n03637318_66.JPEG	2	0	63	63
n03637318_67.JPEG	20	0	38	10
n03637318_68.JPEG	0	0	57	34
n03637318_69.JPEG	36	0	56	9
n03637318_70.JPEG	1	2	59	60
n03637318_71.JPEG	12	0	53	44
n03637318_72.JPEG	14	6	49	59
n03637318_73.JPEG	6	23	63	63
n03637318_74.JPEG	8	0	50	63
n03637318_75.JPEG	9	0	55	63
n03637318_76.JPEG	14	0	42	22
n03637318_77.JPEG	5	0	54	36
n03637318_78.JPEG	8	12	63	63
n03637318_79.JPEG	9	3	63	63
n03637318_80.JPEG	12	24	53	63
n03637318_81.JPEG	3	0	58	63
n03637318_82.JPEG	9	23	54	63
n03637318_83.JPEG	13	5	56	53
n03637318_84.JPEG	15	0	50	17
n03637318_85.JPEG	0	0	8	23
n03637318_86.JPEG	6	0	59	63
n03637318_87.JPEG	22	10	44	42
n03637318_88.JPEG	0	6	63	60
n03637318_89.JPEG	5	0	61	63
n03637318_90.JPEG	1	0	37	63
n03637318_91.JPEG	0	7	63	63
n03637318_92.JPEG	2	1	57	52
n03637318_93.JPEG	2	0	62	63
n03637318_94.JPEG	9	13	58	63
n03637318_95.JPEG	15	0	46	18
n03637318_96.JPEG	3	0	62	28
n03637318_97.JPEG	2	48	28	63
n03637318_98.JPEG	1	0	63	63
n03637318_99.JPEG	25	26	60	45
n03637318_100.JPEG	0	23	24	54
n03637318_101.JPEG	45	28	55	41
n03637318_102.JPEG	10	0	49	34
n03637318_103.JPEG	1	0	63	57
n03637318_104.JPEG	5	11	62	54
n03637318_105.JPEG	0	0	63	63
n03637318_106.JPEG	1	0	63	62
n03637318_107.JPEG	16	8	60	45
n03637318_108.JPEG	0	0	45	57
n03637318_109.JPEG	13	8	51	63
n03637318_110.JPEG	0	6	63	56
n03637318_111.JPEG	3	0	63	63
n03637318_112.JPEG	5	8	43	57
n03637318_113.JPEG	8	0	52	58
n03637318_114.JPEG	0	0	63	63
n03637318_115.JPEG	24	7	37	29
n03637318_116.JPEG	0	10	63	52
n03637318_117.JPEG	3	30	40	39
n03637318_118.JPEG	5	0	49	63
n03637318_119.JPEG	9	14	54	57
n03637318_120.JPEG	5	0	63	63
n03637318_121.JPEG	0	3	63	62
n03637318_122.JPEG	2	4	62	61
n03637318_123.JPEG	0	1	63	63
n03637318_124.JPEG	9	0	52	26
n03637318_125.JPEG	7	0	56	63
n03637318_126.JPEG	10	1	63	26
n03637318_127.JPEG	13	0	55	63
n03637318_128.JPEG	0	0	63	63
n03637318_129.JPEG	0	1	63	63
n03637318_130.JPEG	24	0	44	13
n03637318_131.JPEG	19	0	63	63
n03637318_132.JPEG	8	0	61	1
n03637318_133.JPEG	9	0	50	24
n03637318_134.JPEG	14	3	51	60
n03637318_135.JPEG	15	12	60	51
n03637318_136.JPEG	18	2	46	34
n03637318_137.JPEG	25	20	38	31
n03637318_138.JPEG	32	0	57	63
n03637318_139.JPEG	2	10	60	59
n03637318_140.JPEG	4	0	58	28
n03637318_141.JPEG	21	0	49	0
n03637318_142.JPEG	3	1	63	54
n03637318_143.JPEG	2	0	62	63
n03637318_144.JPEG	1	0	63	63
n03637318_145.JPEG	8	0	63	26
n03637318_146.JPEG	1	0	58	63
n03637318_147.JPEG	23	2	39	25
n03637318_148.JPEG	10	0	43	21
n03637318_149.JPEG	17	0	46	19
n03637318_150.JPEG	2	0	63	63
n03637318_151.JPEG	2	12	60	51
n03637318_152.JPEG	26	40	63	63
n03637318_153.JPEG	0	0	63	63
n03637318_154.JPEG	0	18	45	48
n03637318_155.JPEG	0	7	63	55
n03637318_156.JPEG	14	10	51	63
n03637318_157.JPEG	12	0	48	18
n03637318_158.JPEG	1	0	63	55
n03637318_159.JPEG	13	0	52	46
n03637318_160.JPEG	7	0	51	33
n03637318_161.JPEG	10	0	61	40
n03637318_162.JPEG	7	0	59	39
n03637318_163.JPEG	9	4	57	53
n03637318_164.JPEG	1	3	26	30
n03637318_165.JPEG	0	4	44	63
n03637318_166.JPEG	0	9	63	45
n03637318_167.JPEG	0	0	63	58
n03637318_168.JPEG	16	0	63	27
n03637318_169.JPEG	0	2	63	52
n03637318_170.JPEG	5	2	45	41
n03637318_171.JPEG	10	0	60	63
n03637318_172.JPEG	0	6	31	56
n03637318_173.JPEG	54	0	63	13
n03637318_174.JPEG	2	0	61	63
n03637318_175.JPEG	9	0	61	59
n03637318_176.JPEG	3	0	58	34
n03637318_177.JPEG	20	5	46	29
n03637318_178.JPEG	14	0	53	55
n03637318_179.JPEG	1	0	62	63
n03637318_180.JPEG	6	1	61	44
n03637318_181.JPEG	7	12	59	39
n03637318_182.JPEG	3	3	61	62
n03637318_183.JPEG	5	0	60	50
n03637318_184.JPEG	2	0	62	22
n03637318_185.JPEG	23	9	63	43
n03637318_186.JPEG	6	1	36	57
n03637318_187.JPEG	2	5	57	58
n03637318_188.JPEG	12	24	53	61
n03637318_189.JPEG	19	31	49	47
n03637318_190.JPEG	0	0	63	63
n03637318_191.JPEG	0	0	41	63
n03637318_192.JPEG	8	0	50	18
n03637318_193.JPEG	17	27	38	45
n03637318_194.JPEG	21	14	57	45
n03637318_195.JPEG	0	0	60	63
n03637318_196.JPEG	1	5	61	63
n03637318_197.JPEG	0	0	32	32
n03637318_198.JPEG	12	33	34	57
n03637318_199.JPEG	16	0	48	26
n03637318_200.JPEG	10	28	42	47
n03637318_201.JPEG	40	0	60	11
n03637318_202.JPEG	5	0	59	63
n03637318_203.JPEG	14	14	48	34
n03637318_204.JPEG	14	0	49	25
n03637318_205.JPEG	14	19	59	53
n03637318_206.JPEG	15	14	53	41
n03637318_207.JPEG	4	0	61	63
n03637318_208.JPEG	0	0	63	63
n03637318_209.JPEG	4	8	60	37
n03637318_210.JPEG	17	0	58	24
n03637318_211.JPEG	6	0	59	63
n03637318_212.JPEG	0	0	63	63
n03637318_213.JPEG	11	0	54	63
n03637318_214.JPEG	9	7	63	60
n03637318_215.JPEG	3	1	61	63
n03637318_216.JPEG	7	2	31	22
n03637318_217.JPEG	20	0	41	16
n03637318_218.JPEG	0	4	47	39
n03637318_219.JPEG	10	0	53	21
n03637318_220.JPEG	0	2	62	55
n03637318_221.JPEG	28	0	60	35
n03637318_222.JPEG	3	0	60	36
n03637318_223.JPEG	7	4	57	33
n03637318_224.JPEG	11	3	40	35
n03637318_225.JPEG	0	0	63	55
n03637318_226.JPEG	25	0	63	62
n03637318_227.JPEG	10	3	53	63
n03637318_228.JPEG	20	17	44	63
n03637318_229.JPEG	12	1	51	54
n03637318_230.JPEG	1	0	63	63
n03637318_231.JPEG	17	0	63	60
n03637318_232.JPEG	13	5	48	30
n03637318_233.JPEG	31	9	44	25
n03637318_234.JPEG	8	0	61	63
n03637318_235.JPEG	9	0	53	63
n03637318_236.JPEG	17	8	47	32
n03637318_237.JPEG	32	16	63	49
n03637318_238.JPEG	3	0	62	62
n03637318_239.JPEG	23	11	44	31
n03637318_240.JPEG	31	0	57	49
n03637318_241.JPEG	7	30	28	48
n03637318_242.JPEG	3	0	41	29
n03637318_243.JPEG	0	0	54	63
n03637318_244.JPEG	20	57	63	63
n03637318_245.JPEG	0	0	63	44
n03637318_246.JPEG	4	0	60	63
n03637318_247.JPEG	0	20	33	63
n03637318_248.JPEG	10	3	54	33
n03637318_249.JPEG	1	19	31	63
n03637318_250.JPEG	0	2	63	61
n03637318_251.JPEG	0	1	63	51
n03637318_252.JPEG	13	18	59	56
n03637318_253.JPEG	2	0	61	23
n03637318_254.JPEG	0	15	61	63
n03637318_255.JPEG	2	0	63	63
n03637318_256.JPEG	4	0	45	31
n03637318_257.JPEG	4	0	63	43
n03637318_258.JPEG	9	1	49	49
n03637318_259.JPEG	2	11	54	56
n03637318_260.JPEG	20	1	43	33
n03637318_261.JPEG	36	27	53	49
n03637318_262.JPEG	12	0	52	57
n03637318_263.JPEG	4	0	60	63
n03637318_264.JPEG	18	15	47	39
n03637318_265.JPEG	2	0	41	39
n03637318_266.JPEG	10	7	53	50
n03637318_267.JPEG	24	0	58	23
n03637318_268.JPEG	22	21	36	46
n03637318_269.JPEG	7	0	34	48
n03637318_270.JPEG	7	0	54	63
n03637318_271.JPEG	0	5	63	58
n03637318_272.JPEG	25	0	48	63
n03637318_273.JPEG	9	0	54	36
n03637318_274.JPEG	16	1	44	22
n03637318_275.JPEG	2	1	63	39
n03637318_276.JPEG	2	11	60	62
n03637318_277.JPEG	0	0	63	63
n03637318_278.JPEG	37	21	63	50
n03637318_279.JPEG	43	7	53	21
n03637318_280.JPEG	31	0	58	63
n03637318_281.JPEG	21	6	42	37
n03637318_282.JPEG	12	0	59	37
n03637318_283.JPEG	29	43	48	56
n03637318_284.JPEG	2	1	25	15
n03637318_285.JPEG	2	0	63	63
n03637318_286.JPEG	12	0	57	0
n03637318_287.JPEG	21	0	44	63
n03637318_288.JPEG	0	5	61	59
n03637318_289.JPEG	45	11	63	30
n03637318_290.JPEG	13	0	55	63
n03637318_291.JPEG	0	0	62	63
n03637318_292.JPEG	0	8	63	63
n03637318_293.JPEG	15	16	41	33
n03637318_294.JPEG	35	25	47	34
n03637318_295.JPEG	11	0	58	28
n03637318_296.JPEG	5	1	59	63
n03637318_297.JPEG	0	7	63	63
n03637318_298.JPEG	6	2	63	63
n03637318_299.JPEG	0	6	63	55
n03637318_300.JPEG	16	2	59	63
n03637318_301.JPEG	13	1	51	24
n03637318_302.JPEG	7	5	62	52
n03637318_303.JPEG	0	0	46	13
n03637318_304.JPEG	15	0	62	28
n03637318_305.JPEG	1	0	34	33
n03637318_306.JPEG	5	10	61	63
n03637318_307.JPEG	50	2	63	53
n03637318_308.JPEG	1	6	48	62
n03637318_309.JPEG	11	0	54	56
n03637318_310.JPEG	12	0	58	28
n03637318_311.JPEG	33	0	61	38
n03637318_312.JPEG	0	0	51	60
n03637318_313.JPEG	29	5	63	63
n03637318_314.JPEG	0	0	36	46
n03637318_315.JPEG	15	9	53	58
n03637318_316.JPEG	5	1	63	63
n03637318_317.JPEG	8	7	59	61
n03637318_318.JPEG	0	18	23	38
n03637318_319.JPEG	17	2	46	27
n03637318_320.JPEG	14	17	56	39
n03637318_321.JPEG	1	2	63	63
n03637318_322.JPEG	12	0	51	29
n03637318_323.JPEG	0	5	63	63
n03637318_324.JPEG	9	19	31	35
n03637318_325.JPEG	15	0	54	31
n03637318_326.JPEG	2	0	61	63
n03637318_327.JPEG	2	0	59	63
n03637318_328.JPEG	0	13	0	28
n03637318_329.JPEG	0	0	63	63
n03637318_330.JPEG	0	0	63	22
n03637318_331.JPEG	0	2	63	62
n03637318_332.JPEG	21	10	42	63
n03637318_333.JPEG	5	3	63	62
n03637318_334.JPEG	22	0	59	58
n03637318_335.JPEG	11	0	51	40
n03637318_336.JPEG	0	1	63	53
n03637318_337.JPEG	2	2	63	63
n03637318_338.JPEG	0	2	42	48
n03637318_339.JPEG	5	9	31	30
n03637318_340.JPEG	2	4	63	53
n03637318_341.JPEG	3	19	58	63
n03637318_342.JPEG	0	7	63	63
n03637318_343.JPEG	0	0	63	63
n03637318_344.JPEG	8	3	63	63
n03637318_345.JPEG	0	1	30	63
n03637318_346.JPEG	9	0	55	29
n03637318_347.JPEG	18	11	52	37
n03637318_348.JPEG	14	12	36	25
n03637318_349.JPEG	4	0	63	63
n03637318_350.JPEG	4	10	34	44
n03637318_351.JPEG	17	0	48	16
n03637318_352.JPEG	21	4	43	41
n03637318_353.JPEG	24	2	44	43
n03637318_354.JPEG	28	14	63	63
n03637318_355.JPEG	0	0	63	61
n03637318_356.JPEG	5	0	55	63
n03637318_357.JPEG	0	24	35	59
n03637318_358.JPEG	15	0	54	22
n03637318_359.JPEG	17	0	48	34
n03637318_360.JPEG	1	0	63	63
n03637318_361.JPEG	21	17	45	38
n03637318_362.JPEG	12	0	51	6
n03637318_363.JPEG	0	0	63	63
n03637318_364.JPEG	0	0	55	32
n03637318_365.JPEG	16	3	49	61
n03637318_366.JPEG	0	0	63	63
n03637318_367.JPEG	0	0	63	58
n03637318_368.JPEG	17	0	45	56
n03637318_369.JPEG	38	24	52	37
n03637318_370.JPEG	2	0	63	25
n03637318_371.JPEG	0	7	61	63
n03637318_372.JPEG	0	8	25	61
n03637318_373.JPEG	27	25	59	53
n03637318_374.JPEG	0	0	63	63
n03637318_375.JPEG	15	10	47	55
n03637318_376.JPEG	3	16	23	58
n03637318_377.JPEG	17	0	56	37
n03637318_378.JPEG	22	15	44	53
n03637318_379.JPEG	7	9	56	57
n03637318_380.JPEG	29	24	50	47
n03637318_381.JPEG	29	12	58	31
n03637318_382.JPEG	4	0	58	25
n03637318_383.JPEG	0	0	54	16
n03637318_384.JPEG	5	12	25	54
n03637318_385.JPEG	3	0	63	63
n03637318_386.JPEG	13	23	62	63
n03637318_387.JPEG	3	6	61	60
n03637318_388.JPEG	19	4	45	32
n03637318_389.JPEG	0	0	56	47
n03637318_390.JPEG	29	11	57	47
n03637318_391.JPEG	0	9	63	63
n03637318_392.JPEG	5	4	59	63
n03637318_393.JPEG	4	0	63	63
n03637318_394.JPEG	0	0	15	3
n03637318_395.JPEG	8	54	38	63
n03637318_396.JPEG	17	0	51	4
n03637318_397.JPEG	5	0	59	17
n03637318_398.JPEG	4	0	56	63
n03637318_399.JPEG	10	0	63	63
n03637318_400.JPEG	17	10	49	63
n03637318_401.JPEG	21	16	50	41
n03637318_402.JPEG	4	0	62	61
n03637318_403.JPEG	13	9	63	57
n03637318_404.JPEG	3	0	61	22
n03637318_405.JPEG	44	32	62	57
n03637318_406.JPEG	36	11	62	40
n03637318_407.JPEG	16	0	49	37
n03637318_408.JPEG	0	0	63	34
n03637318_409.JPEG	0	3	63	63
n03637318_410.JPEG	13	0	54	63
n03637318_411.JPEG	4	0	61	33
n03637318_412.JPEG	2	0	62	63
n03637318_413.JPEG	1	0	55	63
n03637318_414.JPEG	34	2	63	40
n03637318_415.JPEG	9	0	58	26
n03637318_416.JPEG	4	9	61	36
n03637318_417.JPEG	0	0	63	63
n03637318_418.JPEG	13	0	51	63
n03637318_419.JPEG	14	0	63	63
n03637318_420.JPEG	10	0	53	63
n03637318_421.JPEG	17	5	47	43
n03637318_422.JPEG	23	32	41	47
n03637318_423.JPEG	0	0	63	63
n03637318_424.JPEG	4	0	54	14
n03637318_425.JPEG	0	0	63	63
n03637318_426.JPEG	4	0	53	63
n03637318_427.JPEG	4	0	63	63
n03637318_428.JPEG	3	5	59	46
n03637318_429.JPEG	0	0	63	63
n03637318_430.JPEG	2	9	38	46
n03637318_431.JPEG	2	2	63	29
n03637318_432.JPEG	19	11	46	36
n03637318_433.JPEG	9	0	52	25
n03637318_434.JPEG	31	4	63	29
n03637318_435.JPEG	32	5	63	42
n03637318_436.JPEG	13	0	48	24
n03637318_437.JPEG	23	8	63	53
n03637318_438.JPEG	0	0	63	63
n03637318_439.JPEG	9	1	60	46
n03637318_440.JPEG	16	0	49	17
n03637318_441.JPEG	20	0	38	32
n03637318_442.JPEG	12	2	55	49
n03637318_443.JPEG	0	10	63	63
n03637318_444.JPEG	19	0	47	56
n03637318_445.JPEG	14	23	52	56
n03637318_446.JPEG	12	1	61	63
n03637318_447.JPEG	2	0	62	63
n03637318_448.JPEG	5	0	38	15
n03637318_449.JPEG	6	0	60	31
n03637318_450.JPEG	5	7	57	63
n03637318_451.JPEG	2	4	63	62
n03637318_452.JPEG	8	6	46	33
n03637318_453.JPEG	22	24	63	63
n03637318_454.JPEG	18	10	49	59
n03637318_455.JPEG	1	0	63	42
n03637318_456.JPEG	12	0	54	24
n03637318_457.JPEG	6	15	51	53
n03637318_458.JPEG	0	12	63	57
n03637318_459.JPEG	17	0	53	63
n03637318_460.JPEG	11	0	54	18
n03637318_461.JPEG	9	8	60	61
n03637318_462.JPEG	21	3	53	27
n03637318_463.JPEG	0	5	63	63
n03637318_464.JPEG	13	1	61	63
n03637318_465.JPEG	2	4	62	60
n03637318_466.JPEG	0	4	63	63
n03637318_467.JPEG	0	7	36	51
n03637318_468.JPEG	0	2	63	63
n03637318_469.JPEG	13	3	48	62
n03637318_470.JPEG	18	3	52	36
n03637318_471.JPEG	23	0	63	41
n03637318_472.JPEG	0	2	63	55
n03637318_473.JPEG	1	11	63	63
n03637318_474.JPEG	0	0	63	63
n03637318_475.JPEG	25	45	40	63
n03637318_476.JPEG	15	10	26	12
n03637318_477.JPEG	51	20	63	51
n03637318_478.JPEG	11	0	63	63
n03637318_479.JPEG	9	17	46	52
n03637318_480.JPEG	14	4	48	28
n03637318_481.JPEG	0	13	5	29
n03637318_482.JPEG	0	1	63	62
n03637318_483.JPEG	1	0	63	51
n03637318_484.JPEG	4	8	43	63
n03637318_485.JPEG	13	12	46	35
n03637318_486.JPEG	0	0	63	63
n03637318_487.JPEG	1	2	62	48
n03637318_488.JPEG	12	0	49	63
n03637318_489.JPEG	2	2	63	63
n03637318_490.JPEG	37	8	54	30
n03637318_491.JPEG	2	0	63	63
n03637318_492.JPEG	5	1	58	63
n03637318_493.JPEG	18	14	46	37
n03637318_494.JPEG	12	0	53	25
n03637318_495.JPEG	20	0	56	25
n03637318_496.JPEG	9	5	61	55
n03637318_497.JPEG	0	0	53	44
n03637318_498.JPEG	8	0	57	63
n03637318_499.JPEG	15	31	45	63
