n02132136_0.JPEG	0	9	61	59
n02132136_1.JPEG	0	6	63	58
n02132136_2.JPEG	0	2	63	63
n02132136_3.JPEG	0	0	63	63
n02132136_4.JPEG	16	0	50	63
n02132136_5.JPEG	48	23	63	49
n02132136_6.JPEG	2	16	43	47
n02132136_7.JPEG	6	0	44	63
n02132136_8.JPEG	0	0	47	63
n02132136_9.JPEG	16	18	63	42
n02132136_10.JPEG	17	24	50	47
n02132136_11.JPEG	19	12	63	61
n02132136_12.JPEG	31	28	53	50
n02132136_13.JPEG	6	0	57	60
n02132136_14.JPEG	13	10	39	41
n02132136_15.JPEG	0	0	63	54
n02132136_16.JPEG	7	30	34	48
n02132136_17.JPEG	0	23	63	62
n02132136_18.JPEG	1	19	60	45
n02132136_19.JPEG	0	21	63	51
n02132136_20.JPEG	0	4	63	60
n02132136_21.JPEG	25	22	36	33
n02132136_22.JPEG	11	8	60	61
n02132136_23.JPEG	0	10	53	47
n02132136_24.JPEG	28	54	36	62
n02132136_25.JPEG	10	9	63	59
n02132136_26.JPEG	19	6	52	59
n02132136_27.JPEG	27	25	46	45
n02132136_28.JPEG	1	2	58	62
n02132136_29.JPEG	17	2	45	63
n02132136_30.JPEG	7	33	46	63
n02132136_31.JPEG	0	0	63	63
n02132136_32.JPEG	8	0	62	63
n02132136_33.JPEG	38	12	63	56
n02132136_34.JPEG	0	30	35	55
n02132136_35.JPEG	28	14	48	37
n02132136_36.JPEG	0	0	51	63
n02132136_37.JPEG	4	0	63	59
n02132136_38.JPEG	8	15	63	58
n02132136_39.JPEG	15	12	63	41
n02132136_40.JPEG	37	18	48	28
n02132136_41.JPEG	9	3	55	33
n02132136_42.JPEG	0	0	60	52
n02132136_43.JPEG	19	16	61	46
n02132136_44.JPEG	5	20	63	57
n02132136_45.JPEG	8	7	40	63
n02132136_46.JPEG	0	16	45	44
n02132136_47.JPEG	0	9	55	58
n02132136_48.JPEG	18	13	63	63
n02132136_49.JPEG	21	21	45	47
n02132136_50.JPEG	0	11	63	59
n02132136_51.JPEG	8	12	56	47
n02132136_52.JPEG	19	22	38	38
n02132136_53.JPEG	12	7	55	63
n02132136_54.JPEG	24	16	58	51
n02132136_55.JPEG	0	3	57	63
n02132136_56.JPEG	8	13	52	59
n02132136_57.JPEG	0	2	61	63
n02132136_58.JPEG	8	6	63	63
n02132136_59.JPEG	0	7	60	63
n02132136_60.JPEG	0	0	63	63
n02132136_61.JPEG	13	11	47	60
n02132136_62.JPEG	9	12	63	58
n02132136_63.JPEG	21	16	51	38
n02132136_64.JPEG	0	12	55	54
n02132136_65.JPEG	0	1	54	61
n02132136_66.JPEG	0	31	35	53
n02132136_67.JPEG	24	7	49	50
n02132136_68.JPEG	0	0	56	63
n02132136_69.JPEG	11	18	63	57
n02132136_70.JPEG	0	1	63	63
n02132136_71.JPEG	0	5	51	60
n02132136_72.JPEG	10	21	48	48
n02132136_73.JPEG	0	2	59	63
n02132136_74.JPEG	8	9	63	62
n02132136_75.JPEG	9	5	53	52
n02132136_76.JPEG	0	0	63	63
n02132136_77.JPEG	11	20	39	54
n02132136_78.JPEG	22	8	52	61
n02132136_79.JPEG	0	13	53	63
n02132136_80.JPEG	4	18	58	46
n02132136_81.JPEG	14	0	63	63
n02132136_82.JPEG	16	21	36	49
n02132136_83.JPEG	0	20	18	50
n02132136_84.JPEG	0	0	63	63
n02132136_85.JPEG	1	5	63	60
n02132136_86.JPEG	1	0	63	63
n02132136_87.JPEG	19	26	46	42
n02132136_88.JPEG	4	3	43	54
n02132136_89.JPEG	0	0	63	62
n02132136_90.JPEG	0	17	48	63
n02132136_91.JPEG	0	3	47	60
n02132136_92.JPEG	1	4	56	56
n02132136_93.JPEG	13	0	56	63
n02132136_94.JPEG	4	3	38	27
n02132136_95.JPEG	0	3	41	50
n02132136_96.JPEG	0	6	55	63
n02132136_97.JPEG	24	23	63	59
n02132136_98.JPEG	1	0	63	38
n02132136_99.JPEG	0	22	28	62
n02132136_100.JPEG	23	24	42	43
n02132136_101.JPEG	0	8	60	63
n02132136_102.JPEG	0	11	60	51
n02132136_103.JPEG	0	13	43	57
n02132136_104.JPEG	0	21	63	63
n02132136_105.JPEG	0	2	52	57
n02132136_106.JPEG	7	10	59	51
n02132136_107.JPEG	20	17	57	43
n02132136_108.JPEG	0	2	25	55
n02132136_109.JPEG	0	2	63	52
n02132136_110.JPEG	8	0	59	63
n02132136_111.JPEG	3	9	52	55
n02132136_112.JPEG	17	5	49	54
n02132136_113.JPEG	2	3	63	63
n02132136_114.JPEG	7	13	35	31
n02132136_115.JPEG	0	13	32	55
n02132136_116.JPEG	0	2	45	42
n02132136_117.JPEG	0	0	63	63
n02132136_118.JPEG	20	22	57	45
n02132136_119.JPEG	8	0	63	63
n02132136_120.JPEG	6	4	53	57
n02132136_121.JPEG	29	52	58	63
n02132136_122.JPEG	9	12	63	63
n02132136_123.JPEG	0	9	63	63
n02132136_124.JPEG	13	13	60	55
n02132136_125.JPEG	0	3	63	63
n02132136_126.JPEG	1	14	48	46
n02132136_127.JPEG	0	1	63	63
n02132136_128.JPEG	0	0	63	63
n02132136_129.JPEG	0	2	53	63
n02132136_130.JPEG	5	0	58	63
n02132136_131.JPEG	14	17	58	48
n02132136_132.JPEG	21	8	63	63
n02132136_133.JPEG	4	11	33	47
n02132136_134.JPEG	6	0	63	63
n02132136_135.JPEG	5	5	63	63
n02132136_136.JPEG	16	0	62	63
n02132136_137.JPEG	0	10	63	53
n02132136_138.JPEG	7	6	57	63
n02132136_139.JPEG	8	12	46	34
n02132136_140.JPEG	52	33	63	52
n02132136_141.JPEG	15	14	63	58
n02132136_142.JPEG	0	10	43	49
n02132136_143.JPEG	0	11	63	58
n02132136_144.JPEG	0	1	63	60
n02132136_145.JPEG	0	4	52	52
n02132136_146.JPEG	18	13	55	61
n02132136_147.JPEG	0	1	63	55
n02132136_148.JPEG	0	6	63	63
n02132136_149.JPEG	31	16	63	33
n02132136_150.JPEG	0	15	63	55
n02132136_151.JPEG	14	2	63	63
n02132136_152.JPEG	25	28	41	37
n02132136_153.JPEG	0	13	55	63
n02132136_154.JPEG	12	5	63	63
n02132136_155.JPEG	27	28	53	43
n02132136_156.JPEG	19	16	63	56
n02132136_157.JPEG	4	3	63	63
n02132136_158.JPEG	6	15	63	45
n02132136_159.JPEG	0	0	63	63
n02132136_160.JPEG	13	13	50	58
n02132136_161.JPEG	0	6	63	48
n02132136_162.JPEG	0	0	58	63
n02132136_163.JPEG	23	0	60	52
n02132136_164.JPEG	0	6	46	45
n02132136_165.JPEG	0	13	63	63
n02132136_166.JPEG	26	23	47	37
n02132136_167.JPEG	0	7	42	63
n02132136_168.JPEG	4	23	35	42
n02132136_169.JPEG	12	26	55	63
n02132136_170.JPEG	29	18	63	60
n02132136_171.JPEG	0	16	58	63
n02132136_172.JPEG	0	6	63	62
n02132136_173.JPEG	38	20	52	38
n02132136_174.JPEG	3	9	55	60
n02132136_175.JPEG	14	14	45	48
n02132136_176.JPEG	31	22	63	63
n02132136_177.JPEG	5	21	53	63
n02132136_178.JPEG	0	6	59	53
n02132136_179.JPEG	13	31	43	53
n02132136_180.JPEG	29	25	41	42
n02132136_181.JPEG	8	26	41	53
n02132136_182.JPEG	36	13	63	33
n02132136_183.JPEG	0	31	30	56
n02132136_184.JPEG	11	10	45	50
n02132136_185.JPEG	15	0	63	63
n02132136_186.JPEG	11	0	59	34
n02132136_187.JPEG	15	14	59	63
n02132136_188.JPEG	1	0	63	63
n02132136_189.JPEG	0	1	53	59
n02132136_190.JPEG	15	17	63	55
n02132136_191.JPEG	0	18	49	58
n02132136_192.JPEG	1	0	51	63
n02132136_193.JPEG	22	19	45	55
n02132136_194.JPEG	1	13	63	61
n02132136_195.JPEG	5	13	49	56
n02132136_196.JPEG	12	0	46	63
n02132136_197.JPEG	5	0	63	63
n02132136_198.JPEG	0	0	63	63
n02132136_199.JPEG	4	12	63	56
n02132136_200.JPEG	20	0	57	63
n02132136_201.JPEG	0	19	44	42
n02132136_202.JPEG	8	0	63	63
n02132136_203.JPEG	0	0	63	63
n02132136_204.JPEG	9	17	58	53
n02132136_205.JPEG	0	15	63	59
n02132136_206.JPEG	17	13	49	48
n02132136_207.JPEG	1	3	63	48
n02132136_208.JPEG	0	7	58	62
n02132136_209.JPEG	1	0	63	63
n02132136_210.JPEG	0	2	60	60
n02132136_211.JPEG	0	10	51	51
n02132136_212.JPEG	15	12	57	54
n02132136_213.JPEG	0	9	61	52
n02132136_214.JPEG	0	0	54	63
n02132136_215.JPEG	0	1	63	63
n02132136_216.JPEG	0	11	63	58
n02132136_217.JPEG	22	1	46	24
n02132136_218.JPEG	1	0	61	63
n02132136_219.JPEG	20	25	45	51
n02132136_220.JPEG	0	29	35	63
n02132136_221.JPEG	17	18	42	57
n02132136_222.JPEG	13	11	47	63
n02132136_223.JPEG	14	6	63	63
n02132136_224.JPEG	0	5	63	63
n02132136_225.JPEG	5	5	62	62
n02132136_226.JPEG	4	0	63	63
n02132136_227.JPEG	0	17	63	63
n02132136_228.JPEG	12	11	63	63
n02132136_229.JPEG	0	0	55	63
n02132136_230.JPEG	0	11	51	57
n02132136_231.JPEG	1	16	36	49
n02132136_232.JPEG	42	13	63	54
n02132136_233.JPEG	3	14	63	50
n02132136_234.JPEG	3	16	62	54
n02132136_235.JPEG	0	0	63	60
n02132136_236.JPEG	12	16	40	48
n02132136_237.JPEG	0	0	55	63
n02132136_238.JPEG	1	0	53	63
n02132136_239.JPEG	3	0	55	63
n02132136_240.JPEG	17	0	63	63
n02132136_241.JPEG	0	5	63	59
n02132136_242.JPEG	1	0	44	63
n02132136_243.JPEG	2	5	62	55
n02132136_244.JPEG	0	0	61	63
n02132136_245.JPEG	5	0	63	63
n02132136_246.JPEG	0	0	57	63
n02132136_247.JPEG	1	0	60	59
n02132136_248.JPEG	0	12	63	60
n02132136_249.JPEG	16	15	58	47
n02132136_250.JPEG	19	24	42	40
n02132136_251.JPEG	23	31	53	60
n02132136_252.JPEG	3	0	63	63
n02132136_253.JPEG	15	16	44	62
n02132136_254.JPEG	0	0	63	63
n02132136_255.JPEG	1	4	63	56
n02132136_256.JPEG	18	41	37	63
n02132136_257.JPEG	20	9	63	54
n02132136_258.JPEG	44	35	61	56
n02132136_259.JPEG	8	5	59	63
n02132136_260.JPEG	6	31	26	52
n02132136_261.JPEG	17	15	31	36
n02132136_262.JPEG	13	29	63	58
n02132136_263.JPEG	18	13	44	45
n02132136_264.JPEG	2	7	63	58
n02132136_265.JPEG	0	7	61	63
n02132136_266.JPEG	3	13	57	57
n02132136_267.JPEG	11	7	37	44
n02132136_268.JPEG	10	18	54	55
n02132136_269.JPEG	18	0	63	55
n02132136_270.JPEG	21	29	35	42
n02132136_271.JPEG	0	9	42	61
n02132136_272.JPEG	6	7	63	63
n02132136_273.JPEG	3	10	56	55
n02132136_274.JPEG	1	20	62	45
n02132136_275.JPEG	16	16	53	43
n02132136_276.JPEG	0	0	63	63
n02132136_277.JPEG	6	4	63	63
n02132136_278.JPEG	13	21	54	43
n02132136_279.JPEG	16	31	40	45
n02132136_280.JPEG	4	18	59	51
n02132136_281.JPEG	0	0	62	63
n02132136_282.JPEG	7	13	63	47
n02132136_283.JPEG	5	23	45	44
n02132136_284.JPEG	1	3	50	63
n02132136_285.JPEG	1	19	56	56
n02132136_286.JPEG	12	15	63	63
n02132136_287.JPEG	7	4	63	63
n02132136_288.JPEG	14	3	63	63
n02132136_289.JPEG	0	0	63	63
n02132136_290.JPEG	0	1	63	63
n02132136_291.JPEG	0	0	53	57
n02132136_292.JPEG	0	8	21	25
n02132136_293.JPEG	18	4	63	63
n02132136_294.JPEG	4	6	53	55
n02132136_295.JPEG	0	0	63	63
n02132136_296.JPEG	2	7	48	52
n02132136_297.JPEG	9	18	38	41
n02132136_298.JPEG	0	9	63	63
n02132136_299.JPEG	0	0	63	63
n02132136_300.JPEG	0	0	63	56
n02132136_301.JPEG	7	3	63	63
n02132136_302.JPEG	30	24	61	45
n02132136_303.JPEG	3	4	63	63
n02132136_304.JPEG	0	9	63	57
n02132136_305.JPEG	7	5	63	58
n02132136_306.JPEG	29	25	37	32
n02132136_307.JPEG	20	10	63	63
n02132136_308.JPEG	0	0	45	38
n02132136_309.JPEG	22	12	61	50
n02132136_310.JPEG	25	30	63	63
n02132136_311.JPEG	0	3	63	50
n02132136_312.JPEG	2	12	56	48
n02132136_313.JPEG	0	0	63	63
n02132136_314.JPEG	12	10	42	50
n02132136_315.JPEG	0	19	63	55
n02132136_316.JPEG	17	25	42	43
n02132136_317.JPEG	4	2	63	60
n02132136_318.JPEG	0	2	41	63
n02132136_319.JPEG	0	1	45	63
n02132136_320.JPEG	14	5	63	61
n02132136_321.JPEG	0	5	58	63
n02132136_322.JPEG	13	2	63	61
n02132136_323.JPEG	0	4	63	60
n02132136_324.JPEG	0	13	35	62
n02132136_325.JPEG	0	14	57	52
n02132136_326.JPEG	0	1	63	63
n02132136_327.JPEG	10	6	50	55
n02132136_328.JPEG	0	7	42	53
n02132136_329.JPEG	2	1	60	61
n02132136_330.JPEG	18	19	63	51
n02132136_331.JPEG	8	9	55	63
n02132136_332.JPEG	13	35	45	58
n02132136_333.JPEG	8	27	38	46
n02132136_334.JPEG	7	23	63	46
n02132136_335.JPEG	0	0	63	63
n02132136_336.JPEG	0	12	61	53
n02132136_337.JPEG	0	6	63	63
n02132136_338.JPEG	1	0	57	63
n02132136_339.JPEG	24	6	63	60
n02132136_340.JPEG	19	17	61	46
n02132136_341.JPEG	0	0	63	58
n02132136_342.JPEG	0	1	55	63
n02132136_343.JPEG	11	10	58	47
n02132136_344.JPEG	12	7	63	63
n02132136_345.JPEG	20	23	57	46
n02132136_346.JPEG	12	0	58	63
n02132136_347.JPEG	0	1	47	42
n02132136_348.JPEG	0	7	63	58
n02132136_349.JPEG	1	0	63	50
n02132136_350.JPEG	12	29	52	54
n02132136_351.JPEG	9	5	55	46
n02132136_352.JPEG	1	14	63	52
n02132136_353.JPEG	3	0	63	63
n02132136_354.JPEG	33	29	51	56
n02132136_355.JPEG	0	5	63	60
n02132136_356.JPEG	0	1	63	63
n02132136_357.JPEG	4	12	49	44
n02132136_358.JPEG	16	8	40	43
n02132136_359.JPEG	29	21	63	50
n02132136_360.JPEG	0	2	63	62
n02132136_361.JPEG	16	9	63	56
n02132136_362.JPEG	0	13	49	58
n02132136_363.JPEG	0	26	36	44
n02132136_364.JPEG	13	12	38	38
n02132136_365.JPEG	0	23	63	59
n02132136_366.JPEG	6	1	59	63
n02132136_367.JPEG	21	23	63	61
n02132136_368.JPEG	13	29	59	63
n02132136_369.JPEG	6	18	45	46
n02132136_370.JPEG	0	4	57	63
n02132136_371.JPEG	28	26	52	54
n02132136_372.JPEG	29	27	61	47
n02132136_373.JPEG	0	1	63	63
n02132136_374.JPEG	17	4	63	63
n02132136_375.JPEG	2	41	63	63
n02132136_376.JPEG	0	6	63	63
n02132136_377.JPEG	0	26	29	46
n02132136_378.JPEG	14	11	63	53
n02132136_379.JPEG	16	5	63	63
n02132136_380.JPEG	6	0	63	59
n02132136_381.JPEG	12	1	63	63
n02132136_382.JPEG	0	12	63	60
n02132136_383.JPEG	0	0	62	63
n02132136_384.JPEG	9	4	63	50
n02132136_385.JPEG	0	0	51	61
n02132136_386.JPEG	7	9	60	49
n02132136_387.JPEG	7	11	39	41
n02132136_388.JPEG	3	0	60	63
n02132136_389.JPEG	13	9	52	45
n02132136_390.JPEG	32	26	60	55
n02132136_391.JPEG	7	13	63	63
n02132136_392.JPEG	4	6	43	63
n02132136_393.JPEG	7	7	63	63
n02132136_394.JPEG	0	0	58	55
n02132136_395.JPEG	14	7	63	63
n02132136_396.JPEG	0	0	56	63
n02132136_397.JPEG	1	5	63	63
n02132136_398.JPEG	0	0	63	47
n02132136_399.JPEG	0	4	63	63
n02132136_400.JPEG	0	0	56	63
n02132136_401.JPEG	11	3	49	43
n02132136_402.JPEG	3	5	63	58
n02132136_403.JPEG	0	0	57	63
n02132136_404.JPEG	13	2	62	54
n02132136_405.JPEG	0	0	63	63
n02132136_406.JPEG	0	2	63	59
n02132136_407.JPEG	23	11	63	54
n02132136_408.JPEG	25	15	54	48
n02132136_409.JPEG	0	14	40	51
n02132136_410.JPEG	1	12	63	45
n02132136_411.JPEG	21	17	61	63
n02132136_412.JPEG	0	9	52	63
n02132136_413.JPEG	12	10	63	63
n02132136_414.JPEG	12	14	54	51
n02132136_415.JPEG	10	19	49	48
n02132136_416.JPEG	5	7	63	56
n02132136_417.JPEG	5	9	38	58
n02132136_418.JPEG	4	10	63	51
n02132136_419.JPEG	1	0	63	63
n02132136_420.JPEG	27	26	45	48
n02132136_421.JPEG	0	13	59	50
n02132136_422.JPEG	2	2	49	55
n02132136_423.JPEG	0	12	59	57
n02132136_424.JPEG	15	11	63	63
n02132136_425.JPEG	0	1	63	63
n02132136_426.JPEG	16	39	63	63
n02132136_427.JPEG	18	13	45	57
n02132136_428.JPEG	9	2	63	52
n02132136_429.JPEG	8	19	22	38
n02132136_430.JPEG	11	13	63	56
n02132136_431.JPEG	9	1	63	52
n02132136_432.JPEG	0	7	63	59
n02132136_433.JPEG	20	14	50	58
n02132136_434.JPEG	13	6	61	63
n02132136_435.JPEG	10	9	57	63
n02132136_436.JPEG	20	9	63	63
n02132136_437.JPEG	0	3	63	63
n02132136_438.JPEG	8	8	56	63
n02132136_439.JPEG	17	12	63	47
n02132136_440.JPEG	8	0	63	63
n02132136_441.JPEG	28	27	54	55
n02132136_442.JPEG	34	27	49	40
n02132136_443.JPEG	6	3	61	63
n02132136_444.JPEG	13	1	63	58
n02132136_445.JPEG	0	10	63	63
n02132136_446.JPEG	0	0	63	62
n02132136_447.JPEG	34	35	63	57
n02132136_448.JPEG	0	2	43	63
n02132136_449.JPEG	26	25	63	48
n02132136_450.JPEG	29	38	63	60
n02132136_451.JPEG	10	6	58	57
n02132136_452.JPEG	12	23	58	52
n02132136_453.JPEG	12	6	63	58
n02132136_454.JPEG	0	4	63	63
n02132136_455.JPEG	0	5	63	63
n02132136_456.JPEG	44	23	62	42
n02132136_457.JPEG	1	0	63	63
n02132136_458.JPEG	0	0	63	63
n02132136_459.JPEG	4	7	59	61
n02132136_460.JPEG	5	0	63	63
n02132136_461.JPEG	11	21	56	47
n02132136_462.JPEG	0	26	63	54
n02132136_463.JPEG	0	5	58	62
n02132136_464.JPEG	5	0	63	63
n02132136_465.JPEG	0	4	43	55
n02132136_466.JPEG	0	7	50	50
n02132136_467.JPEG	8	6	63	63
n02132136_468.JPEG	5	12	62	52
n02132136_469.JPEG	16	13	54	44
n02132136_470.JPEG	7	25	45	55
n02132136_471.JPEG	9	20	63	53
n02132136_472.JPEG	51	41	63	54
n02132136_473.JPEG	7	4	63	63
n02132136_474.JPEG	14	0	63	63
n02132136_475.JPEG	0	30	56	63
n02132136_476.JPEG	12	6	43	54
n02132136_477.JPEG	6	3	61	42
n02132136_478.JPEG	2	16	63	63
n02132136_479.JPEG	0	0	47	62
n02132136_480.JPEG	3	2	62	61
n02132136_481.JPEG	7	0	63	63
n02132136_482.JPEG	4	10	44	42
n02132136_483.JPEG	0	8	63	61
n02132136_484.JPEG	24	21	56	53
n02132136_485.JPEG	0	0	50	63
n02132136_486.JPEG	44	10	63	49
n02132136_487.JPEG	0	21	51	55
n02132136_488.JPEG	0	2	58	63
n02132136_489.JPEG	0	16	44	47
n02132136_490.JPEG	27	19	43	35
n02132136_491.JPEG	23	28	39	38
n02132136_492.JPEG	0	5	49	46
n02132136_493.JPEG	15	6	63	62
n02132136_494.JPEG	0	5	56	63
n02132136_495.JPEG	0	5	63	60
n02132136_496.JPEG	21	14	53	59
n02132136_497.JPEG	0	10	63	57
n02132136_498.JPEG	28	12	63	43
n02132136_499.JPEG	12	4	63	63
