n12267677_0.JPEG	38	45	45	52
n12267677_1.JPEG	39	32	58	48
n12267677_2.JPEG	25	21	52	46
n12267677_3.JPEG	22	17	42	35
n12267677_4.JPEG	10	14	54	54
n12267677_5.JPEG	8	9	45	53
n12267677_6.JPEG	30	26	44	43
n12267677_7.JPEG	25	12	62	59
n12267677_8.JPEG	27	32	59	51
n12267677_9.JPEG	23	36	36	50
n12267677_10.JPEG	12	20	44	43
n12267677_11.JPEG	0	4	26	54
n12267677_12.JPEG	25	19	43	35
n12267677_13.JPEG	16	3	49	63
n12267677_14.JPEG	24	23	35	32
n12267677_15.JPEG	41	26	48	33
n12267677_16.JPEG	40	45	57	57
n12267677_17.JPEG	23	26	38	41
n12267677_18.JPEG	0	20	26	44
n12267677_19.JPEG	15	22	45	49
n12267677_20.JPEG	0	17	63	43
n12267677_21.JPEG	42	33	59	56
n12267677_22.JPEG	3	3	63	61
n12267677_23.JPEG	20	15	60	52
n12267677_24.JPEG	8	30	35	54
n12267677_25.JPEG	18	18	38	35
n12267677_26.JPEG	23	11	39	35
n12267677_27.JPEG	16	11	63	57
n12267677_28.JPEG	0	10	40	43
n12267677_29.JPEG	45	23	61	39
n12267677_30.JPEG	22	16	35	24
n12267677_31.JPEG	12	14	47	47
n12267677_32.JPEG	25	16	63	53
n12267677_33.JPEG	0	5	62	58
n12267677_34.JPEG	17	27	61	54
n12267677_35.JPEG	0	1	0	9
n12267677_36.JPEG	0	42	13	52
n12267677_37.JPEG	17	13	44	49
n12267677_38.JPEG	19	16	41	45
n12267677_39.JPEG	23	21	40	39
n12267677_40.JPEG	18	12	43	41
n12267677_41.JPEG	1	10	63	56
n12267677_42.JPEG	9	22	17	29
n12267677_43.JPEG	24	22	40	40
n12267677_44.JPEG	25	27	51	51
n12267677_45.JPEG	6	35	38	57
n12267677_46.JPEG	29	18	57	39
n12267677_47.JPEG	33	6	53	37
n12267677_48.JPEG	19	27	30	35
n12267677_49.JPEG	6	24	34	47
n12267677_50.JPEG	16	23	39	58
n12267677_51.JPEG	16	6	55	57
n12267677_52.JPEG	6	2	60	58
n12267677_53.JPEG	0	10	41	56
n12267677_54.JPEG	7	21	50	63
n12267677_55.JPEG	4	24	51	58
n12267677_56.JPEG	15	9	35	34
n12267677_57.JPEG	23	39	31	47
n12267677_58.JPEG	43	13	63	48
n12267677_59.JPEG	17	5	51	60
n12267677_60.JPEG	48	29	59	40
n12267677_61.JPEG	28	3	39	14
n12267677_62.JPEG	25	23	49	50
n12267677_63.JPEG	19	5	52	35
n12267677_64.JPEG	27	12	63	59
n12267677_65.JPEG	9	6	58	57
n12267677_66.JPEG	1	2	51	58
n12267677_67.JPEG	2	31	32	54
n12267677_68.JPEG	34	37	48	50
n12267677_69.JPEG	27	23	43	45
n12267677_70.JPEG	20	4	56	45
n12267677_71.JPEG	39	11	63	34
n12267677_72.JPEG	37	20	47	31
n12267677_73.JPEG	41	47	53	59
n12267677_74.JPEG	6	13	59	43
n12267677_75.JPEG	25	21	37	37
n12267677_76.JPEG	9	40	31	63
n12267677_77.JPEG	24	16	58	61
n12267677_78.JPEG	8	1	29	35
n12267677_79.JPEG	12	21	25	34
n12267677_80.JPEG	21	25	44	38
n12267677_81.JPEG	15	12	32	34
n12267677_82.JPEG	0	6	29	49
n12267677_83.JPEG	25	27	42	51
n12267677_84.JPEG	17	15	48	54
n12267677_85.JPEG	8	35	22	46
n12267677_86.JPEG	27	39	38	46
n12267677_87.JPEG	36	31	63	58
n12267677_88.JPEG	12	19	49	62
n12267677_89.JPEG	20	19	42	45
n12267677_90.JPEG	13	32	26	46
n12267677_91.JPEG	37	25	63	59
n12267677_92.JPEG	17	39	26	53
n12267677_93.JPEG	6	36	15	47
n12267677_94.JPEG	37	31	63	56
n12267677_95.JPEG	12	12	43	44
n12267677_96.JPEG	32	21	62	57
n12267677_97.JPEG	0	2	63	63
n12267677_98.JPEG	16	16	51	49
n12267677_99.JPEG	28	14	47	46
n12267677_100.JPEG	26	21	41	43
n12267677_101.JPEG	22	16	50	63
n12267677_102.JPEG	41	27	55	39
n12267677_103.JPEG	22	24	50	55
n12267677_104.JPEG	17	26	34	44
n12267677_105.JPEG	18	25	43	61
n12267677_106.JPEG	15	39	26	46
n12267677_107.JPEG	32	45	44	57
n12267677_108.JPEG	3	33	18	57
n12267677_109.JPEG	13	1	44	52
n12267677_110.JPEG	2	48	11	59
n12267677_111.JPEG	12	25	34	42
n12267677_112.JPEG	25	5	43	22
n12267677_113.JPEG	29	29	40	40
n12267677_114.JPEG	37	28	48	39
n12267677_115.JPEG	16	47	26	55
n12267677_116.JPEG	4	25	26	46
n12267677_117.JPEG	40	34	55	53
n12267677_118.JPEG	7	22	38	56
n12267677_119.JPEG	15	25	38	50
n12267677_120.JPEG	0	14	27	53
n12267677_121.JPEG	14	3	47	52
n12267677_122.JPEG	56	44	63	54
n12267677_123.JPEG	0	8	33	52
n12267677_124.JPEG	25	14	52	39
n12267677_125.JPEG	41	21	63	50
n12267677_126.JPEG	54	17	63	35
n12267677_127.JPEG	10	16	30	38
n12267677_128.JPEG	6	23	38	53
n12267677_129.JPEG	25	33	48	57
n12267677_130.JPEG	27	24	37	35
n12267677_131.JPEG	24	40	42	58
n12267677_132.JPEG	21	22	41	38
n12267677_133.JPEG	9	29	15	33
n12267677_134.JPEG	0	10	32	35
n12267677_135.JPEG	0	44	0	54
n12267677_136.JPEG	21	22	47	53
n12267677_137.JPEG	18	23	43	45
n12267677_138.JPEG	24	23	48	46
n12267677_139.JPEG	16	13	57	54
n12267677_140.JPEG	17	38	37	63
n12267677_141.JPEG	12	15	47	49
n12267677_142.JPEG	41	31	63	56
n12267677_143.JPEG	0	24	25	36
n12267677_144.JPEG	20	21	45	45
n12267677_145.JPEG	27	24	52	45
n12267677_146.JPEG	0	24	10	42
n12267677_147.JPEG	7	6	51	63
n12267677_148.JPEG	42	40	48	48
n12267677_149.JPEG	14	34	47	63
n12267677_150.JPEG	29	50	50	63
n12267677_151.JPEG	37	7	62	46
n12267677_152.JPEG	0	2	63	63
n12267677_153.JPEG	11	23	35	43
n12267677_154.JPEG	24	34	37	47
n12267677_155.JPEG	9	27	31	43
n12267677_156.JPEG	33	19	63	52
n12267677_157.JPEG	14	15	52	51
n12267677_158.JPEG	62	3	63	12
n12267677_159.JPEG	26	11	42	30
n12267677_160.JPEG	33	33	57	45
n12267677_161.JPEG	7	10	55	55
n12267677_162.JPEG	7	4	55	53
n12267677_163.JPEG	27	23	44	43
n12267677_164.JPEG	9	17	58	52
n12267677_165.JPEG	21	18	48	42
n12267677_166.JPEG	44	23	54	33
n12267677_167.JPEG	4	18	49	63
n12267677_168.JPEG	0	8	37	60
n12267677_169.JPEG	17	20	30	33
n12267677_170.JPEG	20	1	59	43
n12267677_171.JPEG	49	12	59	26
n12267677_172.JPEG	26	20	46	40
n12267677_173.JPEG	11	32	38	58
n12267677_174.JPEG	0	0	63	63
n12267677_175.JPEG	24	12	43	34
n12267677_176.JPEG	0	18	19	52
n12267677_177.JPEG	16	3	32	21
n12267677_178.JPEG	29	24	45	40
n12267677_179.JPEG	29	17	51	33
n12267677_180.JPEG	25	22	38	41
n12267677_181.JPEG	37	13	55	42
n12267677_182.JPEG	20	21	40	42
n12267677_183.JPEG	1	8	41	52
n12267677_184.JPEG	20	27	44	42
n12267677_185.JPEG	20	32	31	43
n12267677_186.JPEG	34	36	47	49
n12267677_187.JPEG	34	23	63	52
n12267677_188.JPEG	40	24	53	42
n12267677_189.JPEG	26	17	42	34
n12267677_190.JPEG	13	12	47	49
n12267677_191.JPEG	7	4	60	54
n12267677_192.JPEG	15	48	23	57
n12267677_193.JPEG	36	21	50	36
n12267677_194.JPEG	0	5	38	57
n12267677_195.JPEG	25	20	46	41
n12267677_196.JPEG	45	22	63	50
n12267677_197.JPEG	32	5	56	37
n12267677_198.JPEG	20	18	49	41
n12267677_199.JPEG	18	12	44	50
n12267677_200.JPEG	37	26	58	45
n12267677_201.JPEG	18	13	48	46
n12267677_202.JPEG	30	15	56	37
n12267677_203.JPEG	23	11	41	29
n12267677_204.JPEG	11	7	47	57
n12267677_205.JPEG	0	16	63	53
n12267677_206.JPEG	19	19	51	63
n12267677_207.JPEG	23	23	37	36
n12267677_208.JPEG	20	21	50	44
n12267677_209.JPEG	9	12	61	56
n12267677_210.JPEG	23	28	34	39
n12267677_211.JPEG	24	26	55	53
n12267677_212.JPEG	5	29	18	46
n12267677_213.JPEG	14	28	43	59
n12267677_214.JPEG	2	19	35	63
n12267677_215.JPEG	0	24	21	42
n12267677_216.JPEG	13	20	52	48
n12267677_217.JPEG	1	14	32	50
n12267677_218.JPEG	7	14	24	29
n12267677_219.JPEG	34	20	53	51
n12267677_220.JPEG	44	25	63	53
n12267677_221.JPEG	24	33	41	45
n12267677_222.JPEG	29	34	41	46
n12267677_223.JPEG	17	24	27	36
n12267677_224.JPEG	24	11	33	18
n12267677_225.JPEG	43	37	61	55
n12267677_226.JPEG	5	16	47	50
n12267677_227.JPEG	13	10	62	48
n12267677_228.JPEG	13	27	36	50
n12267677_229.JPEG	21	14	54	57
n12267677_230.JPEG	23	17	43	39
n12267677_231.JPEG	7	20	30	41
n12267677_232.JPEG	45	18	63	50
n12267677_233.JPEG	23	7	50	35
n12267677_234.JPEG	9	0	50	62
n12267677_235.JPEG	7	25	35	52
n12267677_236.JPEG	12	12	47	57
n12267677_237.JPEG	35	32	47	45
n12267677_238.JPEG	32	11	63	48
n12267677_239.JPEG	14	34	35	58
n12267677_240.JPEG	21	19	33	29
n12267677_241.JPEG	61	48	63	55
n12267677_242.JPEG	28	6	53	24
n12267677_243.JPEG	0	1	39	38
n12267677_244.JPEG	48	53	56	62
n12267677_245.JPEG	54	50	61	57
n12267677_246.JPEG	20	27	37	49
n12267677_247.JPEG	16	15	47	50
n12267677_248.JPEG	0	34	23	57
n12267677_249.JPEG	12	12	47	48
n12267677_250.JPEG	0	3	63	60
n12267677_251.JPEG	10	0	52	31
n12267677_252.JPEG	34	35	56	48
n12267677_253.JPEG	24	5	63	40
n12267677_254.JPEG	34	19	63	54
n12267677_255.JPEG	15	28	35	45
n12267677_256.JPEG	21	10	40	34
n12267677_257.JPEG	31	1	54	60
n12267677_258.JPEG	5	15	51	47
n12267677_259.JPEG	11	24	54	58
n12267677_260.JPEG	6	28	28	49
n12267677_261.JPEG	14	0	44	47
n12267677_262.JPEG	39	20	56	50
n12267677_263.JPEG	8	21	43	59
n12267677_264.JPEG	53	18	60	23
n12267677_265.JPEG	25	17	50	42
n12267677_266.JPEG	30	24	56	49
n12267677_267.JPEG	63	28	63	35
n12267677_268.JPEG	21	17	56	55
n12267677_269.JPEG	34	44	52	62
n12267677_270.JPEG	30	30	55	52
n12267677_271.JPEG	6	24	30	47
n12267677_272.JPEG	27	24	39	37
n12267677_273.JPEG	28	15	51	37
n12267677_274.JPEG	12	16	15	19
n12267677_275.JPEG	20	23	36	41
n12267677_276.JPEG	30	29	40	40
n12267677_277.JPEG	0	3	48	47
n12267677_278.JPEG	18	21	42	43
n12267677_279.JPEG	7	21	55	50
n12267677_280.JPEG	19	23	40	42
n12267677_281.JPEG	14	0	50	60
n12267677_282.JPEG	27	49	50	61
n12267677_283.JPEG	0	11	63	60
n12267677_284.JPEG	11	27	32	48
n12267677_285.JPEG	20	28	38	50
n12267677_286.JPEG	20	29	27	41
n12267677_287.JPEG	39	4	63	34
n12267677_288.JPEG	38	21	63	50
n12267677_289.JPEG	18	6	62	54
n12267677_290.JPEG	19	35	47	63
n12267677_291.JPEG	4	0	63	63
n12267677_292.JPEG	0	8	35	47
n12267677_293.JPEG	24	14	45	33
n12267677_294.JPEG	19	32	39	54
n12267677_295.JPEG	32	8	63	43
n12267677_296.JPEG	20	24	40	46
n12267677_297.JPEG	15	28	51	52
n12267677_298.JPEG	18	23	32	35
n12267677_299.JPEG	20	24	44	49
n12267677_300.JPEG	25	15	62	53
n12267677_301.JPEG	21	14	57	48
n12267677_302.JPEG	39	32	47	40
n12267677_303.JPEG	28	21	42	37
n12267677_304.JPEG	23	38	52	63
n12267677_305.JPEG	13	26	39	48
n12267677_306.JPEG	24	25	40	49
n12267677_307.JPEG	29	34	52	50
n12267677_308.JPEG	18	8	47	58
n12267677_309.JPEG	13	12	51	51
n12267677_310.JPEG	12	9	52	62
n12267677_311.JPEG	9	2	53	35
n12267677_312.JPEG	0	7	23	37
n12267677_313.JPEG	19	7	62	45
n12267677_314.JPEG	40	23	61	43
n12267677_315.JPEG	24	42	38	59
n12267677_316.JPEG	14	34	23	44
n12267677_317.JPEG	45	30	62	45
n12267677_318.JPEG	21	16	48	47
n12267677_319.JPEG	30	12	63	63
n12267677_320.JPEG	24	22	42	40
n12267677_321.JPEG	0	26	63	56
n12267677_322.JPEG	6	17	45	54
n12267677_323.JPEG	29	24	62	53
n12267677_324.JPEG	42	40	61	55
n12267677_325.JPEG	12	27	21	37
n12267677_326.JPEG	32	8	63	52
n12267677_327.JPEG	12	21	37	46
n12267677_328.JPEG	25	24	38	36
n12267677_329.JPEG	17	26	34	44
n12267677_330.JPEG	24	21	35	34
n12267677_331.JPEG	10	18	33	42
n12267677_332.JPEG	48	37	54	44
n12267677_333.JPEG	14	21	38	51
n12267677_334.JPEG	22	24	40	35
n12267677_335.JPEG	0	0	26	38
n12267677_336.JPEG	41	50	58	63
n12267677_337.JPEG	27	28	40	41
n12267677_338.JPEG	25	10	44	59
n12267677_339.JPEG	0	0	63	61
n12267677_340.JPEG	33	27	42	40
n12267677_341.JPEG	15	17	28	28
n12267677_342.JPEG	34	19	53	50
n12267677_343.JPEG	31	29	49	49
n12267677_344.JPEG	0	20	55	63
n12267677_345.JPEG	9	46	23	57
n12267677_346.JPEG	25	15	40	38
n12267677_347.JPEG	18	7	60	48
n12267677_348.JPEG	9	28	40	56
n12267677_349.JPEG	9	32	30	56
n12267677_350.JPEG	0	33	2	54
n12267677_351.JPEG	42	22	56	36
n12267677_352.JPEG	27	46	41	60
n12267677_353.JPEG	7	27	32	52
n12267677_354.JPEG	20	15	59	53
n12267677_355.JPEG	18	5	63	62
n12267677_356.JPEG	13	7	44	39
n12267677_357.JPEG	25	28	45	41
n12267677_358.JPEG	33	47	42	54
n12267677_359.JPEG	4	18	22	38
n12267677_360.JPEG	5	4	59	61
n12267677_361.JPEG	18	15	42	54
n12267677_362.JPEG	41	19	59	34
n12267677_363.JPEG	14	12	61	53
n12267677_364.JPEG	0	21	46	45
n12267677_365.JPEG	24	24	41	41
n12267677_366.JPEG	0	24	17	54
n12267677_367.JPEG	14	19	34	38
n12267677_368.JPEG	0	8	32	42
n12267677_369.JPEG	0	30	25	56
n12267677_370.JPEG	44	18	63	46
n12267677_371.JPEG	36	33	47	48
n12267677_372.JPEG	15	30	36	45
n12267677_373.JPEG	17	3	63	55
n12267677_374.JPEG	24	18	41	40
n12267677_375.JPEG	17	31	43	52
n12267677_376.JPEG	36	9	63	56
n12267677_377.JPEG	19	34	36	42
n12267677_378.JPEG	0	19	10	32
n12267677_379.JPEG	21	7	43	34
n12267677_380.JPEG	12	29	20	35
n12267677_381.JPEG	42	29	51	38
n12267677_382.JPEG	35	16	63	53
n12267677_383.JPEG	45	18	63	51
n12267677_384.JPEG	37	22	56	39
n12267677_385.JPEG	32	33	41	45
n12267677_386.JPEG	23	21	38	41
n12267677_387.JPEG	13	15	51	50
n12267677_388.JPEG	7	5	61	57
n12267677_389.JPEG	24	32	44	53
n12267677_390.JPEG	12	5	49	53
n12267677_391.JPEG	26	17	44	38
n12267677_392.JPEG	1	26	33	60
n12267677_393.JPEG	19	10	53	46
n12267677_394.JPEG	12	8	37	37
n12267677_395.JPEG	21	26	39	40
n12267677_396.JPEG	6	5	59	58
n12267677_397.JPEG	0	5	56	59
n12267677_398.JPEG	31	25	53	53
n12267677_399.JPEG	0	12	16	41
n12267677_400.JPEG	29	12	56	39
n12267677_401.JPEG	44	23	63	63
n12267677_402.JPEG	44	16	50	21
n12267677_403.JPEG	33	0	59	17
n12267677_404.JPEG	44	26	58	41
n12267677_405.JPEG	26	27	39	38
n12267677_406.JPEG	23	24	40	40
n12267677_407.JPEG	7	9	59	63
n12267677_408.JPEG	31	11	59	37
n12267677_409.JPEG	4	6	63	59
n12267677_410.JPEG	40	31	46	38
n12267677_411.JPEG	26	25	38	38
n12267677_412.JPEG	45	27	61	47
n12267677_413.JPEG	36	29	51	43
n12267677_414.JPEG	22	9	31	18
n12267677_415.JPEG	13	37	25	49
n12267677_416.JPEG	4	34	44	63
n12267677_417.JPEG	22	26	48	54
n12267677_418.JPEG	15	27	22	33
n12267677_419.JPEG	1	27	34	61
n12267677_420.JPEG	21	22	38	38
n12267677_421.JPEG	32	20	48	35
n12267677_422.JPEG	6	6	57	59
n12267677_423.JPEG	42	27	54	40
n12267677_424.JPEG	1	28	22	50
n12267677_425.JPEG	52	23	63	46
n12267677_426.JPEG	1	10	26	55
n12267677_427.JPEG	9	13	35	40
n12267677_428.JPEG	23	26	38	42
n12267677_429.JPEG	28	27	43	40
n12267677_430.JPEG	20	14	41	37
n12267677_431.JPEG	0	23	30	46
n12267677_432.JPEG	23	27	44	46
n12267677_433.JPEG	35	10	63	46
n12267677_434.JPEG	16	11	51	46
n12267677_435.JPEG	30	25	57	45
n12267677_436.JPEG	13	11	46	43
n12267677_437.JPEG	19	8	53	55
n12267677_438.JPEG	18	7	50	40
n12267677_439.JPEG	14	4	63	59
n12267677_440.JPEG	20	3	57	52
n12267677_441.JPEG	21	6	42	54
n12267677_442.JPEG	29	25	63	41
n12267677_443.JPEG	60	43	63	59
n12267677_444.JPEG	25	37	43	58
n12267677_445.JPEG	4	15	51	63
n12267677_446.JPEG	0	10	63	54
n12267677_447.JPEG	33	40	60	63
n12267677_448.JPEG	30	0	56	34
n12267677_449.JPEG	43	33	58	45
n12267677_450.JPEG	50	15	63	33
n12267677_451.JPEG	12	3	54	57
n12267677_452.JPEG	31	28	40	37
n12267677_453.JPEG	45	9	63	45
n12267677_454.JPEG	35	23	63	56
n12267677_455.JPEG	19	19	61	43
n12267677_456.JPEG	28	32	43	46
n12267677_457.JPEG	33	4	63	33
n12267677_458.JPEG	33	21	58	56
n12267677_459.JPEG	4	1	60	61
n12267677_460.JPEG	30	28	48	42
n12267677_461.JPEG	11	24	29	42
n12267677_462.JPEG	11	14	36	37
n12267677_463.JPEG	3	0	60	63
n12267677_464.JPEG	31	23	45	37
n12267677_465.JPEG	31	27	42	37
n12267677_466.JPEG	16	10	63	59
n12267677_467.JPEG	23	8	45	42
n12267677_468.JPEG	34	17	48	30
n12267677_469.JPEG	21	23	39	45
n12267677_470.JPEG	57	21	63	38
n12267677_471.JPEG	40	29	45	35
n12267677_472.JPEG	9	5	63	51
n12267677_473.JPEG	0	34	35	62
n12267677_474.JPEG	17	35	30	50
n12267677_475.JPEG	39	14	56	28
n12267677_476.JPEG	19	14	43	47
n12267677_477.JPEG	38	13	62	44
n12267677_478.JPEG	22	60	35	63
n12267677_479.JPEG	24	16	35	26
n12267677_480.JPEG	29	4	63	56
n12267677_481.JPEG	14	25	49	55
n12267677_482.JPEG	24	17	35	29
n12267677_483.JPEG	31	19	44	39
n12267677_484.JPEG	0	30	23	46
n12267677_485.JPEG	29	22	40	33
n12267677_486.JPEG	2	0	45	51
n12267677_487.JPEG	15	11	45	52
n12267677_488.JPEG	40	24	59	43
n12267677_489.JPEG	36	20	51	36
n12267677_490.JPEG	28	32	38	45
n12267677_491.JPEG	11	11	48	56
n12267677_492.JPEG	11	3	54	59
n12267677_493.JPEG	42	25	50	33
n12267677_494.JPEG	6	3	57	63
n12267677_495.JPEG	19	27	32	49
n12267677_496.JPEG	0	7	63	55
n12267677_497.JPEG	26	41	49	62
n12267677_498.JPEG	20	35	47	54
n12267677_499.JPEG	25	16	45	37
