n02843684_0.JPEG	37	4	62	34
n02843684_1.JPEG	16	16	51	41
n02843684_2.JPEG	17	0	53	28
n02843684_3.JPEG	22	31	34	45
n02843684_4.JPEG	29	21	38	37
n02843684_5.JPEG	9	11	51	59
n02843684_6.JPEG	27	46	36	63
n02843684_7.JPEG	1	11	60	63
n02843684_8.JPEG	34	21	63	46
n02843684_9.JPEG	18	0	41	32
n02843684_10.JPEG	5	5	45	62
n02843684_11.JPEG	43	17	62	63
n02843684_12.JPEG	0	14	37	63
n02843684_13.JPEG	10	3	32	32
n02843684_14.JPEG	11	13	62	63
n02843684_15.JPEG	7	3	54	54
n02843684_16.JPEG	5	0	58	63
n02843684_17.JPEG	9	8	40	54
n02843684_18.JPEG	28	28	40	39
n02843684_19.JPEG	23	4	63	63
n02843684_20.JPEG	12	0	63	63
n02843684_21.JPEG	7	1	63	63
n02843684_22.JPEG	2	0	42	63
n02843684_23.JPEG	9	3	56	55
n02843684_24.JPEG	1	15	34	58
n02843684_25.JPEG	17	24	47	52
n02843684_26.JPEG	0	1	63	63
n02843684_27.JPEG	0	17	37	61
n02843684_28.JPEG	0	25	33	62
n02843684_29.JPEG	11	3	57	52
n02843684_30.JPEG	3	4	62	63
n02843684_31.JPEG	1	17	21	40
n02843684_32.JPEG	7	0	59	63
n02843684_33.JPEG	15	6	43	63
n02843684_34.JPEG	17	4	54	63
n02843684_35.JPEG	23	14	41	39
n02843684_36.JPEG	17	0	45	62
n02843684_37.JPEG	6	0	63	63
n02843684_38.JPEG	12	30	32	48
n02843684_39.JPEG	12	12	53	48
n02843684_40.JPEG	4	4	55	63
n02843684_41.JPEG	15	14	40	45
n02843684_42.JPEG	8	0	63	63
n02843684_43.JPEG	8	0	50	63
n02843684_44.JPEG	11	0	53	63
n02843684_45.JPEG	0	28	17	63
n02843684_46.JPEG	14	12	56	59
n02843684_47.JPEG	13	19	59	48
n02843684_48.JPEG	17	0	31	20
n02843684_49.JPEG	25	14	32	23
n02843684_50.JPEG	1	0	63	62
n02843684_51.JPEG	11	0	60	63
n02843684_52.JPEG	3	0	62	63
n02843684_53.JPEG	28	27	36	37
n02843684_54.JPEG	0	15	44	63
n02843684_55.JPEG	24	27	53	63
n02843684_56.JPEG	1	0	61	50
n02843684_57.JPEG	3	0	57	63
n02843684_58.JPEG	0	0	60	63
n02843684_59.JPEG	31	17	49	53
n02843684_60.JPEG	22	22	47	48
n02843684_61.JPEG	22	1	36	18
n02843684_62.JPEG	2	7	63	57
n02843684_63.JPEG	17	5	52	38
n02843684_64.JPEG	49	2	63	19
n02843684_65.JPEG	36	6	63	60
n02843684_66.JPEG	46	28	61	45
n02843684_67.JPEG	0	17	41	59
n02843684_68.JPEG	11	7	45	47
n02843684_69.JPEG	13	15	17	20
n02843684_70.JPEG	3	0	62	63
n02843684_71.JPEG	0	0	63	56
n02843684_72.JPEG	37	16	63	46
n02843684_73.JPEG	17	13	47	36
n02843684_74.JPEG	9	3	55	63
n02843684_75.JPEG	9	0	55	63
n02843684_76.JPEG	11	19	29	63
n02843684_77.JPEG	29	0	63	63
n02843684_78.JPEG	0	7	41	57
n02843684_79.JPEG	10	6	56	56
n02843684_80.JPEG	0	2	11	40
n02843684_81.JPEG	26	3	39	16
n02843684_82.JPEG	9	5	57	61
n02843684_83.JPEG	0	0	63	63
n02843684_84.JPEG	0	4	63	63
n02843684_85.JPEG	14	9	55	57
n02843684_86.JPEG	15	0	51	63
n02843684_87.JPEG	14	21	39	56
n02843684_88.JPEG	2	0	62	63
n02843684_89.JPEG	0	0	29	34
n02843684_90.JPEG	30	0	52	42
n02843684_91.JPEG	0	2	60	63
n02843684_92.JPEG	7	6	59	59
n02843684_93.JPEG	30	24	60	58
n02843684_94.JPEG	27	26	34	36
n02843684_95.JPEG	34	13	47	34
n02843684_96.JPEG	4	0	61	56
n02843684_97.JPEG	29	0	63	42
n02843684_98.JPEG	10	8	54	55
n02843684_99.JPEG	0	10	63	62
n02843684_100.JPEG	1	0	63	63
n02843684_101.JPEG	8	6	47	63
n02843684_102.JPEG	28	10	45	42
n02843684_103.JPEG	21	11	43	38
n02843684_104.JPEG	12	15	53	49
n02843684_105.JPEG	5	21	63	41
n02843684_106.JPEG	26	34	37	44
n02843684_107.JPEG	0	0	63	63
n02843684_108.JPEG	0	5	48	63
n02843684_109.JPEG	0	3	47	54
n02843684_110.JPEG	10	5	29	48
n02843684_111.JPEG	9	21	43	59
n02843684_112.JPEG	7	3	45	57
n02843684_113.JPEG	32	18	61	44
n02843684_114.JPEG	6	0	62	63
n02843684_115.JPEG	13	0	55	63
n02843684_116.JPEG	16	21	48	63
n02843684_117.JPEG	8	0	60	63
n02843684_118.JPEG	0	3	53	63
n02843684_119.JPEG	12	15	61	63
n02843684_120.JPEG	5	2	52	63
n02843684_121.JPEG	25	21	44	46
n02843684_122.JPEG	23	12	63	46
n02843684_123.JPEG	5	22	50	59
n02843684_124.JPEG	3	2	23	35
n02843684_125.JPEG	23	14	44	43
n02843684_126.JPEG	3	0	63	63
n02843684_127.JPEG	30	32	41	48
n02843684_128.JPEG	21	16	42	63
n02843684_129.JPEG	6	0	62	63
n02843684_130.JPEG	14	27	35	44
n02843684_131.JPEG	11	0	56	63
n02843684_132.JPEG	16	3	44	63
n02843684_133.JPEG	16	8	50	52
n02843684_134.JPEG	35	1	44	19
n02843684_135.JPEG	0	3	63	50
n02843684_136.JPEG	21	6	45	60
n02843684_137.JPEG	20	0	57	60
n02843684_138.JPEG	11	8	54	63
n02843684_139.JPEG	1	18	24	37
n02843684_140.JPEG	0	0	63	63
n02843684_141.JPEG	7	2	53	62
n02843684_142.JPEG	30	23	34	32
n02843684_143.JPEG	0	0	63	63
n02843684_144.JPEG	5	6	53	55
n02843684_145.JPEG	8	29	48	63
n02843684_146.JPEG	0	7	44	49
n02843684_147.JPEG	40	48	44	53
n02843684_148.JPEG	0	1	63	63
n02843684_149.JPEG	19	11	45	54
n02843684_150.JPEG	12	0	45	31
n02843684_151.JPEG	26	16	40	46
n02843684_152.JPEG	16	21	41	37
n02843684_153.JPEG	1	0	52	63
n02843684_154.JPEG	24	4	35	27
n02843684_155.JPEG	24	23	37	42
n02843684_156.JPEG	18	15	41	37
n02843684_157.JPEG	16	3	63	28
n02843684_158.JPEG	32	2	63	63
n02843684_159.JPEG	10	9	43	52
n02843684_160.JPEG	24	18	42	44
n02843684_161.JPEG	1	0	62	63
n02843684_162.JPEG	4	0	56	52
n02843684_163.JPEG	2	0	63	63
n02843684_164.JPEG	35	6	63	58
n02843684_165.JPEG	3	0	60	47
n02843684_166.JPEG	11	4	54	63
n02843684_167.JPEG	0	0	63	63
n02843684_168.JPEG	14	0	63	63
n02843684_169.JPEG	0	0	41	63
n02843684_170.JPEG	10	3	62	62
n02843684_171.JPEG	13	5	48	54
n02843684_172.JPEG	0	0	56	63
n02843684_173.JPEG	19	25	43	57
n02843684_174.JPEG	0	8	63	63
n02843684_175.JPEG	30	21	63	57
n02843684_176.JPEG	32	14	63	63
n02843684_177.JPEG	18	24	45	52
n02843684_178.JPEG	7	18	34	45
n02843684_179.JPEG	0	6	52	55
n02843684_180.JPEG	11	3	53	63
n02843684_181.JPEG	19	0	35	10
n02843684_182.JPEG	9	8	52	63
n02843684_183.JPEG	18	2	61	62
n02843684_184.JPEG	0	0	43	61
n02843684_185.JPEG	12	7	49	59
n02843684_186.JPEG	23	8	63	58
n02843684_187.JPEG	0	14	48	62
n02843684_188.JPEG	12	24	20	34
n02843684_189.JPEG	4	4	63	54
n02843684_190.JPEG	1	0	63	63
n02843684_191.JPEG	1	0	52	63
n02843684_192.JPEG	38	31	53	63
n02843684_193.JPEG	20	0	42	18
n02843684_194.JPEG	17	6	59	31
n02843684_195.JPEG	5	0	60	63
n02843684_196.JPEG	23	16	44	49
n02843684_197.JPEG	13	0	54	63
n02843684_198.JPEG	20	7	51	48
n02843684_199.JPEG	21	0	38	22
n02843684_200.JPEG	1	1	63	61
n02843684_201.JPEG	13	18	46	46
n02843684_202.JPEG	18	21	41	44
n02843684_203.JPEG	6	1	49	60
n02843684_204.JPEG	22	17	51	51
n02843684_205.JPEG	19	16	46	46
n02843684_206.JPEG	26	12	63	42
n02843684_207.JPEG	26	38	45	60
n02843684_208.JPEG	13	0	61	63
n02843684_209.JPEG	34	30	59	47
n02843684_210.JPEG	8	16	55	62
n02843684_211.JPEG	18	0	50	60
n02843684_212.JPEG	17	15	47	44
n02843684_213.JPEG	6	5	63	47
n02843684_214.JPEG	17	0	63	63
n02843684_215.JPEG	25	10	63	63
n02843684_216.JPEG	11	40	36	63
n02843684_217.JPEG	3	3	62	63
n02843684_218.JPEG	10	0	53	59
n02843684_219.JPEG	17	23	50	45
n02843684_220.JPEG	9	0	63	32
n02843684_221.JPEG	2	0	62	63
n02843684_222.JPEG	9	18	28	46
n02843684_223.JPEG	3	11	39	45
n02843684_224.JPEG	4	6	45	50
n02843684_225.JPEG	5	3	56	62
n02843684_226.JPEG	10	0	36	63
n02843684_227.JPEG	11	3	49	32
n02843684_228.JPEG	20	10	47	45
n02843684_229.JPEG	0	0	63	63
n02843684_230.JPEG	50	7	63	44
n02843684_231.JPEG	11	0	50	50
n02843684_232.JPEG	0	0	54	53
n02843684_233.JPEG	20	8	41	36
n02843684_234.JPEG	13	0	53	40
n02843684_235.JPEG	22	25	47	47
n02843684_236.JPEG	23	10	36	27
n02843684_237.JPEG	27	0	55	33
n02843684_238.JPEG	14	19	45	47
n02843684_239.JPEG	33	38	53	49
n02843684_240.JPEG	14	9	54	50
n02843684_241.JPEG	0	6	63	59
n02843684_242.JPEG	23	10	44	63
n02843684_243.JPEG	26	27	46	45
n02843684_244.JPEG	10	16	43	40
n02843684_245.JPEG	8	0	57	63
n02843684_246.JPEG	17	1	54	50
n02843684_247.JPEG	30	17	63	63
n02843684_248.JPEG	18	9	50	42
n02843684_249.JPEG	14	12	47	63
n02843684_250.JPEG	0	1	63	53
n02843684_251.JPEG	32	2	50	26
n02843684_252.JPEG	0	16	30	42
n02843684_253.JPEG	15	0	50	27
n02843684_254.JPEG	0	2	35	63
n02843684_255.JPEG	4	0	33	47
n02843684_256.JPEG	10	4	57	63
n02843684_257.JPEG	18	19	60	49
n02843684_258.JPEG	19	0	48	48
n02843684_259.JPEG	4	16	52	50
n02843684_260.JPEG	1	0	52	63
n02843684_261.JPEG	4	0	63	63
n02843684_262.JPEG	15	22	48	63
n02843684_263.JPEG	20	0	50	56
n02843684_264.JPEG	9	0	55	63
n02843684_265.JPEG	38	2	63	53
n02843684_266.JPEG	10	5	51	61
n02843684_267.JPEG	0	4	54	60
n02843684_268.JPEG	14	10	53	49
n02843684_269.JPEG	11	0	37	10
n02843684_270.JPEG	6	6	57	63
n02843684_271.JPEG	17	20	34	32
n02843684_272.JPEG	10	3	53	61
n02843684_273.JPEG	11	0	57	63
n02843684_274.JPEG	7	12	42	62
n02843684_275.JPEG	10	3	54	62
n02843684_276.JPEG	26	11	47	50
n02843684_277.JPEG	15	29	30	45
n02843684_278.JPEG	28	19	63	55
n02843684_279.JPEG	4	3	61	63
n02843684_280.JPEG	22	3	31	12
n02843684_281.JPEG	9	6	60	61
n02843684_282.JPEG	12	7	54	58
n02843684_283.JPEG	39	0	63	41
n02843684_284.JPEG	3	20	31	62
n02843684_285.JPEG	9	1	57	62
n02843684_286.JPEG	35	11	55	56
n02843684_287.JPEG	27	4	38	20
n02843684_288.JPEG	15	34	23	41
n02843684_289.JPEG	15	0	47	39
n02843684_290.JPEG	0	3	12	45
n02843684_291.JPEG	40	12	63	63
n02843684_292.JPEG	7	16	49	55
n02843684_293.JPEG	13	13	51	54
n02843684_294.JPEG	11	3	57	63
n02843684_295.JPEG	0	6	63	62
n02843684_296.JPEG	39	22	63	63
n02843684_297.JPEG	10	13	50	49
n02843684_298.JPEG	9	2	62	63
n02843684_299.JPEG	13	7	61	61
n02843684_300.JPEG	55	7	63	31
n02843684_301.JPEG	0	6	31	48
n02843684_302.JPEG	25	23	42	46
n02843684_303.JPEG	0	0	63	63
n02843684_304.JPEG	11	6	56	59
n02843684_305.JPEG	2	0	53	39
n02843684_306.JPEG	0	0	56	58
n02843684_307.JPEG	6	10	55	60
n02843684_308.JPEG	5	0	59	63
n02843684_309.JPEG	19	0	45	59
n02843684_310.JPEG	0	3	63	62
n02843684_311.JPEG	0	3	56	63
n02843684_312.JPEG	25	6	42	31
n02843684_313.JPEG	0	10	44	63
n02843684_314.JPEG	11	0	37	31
n02843684_315.JPEG	13	1	63	63
n02843684_316.JPEG	14	4	55	55
n02843684_317.JPEG	9	14	53	63
n02843684_318.JPEG	5	0	34	33
n02843684_319.JPEG	14	4	49	45
n02843684_320.JPEG	43	15	53	28
n02843684_321.JPEG	46	22	63	57
n02843684_322.JPEG	0	2	63	63
n02843684_323.JPEG	12	26	39	63
n02843684_324.JPEG	35	29	49	45
n02843684_325.JPEG	5	6	43	48
n02843684_326.JPEG	24	35	38	45
n02843684_327.JPEG	39	16	61	40
n02843684_328.JPEG	6	6	32	31
n02843684_329.JPEG	0	11	19	34
n02843684_330.JPEG	19	6	43	44
n02843684_331.JPEG	0	0	47	63
n02843684_332.JPEG	0	0	60	63
n02843684_333.JPEG	18	30	27	39
n02843684_334.JPEG	14	0	51	49
n02843684_335.JPEG	38	5	48	14
n02843684_336.JPEG	27	10	46	40
n02843684_337.JPEG	12	3	53	59
n02843684_338.JPEG	1	0	63	63
n02843684_339.JPEG	31	22	63	44
n02843684_340.JPEG	19	3	36	31
n02843684_341.JPEG	10	0	55	63
n02843684_342.JPEG	0	0	63	63
n02843684_343.JPEG	0	0	45	63
n02843684_344.JPEG	44	30	63	53
n02843684_345.JPEG	0	0	63	62
n02843684_346.JPEG	7	5	46	56
n02843684_347.JPEG	28	17	39	44
n02843684_348.JPEG	6	40	22	52
n02843684_349.JPEG	14	0	55	63
n02843684_350.JPEG	34	0	63	56
n02843684_351.JPEG	1	1	63	63
n02843684_352.JPEG	11	11	48	50
n02843684_353.JPEG	16	6	59	63
n02843684_354.JPEG	0	1	63	63
n02843684_355.JPEG	50	31	63	54
n02843684_356.JPEG	16	0	45	63
n02843684_357.JPEG	36	0	49	0
n02843684_358.JPEG	4	4	55	59
n02843684_359.JPEG	6	3	59	59
n02843684_360.JPEG	4	1	55	59
n02843684_361.JPEG	0	23	20	52
n02843684_362.JPEG	14	6	57	50
n02843684_363.JPEG	17	5	63	63
n02843684_364.JPEG	25	9	63	54
n02843684_365.JPEG	27	18	46	40
n02843684_366.JPEG	1	6	24	63
n02843684_367.JPEG	9	0	55	61
n02843684_368.JPEG	24	5	46	41
n02843684_369.JPEG	1	1	63	63
n02843684_370.JPEG	32	18	56	48
n02843684_371.JPEG	10	10	51	45
n02843684_372.JPEG	1	8	43	55
n02843684_373.JPEG	13	0	46	63
n02843684_374.JPEG	31	28	43	38
n02843684_375.JPEG	1	0	63	63
n02843684_376.JPEG	24	36	38	56
n02843684_377.JPEG	25	12	55	55
n02843684_378.JPEG	14	16	55	63
n02843684_379.JPEG	4	6	58	58
n02843684_380.JPEG	10	0	54	63
n02843684_381.JPEG	0	0	61	63
n02843684_382.JPEG	0	0	63	63
n02843684_383.JPEG	19	14	63	57
n02843684_384.JPEG	40	11	63	63
n02843684_385.JPEG	29	36	61	63
n02843684_386.JPEG	6	0	63	59
n02843684_387.JPEG	14	5	51	52
n02843684_388.JPEG	0	6	63	63
n02843684_389.JPEG	17	6	43	55
n02843684_390.JPEG	6	2	58	56
n02843684_391.JPEG	0	18	42	58
n02843684_392.JPEG	35	52	42	61
n02843684_393.JPEG	1	10	52	63
n02843684_394.JPEG	1	17	44	63
n02843684_395.JPEG	0	5	63	63
n02843684_396.JPEG	15	14	51	57
n02843684_397.JPEG	17	0	47	63
n02843684_398.JPEG	23	0	33	23
n02843684_399.JPEG	0	5	49	63
n02843684_400.JPEG	3	16	31	34
n02843684_401.JPEG	11	1	53	57
n02843684_402.JPEG	9	5	63	51
n02843684_403.JPEG	0	0	38	41
n02843684_404.JPEG	18	13	50	49
n02843684_405.JPEG	18	4	41	45
n02843684_406.JPEG	5	0	62	51
n02843684_407.JPEG	20	16	49	47
n02843684_408.JPEG	0	0	60	63
n02843684_409.JPEG	14	21	54	59
n02843684_410.JPEG	11	0	61	40
n02843684_411.JPEG	19	2	54	53
n02843684_412.JPEG	4	10	59	48
n02843684_413.JPEG	2	0	30	43
n02843684_414.JPEG	4	28	55	63
n02843684_415.JPEG	27	10	42	36
n02843684_416.JPEG	13	0	55	59
n02843684_417.JPEG	4	0	59	63
n02843684_418.JPEG	20	2	40	37
n02843684_419.JPEG	26	32	63	54
n02843684_420.JPEG	35	0	63	63
n02843684_421.JPEG	6	5	63	61
n02843684_422.JPEG	13	0	48	49
n02843684_423.JPEG	6	0	56	60
n02843684_424.JPEG	23	0	45	63
n02843684_425.JPEG	1	3	61	61
n02843684_426.JPEG	26	0	60	63
n02843684_427.JPEG	3	2	26	42
n02843684_428.JPEG	0	0	63	63
n02843684_429.JPEG	0	0	38	63
n02843684_430.JPEG	1	8	48	50
n02843684_431.JPEG	15	3	48	49
n02843684_432.JPEG	3	10	36	53
n02843684_433.JPEG	38	11	50	20
n02843684_434.JPEG	4	16	44	52
n02843684_435.JPEG	30	10	61	43
n02843684_436.JPEG	0	2	63	62
n02843684_437.JPEG	14	11	49	53
n02843684_438.JPEG	18	4	50	56
n02843684_439.JPEG	10	2	63	63
n02843684_440.JPEG	8	7	26	35
n02843684_441.JPEG	32	7	63	63
n02843684_442.JPEG	5	1	63	59
n02843684_443.JPEG	20	14	53	37
n02843684_444.JPEG	9	6	56	49
n02843684_445.JPEG	16	0	63	63
n02843684_446.JPEG	37	5	59	40
n02843684_447.JPEG	16	0	54	49
n02843684_448.JPEG	9	2	54	61
n02843684_449.JPEG	3	19	51	55
n02843684_450.JPEG	0	0	63	60
n02843684_451.JPEG	7	7	51	63
n02843684_452.JPEG	0	8	63	63
n02843684_453.JPEG	19	16	54	47
n02843684_454.JPEG	0	12	23	51
n02843684_455.JPEG	1	0	63	55
n02843684_456.JPEG	0	0	63	63
n02843684_457.JPEG	8	4	52	63
n02843684_458.JPEG	0	0	42	63
n02843684_459.JPEG	6	0	58	63
n02843684_460.JPEG	10	0	53	49
n02843684_461.JPEG	0	5	63	63
n02843684_462.JPEG	21	25	52	54
n02843684_463.JPEG	0	3	63	61
n02843684_464.JPEG	23	23	38	38
n02843684_465.JPEG	47	21	63	51
n02843684_466.JPEG	0	0	63	63
n02843684_467.JPEG	17	9	55	54
n02843684_468.JPEG	22	6	42	47
n02843684_469.JPEG	1	0	43	35
n02843684_470.JPEG	11	0	62	63
n02843684_471.JPEG	19	10	57	47
n02843684_472.JPEG	3	7	29	43
n02843684_473.JPEG	2	11	43	51
n02843684_474.JPEG	45	15	59	63
n02843684_475.JPEG	17	5	52	63
n02843684_476.JPEG	21	21	45	46
n02843684_477.JPEG	26	24	39	34
n02843684_478.JPEG	4	0	58	54
n02843684_479.JPEG	1	0	51	63
n02843684_480.JPEG	16	10	48	46
n02843684_481.JPEG	34	40	62	63
n02843684_482.JPEG	18	15	46	54
n02843684_483.JPEG	34	0	59	24
n02843684_484.JPEG	20	20	33	30
n02843684_485.JPEG	14	1	48	41
n02843684_486.JPEG	21	11	49	61
n02843684_487.JPEG	6	5	57	61
n02843684_488.JPEG	50	0	63	63
n02843684_489.JPEG	20	13	34	28
n02843684_490.JPEG	12	21	42	55
n02843684_491.JPEG	12	0	50	61
n02843684_492.JPEG	42	2	56	20
n02843684_493.JPEG	0	28	0	51
n02843684_494.JPEG	20	0	39	20
n02843684_495.JPEG	7	0	53	63
n02843684_496.JPEG	18	5	54	63
n02843684_497.JPEG	4	0	46	34
n02843684_498.JPEG	5	0	60	63
n02843684_499.JPEG	5	20	62	59
