n04501370_0.JPEG	5	0	54	63
n04501370_1.JPEG	40	25	59	60
n04501370_2.JPEG	0	0	32	59
n04501370_3.JPEG	0	2	63	62
n04501370_4.JPEG	30	40	60	63
n04501370_5.JPEG	0	25	13	63
n04501370_6.JPEG	19	7	63	59
n04501370_7.JPEG	0	16	63	63
n04501370_8.JPEG	0	0	63	63
n04501370_9.JPEG	20	1	57	63
n04501370_10.JPEG	1	0	62	63
n04501370_11.JPEG	3	0	63	63
n04501370_12.JPEG	21	16	63	63
n04501370_13.JPEG	0	0	39	63
n04501370_14.JPEG	0	1	23	59
n04501370_15.JPEG	10	0	61	63
n04501370_16.JPEG	0	4	49	63
n04501370_17.JPEG	0	19	63	63
n04501370_18.JPEG	2	0	46	63
n04501370_19.JPEG	32	6	58	63
n04501370_20.JPEG	20	15	63	63
n04501370_21.JPEG	2	39	37	63
n04501370_22.JPEG	19	3	63	63
n04501370_23.JPEG	16	12	49	58
n04501370_24.JPEG	5	3	43	62
n04501370_25.JPEG	20	13	43	61
n04501370_26.JPEG	1	1	63	63
n04501370_27.JPEG	13	27	57	63
n04501370_28.JPEG	0	1	63	63
n04501370_29.JPEG	18	1	63	63
n04501370_30.JPEG	12	13	52	63
n04501370_31.JPEG	8	15	63	63
n04501370_32.JPEG	63	15	63	48
n04501370_33.JPEG	0	5	63	63
n04501370_34.JPEG	0	0	63	63
n04501370_35.JPEG	28	20	60	63
n04501370_36.JPEG	16	28	56	58
n04501370_37.JPEG	0	0	63	63
n04501370_38.JPEG	6	22	53	63
n04501370_39.JPEG	6	1	63	63
n04501370_40.JPEG	20	9	34	62
n04501370_41.JPEG	38	11	63	63
n04501370_42.JPEG	7	0	58	63
n04501370_43.JPEG	16	15	42	63
n04501370_44.JPEG	10	0	49	56
n04501370_45.JPEG	20	21	42	44
n04501370_46.JPEG	0	1	63	63
n04501370_47.JPEG	17	0	56	63
n04501370_48.JPEG	0	19	21	50
n04501370_49.JPEG	0	6	47	63
n04501370_50.JPEG	0	19	63	63
n04501370_51.JPEG	8	0	63	63
n04501370_52.JPEG	0	36	8	51
n04501370_53.JPEG	0	0	54	63
n04501370_54.JPEG	19	21	39	48
n04501370_55.JPEG	0	7	56	63
n04501370_56.JPEG	3	2	51	63
n04501370_57.JPEG	10	6	62	54
n04501370_58.JPEG	2	0	61	63
n04501370_59.JPEG	2	27	39	63
n04501370_60.JPEG	8	1	42	60
n04501370_61.JPEG	9	9	52	61
n04501370_62.JPEG	4	13	62	63
n04501370_63.JPEG	1	0	53	63
n04501370_64.JPEG	11	2	44	63
n04501370_65.JPEG	1	0	63	63
n04501370_66.JPEG	0	22	34	63
n04501370_67.JPEG	0	20	51	63
n04501370_68.JPEG	20	0	55	58
n04501370_69.JPEG	0	25	41	63
n04501370_70.JPEG	2	0	61	63
n04501370_71.JPEG	24	0	61	63
n04501370_72.JPEG	4	0	60	63
n04501370_73.JPEG	48	30	63	63
n04501370_74.JPEG	1	0	42	63
n04501370_75.JPEG	1	1	63	63
n04501370_76.JPEG	7	0	63	63
n04501370_77.JPEG	9	5	41	63
n04501370_78.JPEG	0	1	59	63
n04501370_79.JPEG	22	15	55	63
n04501370_80.JPEG	0	0	63	63
n04501370_81.JPEG	4	13	62	55
n04501370_82.JPEG	15	12	54	58
n04501370_83.JPEG	33	10	53	54
n04501370_84.JPEG	5	8	46	63
n04501370_85.JPEG	14	5	63	63
n04501370_86.JPEG	15	11	50	63
n04501370_87.JPEG	55	15	63	63
n04501370_88.JPEG	9	0	63	63
n04501370_89.JPEG	0	0	63	63
n04501370_90.JPEG	0	0	53	63
n04501370_91.JPEG	4	0	62	63
n04501370_92.JPEG	7	9	38	60
n04501370_93.JPEG	6	2	57	63
n04501370_94.JPEG	3	0	63	63
n04501370_95.JPEG	0	0	63	63
n04501370_96.JPEG	20	19	37	54
n04501370_97.JPEG	5	1	60	63
n04501370_98.JPEG	0	1	63	63
n04501370_99.JPEG	10	11	34	62
n04501370_100.JPEG	0	0	63	63
n04501370_101.JPEG	0	1	63	57
n04501370_102.JPEG	26	33	39	63
n04501370_103.JPEG	0	0	54	63
n04501370_104.JPEG	35	0	63	47
n04501370_105.JPEG	0	50	40	63
n04501370_106.JPEG	0	0	63	63
n04501370_107.JPEG	0	0	63	63
n04501370_108.JPEG	0	0	63	63
n04501370_109.JPEG	8	0	63	63
n04501370_110.JPEG	13	22	54	45
n04501370_111.JPEG	0	0	36	63
n04501370_112.JPEG	0	0	63	63
n04501370_113.JPEG	0	23	0	47
n04501370_114.JPEG	0	0	63	63
n04501370_115.JPEG	0	0	51	63
n04501370_116.JPEG	0	1	51	63
n04501370_117.JPEG	0	0	63	63
n04501370_118.JPEG	13	15	45	58
n04501370_119.JPEG	0	24	27	63
n04501370_120.JPEG	0	0	63	63
n04501370_121.JPEG	3	0	54	63
n04501370_122.JPEG	2	0	48	63
n04501370_123.JPEG	0	13	46	63
n04501370_124.JPEG	0	0	63	63
n04501370_125.JPEG	2	0	63	63
n04501370_126.JPEG	18	4	34	54
n04501370_127.JPEG	0	10	38	56
n04501370_128.JPEG	13	0	42	45
n04501370_129.JPEG	9	0	56	63
n04501370_130.JPEG	53	40	62	56
n04501370_131.JPEG	34	0	63	63
n04501370_132.JPEG	17	15	46	49
n04501370_133.JPEG	0	1	63	63
n04501370_134.JPEG	10	0	54	63
n04501370_135.JPEG	15	0	46	63
n04501370_136.JPEG	9	9	46	63
n04501370_137.JPEG	6	0	59	59
n04501370_138.JPEG	36	6	63	61
n04501370_139.JPEG	13	24	63	63
n04501370_140.JPEG	0	0	63	63
n04501370_141.JPEG	0	35	2	53
n04501370_142.JPEG	8	0	51	63
n04501370_143.JPEG	14	19	37	53
n04501370_144.JPEG	21	9	51	63
n04501370_145.JPEG	1	0	63	63
n04501370_146.JPEG	9	0	45	62
n04501370_147.JPEG	1	0	63	63
n04501370_148.JPEG	0	39	0	63
n04501370_149.JPEG	4	0	61	63
n04501370_150.JPEG	0	33	47	63
n04501370_151.JPEG	18	12	34	61
n04501370_152.JPEG	19	10	50	63
n04501370_153.JPEG	7	46	44	63
n04501370_154.JPEG	29	2	63	52
n04501370_155.JPEG	13	12	53	61
n04501370_156.JPEG	3	3	32	46
n04501370_157.JPEG	0	1	54	62
n04501370_158.JPEG	17	18	36	57
n04501370_159.JPEG	7	11	60	58
n04501370_160.JPEG	11	0	50	60
n04501370_161.JPEG	0	0	39	63
n04501370_162.JPEG	8	38	30	63
n04501370_163.JPEG	0	0	63	63
n04501370_164.JPEG	37	14	45	47
n04501370_165.JPEG	8	4	51	63
n04501370_166.JPEG	0	3	63	63
n04501370_167.JPEG	0	0	63	63
n04501370_168.JPEG	1	0	48	63
n04501370_169.JPEG	0	0	63	63
n04501370_170.JPEG	0	0	45	63
n04501370_171.JPEG	0	0	61	63
n04501370_172.JPEG	44	28	57	51
n04501370_173.JPEG	20	28	61	59
n04501370_174.JPEG	15	0	63	63
n04501370_175.JPEG	3	0	63	63
n04501370_176.JPEG	20	18	63	61
n04501370_177.JPEG	34	5	63	63
n04501370_178.JPEG	25	24	50	63
n04501370_179.JPEG	50	20	63	58
n04501370_180.JPEG	0	0	32	46
n04501370_181.JPEG	0	33	4	63
n04501370_182.JPEG	0	34	31	63
n04501370_183.JPEG	0	8	63	63
n04501370_184.JPEG	2	0	55	63
n04501370_185.JPEG	0	0	63	63
n04501370_186.JPEG	0	0	63	63
n04501370_187.JPEG	1	4	63	63
n04501370_188.JPEG	15	12	37	41
n04501370_189.JPEG	1	0	60	63
n04501370_190.JPEG	4	0	63	63
n04501370_191.JPEG	3	2	62	62
n04501370_192.JPEG	0	0	47	63
n04501370_193.JPEG	0	0	55	63
n04501370_194.JPEG	7	17	44	52
n04501370_195.JPEG	9	0	62	63
n04501370_196.JPEG	1	2	63	63
n04501370_197.JPEG	0	0	63	63
n04501370_198.JPEG	19	18	55	57
n04501370_199.JPEG	5	4	22	61
n04501370_200.JPEG	0	28	1	63
n04501370_201.JPEG	6	9	53	59
n04501370_202.JPEG	0	0	63	63
n04501370_203.JPEG	20	33	26	55
n04501370_204.JPEG	8	0	58	63
n04501370_205.JPEG	0	19	63	53
n04501370_206.JPEG	41	1	63	63
n04501370_207.JPEG	16	16	28	54
n04501370_208.JPEG	9	0	55	63
n04501370_209.JPEG	0	11	44	63
n04501370_210.JPEG	44	9	63	34
n04501370_211.JPEG	4	15	55	63
n04501370_212.JPEG	0	2	63	63
n04501370_213.JPEG	31	0	63	63
n04501370_214.JPEG	16	4	47	34
n04501370_215.JPEG	16	5	50	63
n04501370_216.JPEG	17	4	51	62
n04501370_217.JPEG	11	14	39	49
n04501370_218.JPEG	3	42	40	63
n04501370_219.JPEG	1	0	63	63
n04501370_220.JPEG	23	0	59	63
n04501370_221.JPEG	19	21	41	41
n04501370_222.JPEG	2	0	62	63
n04501370_223.JPEG	34	36	55	63
n04501370_224.JPEG	6	2	49	61
n04501370_225.JPEG	17	18	46	58
n04501370_226.JPEG	0	0	63	63
n04501370_227.JPEG	10	5	47	60
n04501370_228.JPEG	9	1	42	63
n04501370_229.JPEG	0	16	24	58
n04501370_230.JPEG	0	16	16	63
n04501370_231.JPEG	12	0	50	63
n04501370_232.JPEG	12	29	41	63
n04501370_233.JPEG	1	11	63	63
n04501370_234.JPEG	21	4	55	63
n04501370_235.JPEG	1	1	62	63
n04501370_236.JPEG	1	0	63	63
n04501370_237.JPEG	2	0	63	63
n04501370_238.JPEG	17	8	49	55
n04501370_239.JPEG	11	2	63	63
n04501370_240.JPEG	4	0	63	63
n04501370_241.JPEG	13	3	51	62
n04501370_242.JPEG	33	15	47	52
n04501370_243.JPEG	8	9	53	56
n04501370_244.JPEG	38	15	63	49
n04501370_245.JPEG	13	0	51	63
n04501370_246.JPEG	3	0	62	63
n04501370_247.JPEG	0	15	20	63
n04501370_248.JPEG	1	0	63	63
n04501370_249.JPEG	1	2	63	63
n04501370_250.JPEG	0	25	63	63
n04501370_251.JPEG	1	0	63	63
n04501370_252.JPEG	5	0	53	63
n04501370_253.JPEG	37	39	58	62
n04501370_254.JPEG	36	31	55	63
n04501370_255.JPEG	22	19	60	63
n04501370_256.JPEG	51	34	61	63
n04501370_257.JPEG	0	0	63	63
n04501370_258.JPEG	5	0	63	63
n04501370_259.JPEG	0	0	49	63
n04501370_260.JPEG	3	9	35	61
n04501370_261.JPEG	0	0	59	63
n04501370_262.JPEG	0	0	63	63
n04501370_263.JPEG	33	23	54	63
n04501370_264.JPEG	19	22	52	57
n04501370_265.JPEG	41	39	54	54
n04501370_266.JPEG	0	0	49	63
n04501370_267.JPEG	60	14	63	50
n04501370_268.JPEG	0	0	49	63
n04501370_269.JPEG	0	21	39	63
n04501370_270.JPEG	36	31	58	61
n04501370_271.JPEG	1	0	62	63
n04501370_272.JPEG	5	5	37	59
n04501370_273.JPEG	3	0	60	63
n04501370_274.JPEG	28	35	63	63
n04501370_275.JPEG	0	0	51	63
n04501370_276.JPEG	1	1	63	63
n04501370_277.JPEG	17	0	47	63
n04501370_278.JPEG	4	0	60	63
n04501370_279.JPEG	0	20	7	63
n04501370_280.JPEG	2	0	63	63
n04501370_281.JPEG	0	1	19	63
n04501370_282.JPEG	23	23	43	50
n04501370_283.JPEG	34	11	50	38
n04501370_284.JPEG	39	27	63	63
n04501370_285.JPEG	0	0	63	63
n04501370_286.JPEG	33	9	58	58
n04501370_287.JPEG	25	0	63	63
n04501370_288.JPEG	0	23	63	63
n04501370_289.JPEG	0	44	16	63
n04501370_290.JPEG	4	0	63	63
n04501370_291.JPEG	10	3	60	59
n04501370_292.JPEG	13	0	63	37
n04501370_293.JPEG	5	0	61	63
n04501370_294.JPEG	0	0	63	63
n04501370_295.JPEG	0	1	63	60
n04501370_296.JPEG	0	4	63	62
n04501370_297.JPEG	7	11	34	55
n04501370_298.JPEG	14	0	63	63
n04501370_299.JPEG	10	35	21	54
n04501370_300.JPEG	1	3	63	62
n04501370_301.JPEG	25	1	63	63
n04501370_302.JPEG	50	25	63	63
n04501370_303.JPEG	0	1	63	63
n04501370_304.JPEG	11	15	48	63
n04501370_305.JPEG	0	0	63	63
n04501370_306.JPEG	5	2	60	63
n04501370_307.JPEG	0	0	63	63
n04501370_308.JPEG	0	1	63	63
n04501370_309.JPEG	6	0	63	63
n04501370_310.JPEG	1	0	57	63
n04501370_311.JPEG	0	0	13	40
n04501370_312.JPEG	7	18	63	63
n04501370_313.JPEG	5	0	58	63
n04501370_314.JPEG	11	22	34	63
n04501370_315.JPEG	0	32	63	63
n04501370_316.JPEG	0	0	20	63
n04501370_317.JPEG	0	1	63	63
n04501370_318.JPEG	15	14	53	52
n04501370_319.JPEG	1	0	63	63
n04501370_320.JPEG	0	1	63	63
n04501370_321.JPEG	20	9	42	57
n04501370_322.JPEG	25	5	52	60
n04501370_323.JPEG	30	34	52	63
n04501370_324.JPEG	19	13	59	63
n04501370_325.JPEG	32	14	63	63
n04501370_326.JPEG	13	16	59	63
n04501370_327.JPEG	14	22	28	48
n04501370_328.JPEG	22	17	51	63
n04501370_329.JPEG	27	2	63	63
n04501370_330.JPEG	19	28	38	54
n04501370_331.JPEG	0	0	63	63
n04501370_332.JPEG	13	28	50	62
n04501370_333.JPEG	11	2	56	63
n04501370_334.JPEG	0	17	25	63
n04501370_335.JPEG	33	38	54	59
n04501370_336.JPEG	24	20	60	59
n04501370_337.JPEG	0	0	63	63
n04501370_338.JPEG	6	3	56	63
n04501370_339.JPEG	0	1	24	62
n04501370_340.JPEG	12	24	34	55
n04501370_341.JPEG	18	0	48	63
n04501370_342.JPEG	0	44	63	63
n04501370_343.JPEG	22	0	63	53
n04501370_344.JPEG	3	0	62	63
n04501370_345.JPEG	3	17	47	63
n04501370_346.JPEG	1	1	63	63
n04501370_347.JPEG	0	7	24	54
n04501370_348.JPEG	0	0	45	63
n04501370_349.JPEG	4	0	48	63
n04501370_350.JPEG	0	4	63	63
n04501370_351.JPEG	0	1	63	63
n04501370_352.JPEG	0	0	63	63
n04501370_353.JPEG	0	0	63	63
n04501370_354.JPEG	8	9	57	63
n04501370_355.JPEG	0	0	63	63
n04501370_356.JPEG	12	34	52	63
n04501370_357.JPEG	20	28	44	58
n04501370_358.JPEG	0	4	63	63
n04501370_359.JPEG	11	0	51	63
n04501370_360.JPEG	0	1	61	63
n04501370_361.JPEG	2	19	29	59
n04501370_362.JPEG	0	0	63	63
n04501370_363.JPEG	0	0	63	63
n04501370_364.JPEG	0	8	31	58
n04501370_365.JPEG	0	1	63	63
n04501370_366.JPEG	7	0	53	63
n04501370_367.JPEG	1	0	63	63
n04501370_368.JPEG	1	24	19	56
n04501370_369.JPEG	47	8	63	56
n04501370_370.JPEG	11	17	52	61
n04501370_371.JPEG	0	0	59	63
n04501370_372.JPEG	7	9	58	57
n04501370_373.JPEG	14	0	61	63
n04501370_374.JPEG	25	1	63	63
n04501370_375.JPEG	2	26	50	63
n04501370_376.JPEG	14	1	61	52
n04501370_377.JPEG	3	25	35	63
n04501370_378.JPEG	0	6	14	61
n04501370_379.JPEG	0	0	63	63
n04501370_380.JPEG	1	0	63	63
n04501370_381.JPEG	17	36	63	63
n04501370_382.JPEG	21	0	63	52
n04501370_383.JPEG	22	0	35	59
n04501370_384.JPEG	3	0	62	63
n04501370_385.JPEG	7	4	57	63
n04501370_386.JPEG	0	16	17	63
n04501370_387.JPEG	15	16	52	58
n04501370_388.JPEG	10	5	55	63
n04501370_389.JPEG	18	14	43	58
n04501370_390.JPEG	13	0	41	25
n04501370_391.JPEG	0	1	63	63
n04501370_392.JPEG	36	6	63	63
n04501370_393.JPEG	20	16	63	63
n04501370_394.JPEG	9	1	25	63
n04501370_395.JPEG	0	0	63	63
n04501370_396.JPEG	16	0	53	62
n04501370_397.JPEG	0	25	63	63
n04501370_398.JPEG	13	10	55	63
n04501370_399.JPEG	1	27	42	63
n04501370_400.JPEG	0	0	63	63
n04501370_401.JPEG	1	0	63	63
n04501370_402.JPEG	26	17	58	63
n04501370_403.JPEG	4	2	45	63
n04501370_404.JPEG	0	1	63	63
n04501370_405.JPEG	3	0	61	63
n04501370_406.JPEG	5	0	58	63
n04501370_407.JPEG	0	0	52	59
n04501370_408.JPEG	0	0	63	63
n04501370_409.JPEG	0	16	21	59
n04501370_410.JPEG	8	3	58	63
n04501370_411.JPEG	20	9	52	55
n04501370_412.JPEG	0	2	63	63
n04501370_413.JPEG	23	12	44	41
n04501370_414.JPEG	31	5	63	53
n04501370_415.JPEG	18	34	63	63
n04501370_416.JPEG	0	18	63	60
n04501370_417.JPEG	7	22	19	47
n04501370_418.JPEG	1	10	50	63
n04501370_419.JPEG	16	6	50	62
n04501370_420.JPEG	0	4	54	58
n04501370_421.JPEG	7	7	55	58
n04501370_422.JPEG	1	0	63	63
n04501370_423.JPEG	5	18	42	63
n04501370_424.JPEG	13	0	63	63
n04501370_425.JPEG	33	35	53	62
n04501370_426.JPEG	0	0	54	63
n04501370_427.JPEG	9	7	55	63
n04501370_428.JPEG	12	5	63	63
n04501370_429.JPEG	19	31	44	62
n04501370_430.JPEG	28	26	62	63
n04501370_431.JPEG	7	0	54	63
n04501370_432.JPEG	12	4	48	63
n04501370_433.JPEG	3	0	37	63
n04501370_434.JPEG	0	4	63	60
n04501370_435.JPEG	39	6	63	63
n04501370_436.JPEG	0	37	60	63
n04501370_437.JPEG	8	50	46	63
n04501370_438.JPEG	0	0	63	63
n04501370_439.JPEG	2	0	63	55
n04501370_440.JPEG	0	0	63	63
n04501370_441.JPEG	9	24	53	63
n04501370_442.JPEG	9	25	48	63
n04501370_443.JPEG	0	0	62	63
n04501370_444.JPEG	1	0	63	63
n04501370_445.JPEG	16	38	63	63
n04501370_446.JPEG	0	4	38	63
n04501370_447.JPEG	42	26	63	63
n04501370_448.JPEG	3	0	58	63
n04501370_449.JPEG	13	13	51	63
n04501370_450.JPEG	15	6	48	60
n04501370_451.JPEG	13	3	52	63
n04501370_452.JPEG	2	0	39	61
n04501370_453.JPEG	1	0	63	63
n04501370_454.JPEG	3	7	63	63
n04501370_455.JPEG	1	0	58	63
n04501370_456.JPEG	6	30	55	53
n04501370_457.JPEG	19	18	40	50
n04501370_458.JPEG	19	24	45	62
n04501370_459.JPEG	1	0	63	63
n04501370_460.JPEG	28	27	63	63
n04501370_461.JPEG	11	0	58	62
n04501370_462.JPEG	1	0	63	63
n04501370_463.JPEG	0	0	60	63
n04501370_464.JPEG	0	1	63	63
n04501370_465.JPEG	31	33	48	60
n04501370_466.JPEG	17	40	25	53
n04501370_467.JPEG	16	24	42	60
n04501370_468.JPEG	2	23	15	44
n04501370_469.JPEG	0	0	54	63
n04501370_470.JPEG	7	0	63	63
n04501370_471.JPEG	19	0	63	59
n04501370_472.JPEG	12	14	56	63
n04501370_473.JPEG	6	0	52	63
n04501370_474.JPEG	0	0	63	63
n04501370_475.JPEG	26	26	53	56
n04501370_476.JPEG	46	38	58	63
n04501370_477.JPEG	13	11	31	61
n04501370_478.JPEG	0	0	63	63
n04501370_479.JPEG	0	3	63	63
n04501370_480.JPEG	12	7	61	59
n04501370_481.JPEG	9	0	57	63
n04501370_482.JPEG	1	0	63	63
n04501370_483.JPEG	0	0	63	63
n04501370_484.JPEG	2	15	25	54
n04501370_485.JPEG	0	12	63	63
n04501370_486.JPEG	0	0	55	63
n04501370_487.JPEG	3	4	59	61
n04501370_488.JPEG	9	0	59	63
n04501370_489.JPEG	0	0	63	63
n04501370_490.JPEG	4	29	43	63
n04501370_491.JPEG	29	3	63	63
n04501370_492.JPEG	2	0	63	63
n04501370_493.JPEG	12	30	47	63
n04501370_494.JPEG	1	0	61	63
n04501370_495.JPEG	6	33	27	63
n04501370_496.JPEG	8	18	30	51
n04501370_497.JPEG	20	24	45	63
n04501370_498.JPEG	17	6	50	61
n04501370_499.JPEG	22	7	53	54
