n01644900_0.JPEG	2	10	63	63
n01644900_1.JPEG	7	6	60	59
n01644900_2.JPEG	11	16	58	62
n01644900_3.JPEG	4	12	63	55
n01644900_4.JPEG	18	9	63	62
n01644900_5.JPEG	0	0	63	63
n01644900_6.JPEG	26	18	42	38
n01644900_7.JPEG	0	8	63	56
n01644900_8.JPEG	33	47	43	54
n01644900_9.JPEG	0	23	63	63
n01644900_10.JPEG	0	2	63	57
n01644900_11.JPEG	4	23	63	47
n01644900_12.JPEG	0	3	63	60
n01644900_13.JPEG	13	23	47	45
n01644900_14.JPEG	16	13	47	55
n01644900_15.JPEG	1	13	59	51
n01644900_16.JPEG	0	4	63	63
n01644900_17.JPEG	0	6	58	60
n01644900_18.JPEG	25	26	39	46
n01644900_19.JPEG	6	6	63	58
n01644900_20.JPEG	17	10	63	60
n01644900_21.JPEG	6	11	55	46
n01644900_22.JPEG	3	0	61	63
n01644900_23.JPEG	10	18	52	60
n01644900_24.JPEG	34	22	48	35
n01644900_25.JPEG	0	13	60	53
n01644900_26.JPEG	9	25	40	58
n01644900_27.JPEG	13	15	46	53
n01644900_28.JPEG	9	7	62	62
n01644900_29.JPEG	6	10	47	55
n01644900_30.JPEG	2	12	63	55
n01644900_31.JPEG	0	1	61	62
n01644900_32.JPEG	1	17	63	55
n01644900_33.JPEG	2	15	56	46
n01644900_34.JPEG	8	12	63	53
n01644900_35.JPEG	25	27	46	49
n01644900_36.JPEG	0	17	63	49
n01644900_37.JPEG	7	1	58	63
n01644900_38.JPEG	0	7	63	63
n01644900_39.JPEG	20	22	49	46
n01644900_40.JPEG	9	23	43	41
n01644900_41.JPEG	23	12	63	63
n01644900_42.JPEG	17	17	58	45
n01644900_43.JPEG	16	11	63	44
n01644900_44.JPEG	20	20	51	42
n01644900_45.JPEG	0	8	63	60
n01644900_46.JPEG	15	19	39	40
n01644900_47.JPEG	6	21	52	63
n01644900_48.JPEG	0	9	63	54
n01644900_49.JPEG	0	15	63	57
n01644900_50.JPEG	0	15	55	63
n01644900_51.JPEG	0	5	63	63
n01644900_52.JPEG	0	2	63	63
n01644900_53.JPEG	16	23	39	36
n01644900_54.JPEG	15	18	63	63
n01644900_55.JPEG	0	20	53	54
n01644900_56.JPEG	7	0	49	61
n01644900_57.JPEG	13	17	53	56
n01644900_58.JPEG	1	3	58	51
n01644900_59.JPEG	17	15	54	41
n01644900_60.JPEG	0	4	63	54
n01644900_61.JPEG	15	18	38	46
n01644900_62.JPEG	8	24	46	52
n01644900_63.JPEG	0	9	55	58
n01644900_64.JPEG	3	16	63	51
n01644900_65.JPEG	0	1	63	63
n01644900_66.JPEG	11	11	57	60
n01644900_67.JPEG	24	25	40	40
n01644900_68.JPEG	0	10	63	55
n01644900_69.JPEG	0	8	62	63
n01644900_70.JPEG	12	22	53	46
n01644900_71.JPEG	0	3	63	63
n01644900_72.JPEG	6	2	53	63
n01644900_73.JPEG	0	5	59	63
n01644900_74.JPEG	12	22	58	51
n01644900_75.JPEG	3	15	58	51
n01644900_76.JPEG	0	11	63	63
n01644900_77.JPEG	14	16	38	37
n01644900_78.JPEG	3	15	63	63
n01644900_79.JPEG	0	3	63	59
n01644900_80.JPEG	0	9	63	56
n01644900_81.JPEG	11	9	60	59
n01644900_82.JPEG	2	7	63	56
n01644900_83.JPEG	2	9	63	51
n01644900_84.JPEG	0	0	63	63
n01644900_85.JPEG	1	1	61	54
n01644900_86.JPEG	19	20	54	49
n01644900_87.JPEG	1	7	63	56
n01644900_88.JPEG	1	22	63	63
n01644900_89.JPEG	0	4	63	63
n01644900_90.JPEG	0	1	62	61
n01644900_91.JPEG	5	30	60	63
n01644900_92.JPEG	0	12	63	54
n01644900_93.JPEG	14	3	63	59
n01644900_94.JPEG	4	3	61	59
n01644900_95.JPEG	0	11	63	62
n01644900_96.JPEG	28	18	58	50
n01644900_97.JPEG	11	4	59	60
n01644900_98.JPEG	0	2	63	63
n01644900_99.JPEG	0	2	63	63
n01644900_100.JPEG	14	18	62	53
n01644900_101.JPEG	0	4	55	56
n01644900_102.JPEG	7	11	55	55
n01644900_103.JPEG	0	12	63	56
n01644900_104.JPEG	0	2	63	47
n01644900_105.JPEG	10	14	60	56
n01644900_106.JPEG	12	16	63	55
n01644900_107.JPEG	4	10	62	59
n01644900_108.JPEG	3	25	56	54
n01644900_109.JPEG	0	8	63	63
n01644900_110.JPEG	0	7	63	57
n01644900_111.JPEG	6	9	63	54
n01644900_112.JPEG	0	15	63	63
n01644900_113.JPEG	0	21	63	63
n01644900_114.JPEG	4	6	63	63
n01644900_115.JPEG	21	15	39	29
n01644900_116.JPEG	1	0	63	63
n01644900_117.JPEG	0	2	63	62
n01644900_118.JPEG	0	1	46	57
n01644900_119.JPEG	17	14	59	45
n01644900_120.JPEG	0	8	63	63
n01644900_121.JPEG	3	12	63	51
n01644900_122.JPEG	10	13	55	45
n01644900_123.JPEG	7	10	58	63
n01644900_124.JPEG	2	5	63	63
n01644900_125.JPEG	7	7	53	60
n01644900_126.JPEG	0	12	54	55
n01644900_127.JPEG	0	8	57	63
n01644900_128.JPEG	0	12	61	57
n01644900_129.JPEG	18	29	59	63
n01644900_130.JPEG	0	3	63	63
n01644900_131.JPEG	20	15	63	63
n01644900_132.JPEG	0	34	50	54
n01644900_133.JPEG	3	19	44	53
n01644900_134.JPEG	8	7	63	60
n01644900_135.JPEG	0	11	63	59
n01644900_136.JPEG	4	0	58	26
n01644900_137.JPEG	8	0	61	63
n01644900_138.JPEG	24	29	42	42
n01644900_139.JPEG	4	6	53	50
n01644900_140.JPEG	10	12	63	61
n01644900_141.JPEG	15	13	57	50
n01644900_142.JPEG	0	15	61	53
n01644900_143.JPEG	11	6	59	54
n01644900_144.JPEG	18	8	63	47
n01644900_145.JPEG	6	5	63	60
n01644900_146.JPEG	7	4	59	57
n01644900_147.JPEG	0	3	63	63
n01644900_148.JPEG	3	3	63	63
n01644900_149.JPEG	1	8	63	54
n01644900_150.JPEG	0	10	62	55
n01644900_151.JPEG	0	28	42	63
n01644900_152.JPEG	0	22	29	50
n01644900_153.JPEG	0	6	63	57
n01644900_154.JPEG	0	10	63	61
n01644900_155.JPEG	0	12	60	61
n01644900_156.JPEG	0	6	63	63
n01644900_157.JPEG	0	7	59	63
n01644900_158.JPEG	21	15	63	40
n01644900_159.JPEG	11	22	61	45
n01644900_160.JPEG	0	0	63	61
n01644900_161.JPEG	0	19	32	54
n01644900_162.JPEG	8	19	52	44
n01644900_163.JPEG	0	11	63	61
n01644900_164.JPEG	1	23	49	58
n01644900_165.JPEG	0	10	61	63
n01644900_166.JPEG	18	27	63	63
n01644900_167.JPEG	0	12	63	58
n01644900_168.JPEG	5	8	51	56
n01644900_169.JPEG	5	0	62	63
n01644900_170.JPEG	8	13	63	53
n01644900_171.JPEG	0	8	57	59
n01644900_172.JPEG	2	19	63	63
n01644900_173.JPEG	8	15	62	54
n01644900_174.JPEG	0	10	61	59
n01644900_175.JPEG	0	9	54	63
n01644900_176.JPEG	0	20	47	63
n01644900_177.JPEG	0	2	63	61
n01644900_178.JPEG	8	16	56	51
n01644900_179.JPEG	0	4	63	63
n01644900_180.JPEG	0	16	63	62
n01644900_181.JPEG	2	3	63	63
n01644900_182.JPEG	0	5	63	63
n01644900_183.JPEG	16	18	63	52
n01644900_184.JPEG	11	8	59	62
n01644900_185.JPEG	21	13	54	40
n01644900_186.JPEG	4	11	53	51
n01644900_187.JPEG	11	20	52	51
n01644900_188.JPEG	0	15	63	63
n01644900_189.JPEG	0	5	63	60
n01644900_190.JPEG	0	25	32	54
n01644900_191.JPEG	11	25	54	52
n01644900_192.JPEG	1	2	63	63
n01644900_193.JPEG	18	22	59	53
n01644900_194.JPEG	27	24	54	49
n01644900_195.JPEG	12	20	50	44
n01644900_196.JPEG	0	15	63	54
n01644900_197.JPEG	0	10	63	52
n01644900_198.JPEG	8	6	63	60
n01644900_199.JPEG	0	5	61	63
n01644900_200.JPEG	0	7	63	63
n01644900_201.JPEG	11	13	60	50
n01644900_202.JPEG	19	22	38	39
n01644900_203.JPEG	0	1	63	62
n01644900_204.JPEG	0	8	63	54
n01644900_205.JPEG	0	13	55	49
n01644900_206.JPEG	19	12	62	49
n01644900_207.JPEG	0	6	63	62
n01644900_208.JPEG	3	6	63	57
n01644900_209.JPEG	0	9	63	55
n01644900_210.JPEG	10	3	48	46
n01644900_211.JPEG	16	21	49	48
n01644900_212.JPEG	0	1	63	61
n01644900_213.JPEG	21	20	51	54
n01644900_214.JPEG	2	11	60	57
n01644900_215.JPEG	8	14	29	44
n01644900_216.JPEG	0	11	62	56
n01644900_217.JPEG	5	1	60	57
n01644900_218.JPEG	0	18	42	51
n01644900_219.JPEG	29	18	63	59
n01644900_220.JPEG	0	10	63	62
n01644900_221.JPEG	0	16	48	55
n01644900_222.JPEG	2	14	63	60
n01644900_223.JPEG	7	8	63	55
n01644900_224.JPEG	0	8	63	60
n01644900_225.JPEG	0	4	63	59
n01644900_226.JPEG	17	18	57	37
n01644900_227.JPEG	0	1	63	63
n01644900_228.JPEG	8	2	58	56
n01644900_229.JPEG	0	15	60	56
n01644900_230.JPEG	15	26	53	48
n01644900_231.JPEG	3	3	63	57
n01644900_232.JPEG	0	17	63	54
n01644900_233.JPEG	2	0	63	59
n01644900_234.JPEG	2	16	47	48
n01644900_235.JPEG	0	8	63	54
n01644900_236.JPEG	3	18	61	55
n01644900_237.JPEG	0	4	63	63
n01644900_238.JPEG	0	10	63	63
n01644900_239.JPEG	1	7	63	63
n01644900_240.JPEG	14	13	52	41
n01644900_241.JPEG	0	3	56	62
n01644900_242.JPEG	4	9	58	52
n01644900_243.JPEG	0	7	63	61
n01644900_244.JPEG	8	6	60	30
n01644900_245.JPEG	10	14	55	57
n01644900_246.JPEG	41	9	63	32
n01644900_247.JPEG	5	13	61	42
n01644900_248.JPEG	0	8	63	61
n01644900_249.JPEG	15	18	52	54
n01644900_250.JPEG	7	11	54	54
n01644900_251.JPEG	0	5	63	60
n01644900_252.JPEG	0	26	63	54
n01644900_253.JPEG	5	12	61	63
n01644900_254.JPEG	9	17	47	46
n01644900_255.JPEG	13	14	47	46
n01644900_256.JPEG	8	15	45	47
n01644900_257.JPEG	0	18	33	49
n01644900_258.JPEG	13	22	58	54
n01644900_259.JPEG	2	9	61	63
n01644900_260.JPEG	0	1	63	62
n01644900_261.JPEG	20	23	43	42
n01644900_262.JPEG	0	6	63	60
n01644900_263.JPEG	0	5	63	60
n01644900_264.JPEG	0	7	63	63
n01644900_265.JPEG	3	0	61	63
n01644900_266.JPEG	5	6	56	58
n01644900_267.JPEG	6	17	63	51
n01644900_268.JPEG	1	0	60	63
n01644900_269.JPEG	0	3	63	63
n01644900_270.JPEG	6	12	58	56
n01644900_271.JPEG	5	17	45	55
n01644900_272.JPEG	3	18	49	47
n01644900_273.JPEG	0	13	58	63
n01644900_274.JPEG	24	31	47	52
n01644900_275.JPEG	0	11	63	56
n01644900_276.JPEG	3	6	59	57
n01644900_277.JPEG	12	17	58	52
n01644900_278.JPEG	6	31	51	60
n01644900_279.JPEG	10	15	63	46
n01644900_280.JPEG	0	8	63	63
n01644900_281.JPEG	4	10	61	60
n01644900_282.JPEG	0	4	63	61
n01644900_283.JPEG	26	20	47	41
n01644900_284.JPEG	11	9	51	46
n01644900_285.JPEG	0	17	63	47
n01644900_286.JPEG	0	1	63	63
n01644900_287.JPEG	0	11	63	63
n01644900_288.JPEG	9	7	62	55
n01644900_289.JPEG	6	7	63	63
n01644900_290.JPEG	2	11	63	60
n01644900_291.JPEG	7	19	62	59
n01644900_292.JPEG	3	4	58	60
n01644900_293.JPEG	0	2	63	58
n01644900_294.JPEG	3	6	63	48
n01644900_295.JPEG	0	12	63	60
n01644900_296.JPEG	0	10	63	55
n01644900_297.JPEG	0	14	63	63
n01644900_298.JPEG	20	21	63	50
n01644900_299.JPEG	12	8	54	46
n01644900_300.JPEG	0	5	63	51
n01644900_301.JPEG	6	20	59	50
n01644900_302.JPEG	0	1	63	63
n01644900_303.JPEG	10	14	63	44
n01644900_304.JPEG	16	22	50	55
n01644900_305.JPEG	4	2	63	62
n01644900_306.JPEG	0	6	63	61
n01644900_307.JPEG	0	9	63	63
n01644900_308.JPEG	8	0	50	63
n01644900_309.JPEG	25	15	54	58
n01644900_310.JPEG	0	1	63	63
n01644900_311.JPEG	3	3	63	60
n01644900_312.JPEG	17	17	47	46
n01644900_313.JPEG	0	6	61	50
n01644900_314.JPEG	0	1	63	59
n01644900_315.JPEG	0	5	63	63
n01644900_316.JPEG	6	18	56	47
n01644900_317.JPEG	8	0	59	63
n01644900_318.JPEG	2	16	63	48
n01644900_319.JPEG	0	8	63	61
n01644900_320.JPEG	10	24	62	55
n01644900_321.JPEG	25	23	55	50
n01644900_322.JPEG	3	9	63	63
n01644900_323.JPEG	1	11	46	49
n01644900_324.JPEG	4	10	63	58
n01644900_325.JPEG	0	6	62	56
n01644900_326.JPEG	0	8	63	56
n01644900_327.JPEG	27	28	38	47
n01644900_328.JPEG	0	3	63	63
n01644900_329.JPEG	5	13	63	56
n01644900_330.JPEG	3	10	55	48
n01644900_331.JPEG	2	12	58	53
n01644900_332.JPEG	3	11	39	38
n01644900_333.JPEG	10	19	58	44
n01644900_334.JPEG	0	6	63	63
n01644900_335.JPEG	33	22	63	54
n01644900_336.JPEG	0	3	63	62
n01644900_337.JPEG	8	13	58	57
n01644900_338.JPEG	0	3	63	63
n01644900_339.JPEG	6	8	61	59
n01644900_340.JPEG	1	9	54	63
n01644900_341.JPEG	16	25	60	48
n01644900_342.JPEG	0	16	63	46
n01644900_343.JPEG	0	8	63	61
n01644900_344.JPEG	0	11	63	51
n01644900_345.JPEG	30	5	63	37
n01644900_346.JPEG	19	13	59	53
n01644900_347.JPEG	0	13	63	62
n01644900_348.JPEG	33	27	63	49
n01644900_349.JPEG	26	34	36	42
n01644900_350.JPEG	2	10	62	58
n01644900_351.JPEG	0	19	50	51
n01644900_352.JPEG	8	19	56	56
n01644900_353.JPEG	0	7	63	63
n01644900_354.JPEG	4	22	56	52
n01644900_355.JPEG	0	7	63	59
n01644900_356.JPEG	4	26	54	54
n01644900_357.JPEG	0	10	63	63
n01644900_358.JPEG	2	7	60	56
n01644900_359.JPEG	5	13	53	50
n01644900_360.JPEG	0	16	45	52
n01644900_361.JPEG	6	13	63	49
n01644900_362.JPEG	0	12	63	48
n01644900_363.JPEG	10	13	63	54
n01644900_364.JPEG	2	5	63	60
n01644900_365.JPEG	22	22	63	61
n01644900_366.JPEG	8	15	53	53
n01644900_367.JPEG	1	14	53	57
n01644900_368.JPEG	0	5	63	59
n01644900_369.JPEG	0	6	63	63
n01644900_370.JPEG	0	10	63	51
n01644900_371.JPEG	0	12	63	60
n01644900_372.JPEG	0	5	63	60
n01644900_373.JPEG	0	2	49	57
n01644900_374.JPEG	0	8	42	54
n01644900_375.JPEG	17	34	43	54
n01644900_376.JPEG	10	9	63	60
n01644900_377.JPEG	6	29	61	59
n01644900_378.JPEG	19	20	63	63
n01644900_379.JPEG	0	20	63	63
n01644900_380.JPEG	9	17	35	40
n01644900_381.JPEG	28	19	63	43
n01644900_382.JPEG	19	17	61	43
n01644900_383.JPEG	0	11	63	53
n01644900_384.JPEG	0	1	45	45
n01644900_385.JPEG	0	5	57	60
n01644900_386.JPEG	18	13	44	45
n01644900_387.JPEG	18	19	45	53
n01644900_388.JPEG	0	8	63	58
n01644900_389.JPEG	0	13	60	62
n01644900_390.JPEG	0	9	63	63
n01644900_391.JPEG	1	17	55	50
n01644900_392.JPEG	0	11	46	42
n01644900_393.JPEG	7	19	63	62
n01644900_394.JPEG	0	1	63	62
n01644900_395.JPEG	11	18	57	56
n01644900_396.JPEG	19	19	62	62
n01644900_397.JPEG	0	9	63	55
n01644900_398.JPEG	15	20	63	53
n01644900_399.JPEG	13	17	43	51
n01644900_400.JPEG	0	0	62	63
n01644900_401.JPEG	0	9	48	53
n01644900_402.JPEG	0	14	51	52
n01644900_403.JPEG	0	4	63	63
n01644900_404.JPEG	10	18	49	57
n01644900_405.JPEG	1	7	60	57
n01644900_406.JPEG	1	11	63	58
n01644900_407.JPEG	4	2	63	61
n01644900_408.JPEG	0	16	62	63
n01644900_409.JPEG	1	10	37	63
n01644900_410.JPEG	3	13	63	59
n01644900_411.JPEG	2	1	63	63
n01644900_412.JPEG	4	2	63	63
n01644900_413.JPEG	14	0	57	63
n01644900_414.JPEG	7	17	54	52
n01644900_415.JPEG	0	17	63	50
n01644900_416.JPEG	0	11	63	59
n01644900_417.JPEG	13	22	54	45
n01644900_418.JPEG	4	13	63	51
n01644900_419.JPEG	0	10	63	49
n01644900_420.JPEG	0	9	63	63
n01644900_421.JPEG	2	9	63	60
n01644900_422.JPEG	0	3	63	63
n01644900_423.JPEG	0	5	63	62
n01644900_424.JPEG	2	7	56	55
n01644900_425.JPEG	20	23	63	48
n01644900_426.JPEG	1	24	49	57
n01644900_427.JPEG	4	9	60	62
n01644900_428.JPEG	10	21	43	51
n01644900_429.JPEG	0	5	54	63
n01644900_430.JPEG	0	2	63	61
n01644900_431.JPEG	0	10	55	62
n01644900_432.JPEG	11	14	63	50
n01644900_433.JPEG	12	29	46	52
n01644900_434.JPEG	9	19	60	60
n01644900_435.JPEG	12	4	59	37
n01644900_436.JPEG	21	13	51	33
n01644900_437.JPEG	11	21	63	57
n01644900_438.JPEG	0	17	54	57
n01644900_439.JPEG	25	29	53	50
n01644900_440.JPEG	0	1	63	63
n01644900_441.JPEG	0	16	47	54
n01644900_442.JPEG	0	22	63	56
n01644900_443.JPEG	0	12	63	57
n01644900_444.JPEG	8	11	58	53
n01644900_445.JPEG	1	11	63	48
n01644900_446.JPEG	9	12	54	55
n01644900_447.JPEG	13	17	63	63
n01644900_448.JPEG	9	14	53	47
n01644900_449.JPEG	0	17	49	58
n01644900_450.JPEG	13	17	57	41
n01644900_451.JPEG	13	12	63	57
n01644900_452.JPEG	0	7	63	62
n01644900_453.JPEG	0	2	63	62
n01644900_454.JPEG	8	12	57	53
n01644900_455.JPEG	0	9	63	59
n01644900_456.JPEG	10	12	52	47
n01644900_457.JPEG	0	0	63	63
n01644900_458.JPEG	5	2	63	63
n01644900_459.JPEG	1	2	63	63
n01644900_460.JPEG	0	10	61	60
n01644900_461.JPEG	1	9	63	60
n01644900_462.JPEG	20	12	45	49
n01644900_463.JPEG	1	7	63	63
n01644900_464.JPEG	0	11	57	55
n01644900_465.JPEG	2	13	63	54
n01644900_466.JPEG	0	8	63	58
n01644900_467.JPEG	2	11	62	57
n01644900_468.JPEG	0	6	63	63
n01644900_469.JPEG	6	14	52	47
n01644900_470.JPEG	0	12	59	57
n01644900_471.JPEG	8	8	59	50
n01644900_472.JPEG	1	10	58	60
n01644900_473.JPEG	1	7	57	56
n01644900_474.JPEG	6	1	63	63
n01644900_475.JPEG	0	8	63	63
n01644900_476.JPEG	0	16	47	53
n01644900_477.JPEG	0	9	54	50
n01644900_478.JPEG	0	18	62	60
n01644900_479.JPEG	21	19	53	52
n01644900_480.JPEG	0	13	47	39
n01644900_481.JPEG	0	6	59	53
n01644900_482.JPEG	9	19	51	42
n01644900_483.JPEG	0	18	50	63
n01644900_484.JPEG	0	9	63	62
n01644900_485.JPEG	4	4	61	61
n01644900_486.JPEG	1	5	62	58
n01644900_487.JPEG	5	8	60	63
n01644900_488.JPEG	15	23	50	47
n01644900_489.JPEG	2	15	44	53
n01644900_490.JPEG	9	10	63	54
n01644900_491.JPEG	23	33	44	48
n01644900_492.JPEG	7	9	63	63
n01644900_493.JPEG	1	18	63	59
n01644900_494.JPEG	5	4	63	60
n01644900_495.JPEG	6	8	63	60
n01644900_496.JPEG	17	25	47	47
n01644900_497.JPEG	0	9	45	63
n01644900_498.JPEG	0	7	63	63
n01644900_499.JPEG	3	12	57	52
