n02395406_0.JPEG	52	35	63	56
n02395406_1.JPEG	3	6	62	60
n02395406_2.JPEG	0	14	58	45
n02395406_3.JPEG	32	38	62	63
n02395406_4.JPEG	7	5	57	62
n02395406_5.JPEG	9	51	32	63
n02395406_6.JPEG	18	16	63	37
n02395406_7.JPEG	10	0	54	63
n02395406_8.JPEG	0	27	63	63
n02395406_9.JPEG	10	10	50	61
n02395406_10.JPEG	0	36	63	63
n02395406_11.JPEG	9	29	30	43
n02395406_12.JPEG	8	26	34	46
n02395406_13.JPEG	0	15	56	57
n02395406_14.JPEG	14	0	62	63
n02395406_15.JPEG	12	13	63	63
n02395406_16.JPEG	17	13	44	40
n02395406_17.JPEG	0	1	50	47
n02395406_18.JPEG	7	1	62	63
n02395406_19.JPEG	1	11	40	61
n02395406_20.JPEG	0	19	61	49
n02395406_21.JPEG	0	17	63	40
n02395406_22.JPEG	0	9	63	63
n02395406_23.JPEG	8	9	54	56
n02395406_24.JPEG	0	41	32	63
n02395406_25.JPEG	0	0	63	63
n02395406_26.JPEG	7	23	51	63
n02395406_27.JPEG	0	10	63	58
n02395406_28.JPEG	0	12	53	62
n02395406_29.JPEG	0	0	62	62
n02395406_30.JPEG	4	21	63	63
n02395406_31.JPEG	22	10	42	41
n02395406_32.JPEG	0	5	61	63
n02395406_33.JPEG	4	0	63	40
n02395406_34.JPEG	11	27	47	63
n02395406_35.JPEG	0	12	5	46
n02395406_36.JPEG	17	29	40	39
n02395406_37.JPEG	5	23	41	43
n02395406_38.JPEG	16	28	41	50
n02395406_39.JPEG	8	13	55	63
n02395406_40.JPEG	7	26	51	53
n02395406_41.JPEG	0	15	55	62
n02395406_42.JPEG	8	0	52	59
n02395406_43.JPEG	0	5	63	56
n02395406_44.JPEG	5	0	63	63
n02395406_45.JPEG	6	3	50	63
n02395406_46.JPEG	0	1	45	45
n02395406_47.JPEG	10	29	63	63
n02395406_48.JPEG	7	0	61	63
n02395406_49.JPEG	17	0	63	29
n02395406_50.JPEG	22	4	57	37
n02395406_51.JPEG	1	0	63	63
n02395406_52.JPEG	13	19	57	63
n02395406_53.JPEG	0	1	51	53
n02395406_54.JPEG	15	14	63	51
n02395406_55.JPEG	0	0	63	61
n02395406_56.JPEG	9	4	60	57
n02395406_57.JPEG	10	11	45	63
n02395406_58.JPEG	0	14	48	60
n02395406_59.JPEG	9	41	63	63
n02395406_60.JPEG	13	3	63	32
n02395406_61.JPEG	0	10	63	57
n02395406_62.JPEG	0	5	63	63
n02395406_63.JPEG	0	19	58	49
n02395406_64.JPEG	18	3	63	63
n02395406_65.JPEG	9	0	63	63
n02395406_66.JPEG	6	24	52	54
n02395406_67.JPEG	19	24	63	55
n02395406_68.JPEG	0	1	63	63
n02395406_69.JPEG	23	32	63	63
n02395406_70.JPEG	0	6	63	58
n02395406_71.JPEG	0	1	52	56
n02395406_72.JPEG	0	1	63	63
n02395406_73.JPEG	8	0	63	63
n02395406_74.JPEG	14	15	48	46
n02395406_75.JPEG	0	18	63	63
n02395406_76.JPEG	0	0	60	63
n02395406_77.JPEG	3	0	63	63
n02395406_78.JPEG	8	10	54	55
n02395406_79.JPEG	0	5	63	55
n02395406_80.JPEG	7	25	35	50
n02395406_81.JPEG	3	20	61	54
n02395406_82.JPEG	1	25	63	61
n02395406_83.JPEG	0	2	56	63
n02395406_84.JPEG	10	37	39	57
n02395406_85.JPEG	0	1	63	63
n02395406_86.JPEG	0	19	63	57
n02395406_87.JPEG	0	21	36	63
n02395406_88.JPEG	0	3	63	62
n02395406_89.JPEG	0	36	33	63
n02395406_90.JPEG	0	0	63	63
n02395406_91.JPEG	5	17	44	54
n02395406_92.JPEG	13	0	51	51
n02395406_93.JPEG	2	18	63	46
n02395406_94.JPEG	0	2	63	63
n02395406_95.JPEG	0	0	63	61
n02395406_96.JPEG	17	10	42	46
n02395406_97.JPEG	19	27	63	63
n02395406_98.JPEG	17	5	50	63
n02395406_99.JPEG	0	13	59	63
n02395406_100.JPEG	33	21	44	39
n02395406_101.JPEG	63	48	63	63
n02395406_102.JPEG	3	1	55	61
n02395406_103.JPEG	0	14	63	50
n02395406_104.JPEG	2	0	41	62
n02395406_105.JPEG	21	21	35	38
n02395406_106.JPEG	0	21	49	49
n02395406_107.JPEG	19	12	42	45
n02395406_108.JPEG	14	3	51	60
n02395406_109.JPEG	17	13	59	45
n02395406_110.JPEG	4	0	63	63
n02395406_111.JPEG	0	1	59	63
n02395406_112.JPEG	28	19	63	63
n02395406_113.JPEG	12	5	63	58
n02395406_114.JPEG	10	16	50	56
n02395406_115.JPEG	0	9	60	59
n02395406_116.JPEG	23	21	57	63
n02395406_117.JPEG	22	9	63	63
n02395406_118.JPEG	0	9	62	63
n02395406_119.JPEG	14	12	60	56
n02395406_120.JPEG	0	0	63	63
n02395406_121.JPEG	0	1	63	63
n02395406_122.JPEG	0	12	36	40
n02395406_123.JPEG	10	19	52	53
n02395406_124.JPEG	28	36	48	61
n02395406_125.JPEG	1	9	62	49
n02395406_126.JPEG	0	5	63	55
n02395406_127.JPEG	11	1	63	63
n02395406_128.JPEG	44	46	63	58
n02395406_129.JPEG	0	22	45	63
n02395406_130.JPEG	0	15	63	58
n02395406_131.JPEG	1	15	50	63
n02395406_132.JPEG	20	12	51	50
n02395406_133.JPEG	0	5	63	51
n02395406_134.JPEG	0	6	51	63
n02395406_135.JPEG	55	34	63	48
n02395406_136.JPEG	13	19	57	52
n02395406_137.JPEG	0	0	63	63
n02395406_138.JPEG	12	25	47	47
n02395406_139.JPEG	11	4	63	63
n02395406_140.JPEG	0	1	63	63
n02395406_141.JPEG	17	18	63	60
n02395406_142.JPEG	0	0	63	63
n02395406_143.JPEG	16	17	63	63
n02395406_144.JPEG	0	9	5	24
n02395406_145.JPEG	18	7	42	60
n02395406_146.JPEG	0	23	39	44
n02395406_147.JPEG	0	14	47	61
n02395406_148.JPEG	3	11	61	57
n02395406_149.JPEG	0	11	43	62
n02395406_150.JPEG	17	19	53	41
n02395406_151.JPEG	0	14	63	54
n02395406_152.JPEG	0	0	63	63
n02395406_153.JPEG	0	5	59	56
n02395406_154.JPEG	16	8	57	55
n02395406_155.JPEG	2	13	63	59
n02395406_156.JPEG	30	26	46	33
n02395406_157.JPEG	32	28	44	46
n02395406_158.JPEG	49	42	63	56
n02395406_159.JPEG	0	0	49	63
n02395406_160.JPEG	6	20	53	48
n02395406_161.JPEG	5	38	20	57
n02395406_162.JPEG	0	0	63	63
n02395406_163.JPEG	0	3	63	63
n02395406_164.JPEG	0	0	63	63
n02395406_165.JPEG	29	26	63	50
n02395406_166.JPEG	5	0	63	63
n02395406_167.JPEG	17	14	47	45
n02395406_168.JPEG	12	5	55	63
n02395406_169.JPEG	17	17	59	63
n02395406_170.JPEG	1	0	53	63
n02395406_171.JPEG	8	3	62	59
n02395406_172.JPEG	0	13	63	58
n02395406_173.JPEG	1	40	60	63
n02395406_174.JPEG	0	3	63	61
n02395406_175.JPEG	18	23	50	50
n02395406_176.JPEG	0	5	63	63
n02395406_177.JPEG	13	0	39	44
n02395406_178.JPEG	58	34	63	57
n02395406_179.JPEG	4	11	63	58
n02395406_180.JPEG	11	22	58	57
n02395406_181.JPEG	10	23	63	63
n02395406_182.JPEG	2	23	46	44
n02395406_183.JPEG	0	1	44	63
n02395406_184.JPEG	9	37	63	63
n02395406_185.JPEG	2	0	63	63
n02395406_186.JPEG	17	1	63	43
n02395406_187.JPEG	0	17	58	61
n02395406_188.JPEG	0	10	63	61
n02395406_189.JPEG	12	33	63	63
n02395406_190.JPEG	0	11	63	54
n02395406_191.JPEG	0	4	63	59
n02395406_192.JPEG	0	0	63	59
n02395406_193.JPEG	0	0	63	63
n02395406_194.JPEG	0	5	63	63
n02395406_195.JPEG	6	33	50	63
n02395406_196.JPEG	37	17	63	50
n02395406_197.JPEG	1	17	45	61
n02395406_198.JPEG	0	0	63	63
n02395406_199.JPEG	2	0	63	63
n02395406_200.JPEG	0	28	18	63
n02395406_201.JPEG	2	1	44	58
n02395406_202.JPEG	23	0	63	62
n02395406_203.JPEG	13	8	63	46
n02395406_204.JPEG	0	5	63	61
n02395406_205.JPEG	0	17	48	51
n02395406_206.JPEG	2	0	59	63
n02395406_207.JPEG	0	16	27	43
n02395406_208.JPEG	7	0	48	63
n02395406_209.JPEG	11	0	63	63
n02395406_210.JPEG	0	1	49	59
n02395406_211.JPEG	24	22	63	47
n02395406_212.JPEG	0	0	63	63
n02395406_213.JPEG	6	0	62	63
n02395406_214.JPEG	31	13	56	40
n02395406_215.JPEG	0	3	55	60
n02395406_216.JPEG	0	6	63	62
n02395406_217.JPEG	0	0	62	63
n02395406_218.JPEG	10	8	63	63
n02395406_219.JPEG	18	1	55	60
n02395406_220.JPEG	0	0	25	49
n02395406_221.JPEG	0	6	63	61
n02395406_222.JPEG	0	23	63	43
n02395406_223.JPEG	0	21	63	62
n02395406_224.JPEG	20	29	63	43
n02395406_225.JPEG	0	14	50	53
n02395406_226.JPEG	2	0	63	63
n02395406_227.JPEG	12	4	63	57
n02395406_228.JPEG	21	30	58	50
n02395406_229.JPEG	8	3	63	62
n02395406_230.JPEG	35	28	58	44
n02395406_231.JPEG	25	25	49	39
n02395406_232.JPEG	17	19	63	62
n02395406_233.JPEG	0	0	63	60
n02395406_234.JPEG	6	11	63	47
n02395406_235.JPEG	9	0	42	63
n02395406_236.JPEG	4	15	63	60
n02395406_237.JPEG	24	8	50	60
n02395406_238.JPEG	21	13	55	33
n02395406_239.JPEG	0	0	59	63
n02395406_240.JPEG	0	15	63	54
n02395406_241.JPEG	2	38	39	58
n02395406_242.JPEG	6	4	28	27
n02395406_243.JPEG	0	0	63	63
n02395406_244.JPEG	33	4	63	50
n02395406_245.JPEG	0	7	62	61
n02395406_246.JPEG	0	0	63	57
n02395406_247.JPEG	0	9	63	60
n02395406_248.JPEG	0	0	63	63
n02395406_249.JPEG	15	0	42	51
n02395406_250.JPEG	0	2	61	63
n02395406_251.JPEG	1	0	63	52
n02395406_252.JPEG	0	1	63	56
n02395406_253.JPEG	0	25	50	50
n02395406_254.JPEG	15	13	63	49
n02395406_255.JPEG	2	9	63	63
n02395406_256.JPEG	27	6	63	63
n02395406_257.JPEG	0	0	63	54
n02395406_258.JPEG	0	6	63	50
n02395406_259.JPEG	0	20	41	63
n02395406_260.JPEG	33	33	42	39
n02395406_261.JPEG	14	14	40	63
n02395406_262.JPEG	0	13	63	48
n02395406_263.JPEG	0	0	63	61
n02395406_264.JPEG	33	14	61	57
n02395406_265.JPEG	0	26	20	49
n02395406_266.JPEG	0	0	63	63
n02395406_267.JPEG	4	6	63	53
n02395406_268.JPEG	0	1	63	63
n02395406_269.JPEG	0	9	63	63
n02395406_270.JPEG	4	36	43	57
n02395406_271.JPEG	0	28	39	56
n02395406_272.JPEG	18	26	63	63
n02395406_273.JPEG	0	16	63	56
n02395406_274.JPEG	0	0	63	63
n02395406_275.JPEG	0	1	54	63
n02395406_276.JPEG	0	0	63	62
n02395406_277.JPEG	23	38	51	56
n02395406_278.JPEG	5	4	49	63
n02395406_279.JPEG	17	21	43	42
n02395406_280.JPEG	3	2	63	60
n02395406_281.JPEG	14	21	63	63
n02395406_282.JPEG	0	2	63	57
n02395406_283.JPEG	30	19	63	60
n02395406_284.JPEG	4	17	63	62
n02395406_285.JPEG	4	23	63	61
n02395406_286.JPEG	0	9	63	50
n02395406_287.JPEG	0	15	50	51
n02395406_288.JPEG	8	14	63	63
n02395406_289.JPEG	0	7	63	59
n02395406_290.JPEG	8	17	63	51
n02395406_291.JPEG	2	5	63	63
n02395406_292.JPEG	6	20	47	48
n02395406_293.JPEG	7	1	63	60
n02395406_294.JPEG	1	19	63	55
n02395406_295.JPEG	0	5	63	57
n02395406_296.JPEG	5	9	45	56
n02395406_297.JPEG	26	25	63	63
n02395406_298.JPEG	13	16	63	58
n02395406_299.JPEG	6	18	58	56
n02395406_300.JPEG	0	4	39	63
n02395406_301.JPEG	0	0	44	59
n02395406_302.JPEG	0	0	63	63
n02395406_303.JPEG	1	0	61	63
n02395406_304.JPEG	13	6	57	59
n02395406_305.JPEG	5	20	42	63
n02395406_306.JPEG	0	8	63	58
n02395406_307.JPEG	1	0	63	63
n02395406_308.JPEG	0	3	63	51
n02395406_309.JPEG	0	1	63	63
n02395406_310.JPEG	1	12	63	56
n02395406_311.JPEG	0	0	63	63
n02395406_312.JPEG	2	3	58	63
n02395406_313.JPEG	0	24	37	54
n02395406_314.JPEG	10	4	52	63
n02395406_315.JPEG	7	8	61	53
n02395406_316.JPEG	0	10	63	62
n02395406_317.JPEG	0	0	63	63
n02395406_318.JPEG	13	0	61	60
n02395406_319.JPEG	0	1	63	63
n02395406_320.JPEG	4	0	63	63
n02395406_321.JPEG	0	1	62	63
n02395406_322.JPEG	0	10	63	55
n02395406_323.JPEG	20	44	32	58
n02395406_324.JPEG	1	0	63	63
n02395406_325.JPEG	3	1	63	63
n02395406_326.JPEG	0	0	63	63
n02395406_327.JPEG	0	9	63	55
n02395406_328.JPEG	0	19	41	52
n02395406_329.JPEG	10	20	61	63
n02395406_330.JPEG	15	11	53	51
n02395406_331.JPEG	0	12	63	63
n02395406_332.JPEG	0	9	60	62
n02395406_333.JPEG	0	24	18	57
n02395406_334.JPEG	0	0	63	63
n02395406_335.JPEG	0	26	63	51
n02395406_336.JPEG	4	4	45	57
n02395406_337.JPEG	5	0	61	63
n02395406_338.JPEG	0	23	63	56
n02395406_339.JPEG	11	45	32	63
n02395406_340.JPEG	4	0	63	63
n02395406_341.JPEG	28	21	50	61
n02395406_342.JPEG	0	23	63	63
n02395406_343.JPEG	33	19	63	48
n02395406_344.JPEG	0	13	63	55
n02395406_345.JPEG	8	16	42	53
n02395406_346.JPEG	0	9	44	50
n02395406_347.JPEG	18	22	53	51
n02395406_348.JPEG	9	26	61	59
n02395406_349.JPEG	21	11	63	55
n02395406_350.JPEG	0	6	63	59
n02395406_351.JPEG	0	12	63	52
n02395406_352.JPEG	7	4	63	60
n02395406_353.JPEG	37	21	61	46
n02395406_354.JPEG	28	28	63	58
n02395406_355.JPEG	0	23	63	45
n02395406_356.JPEG	11	25	38	49
n02395406_357.JPEG	2	0	63	63
n02395406_358.JPEG	0	4	61	60
n02395406_359.JPEG	11	15	55	53
n02395406_360.JPEG	0	0	58	63
n02395406_361.JPEG	14	1	58	60
n02395406_362.JPEG	0	22	22	54
n02395406_363.JPEG	0	10	63	60
n02395406_364.JPEG	0	8	63	61
n02395406_365.JPEG	0	1	63	54
n02395406_366.JPEG	20	1	48	51
n02395406_367.JPEG	0	8	63	53
n02395406_368.JPEG	2	3	51	61
n02395406_369.JPEG	0	6	59	51
n02395406_370.JPEG	5	0	63	59
n02395406_371.JPEG	0	13	63	48
n02395406_372.JPEG	0	1	63	63
n02395406_373.JPEG	5	11	55	58
n02395406_374.JPEG	0	0	63	63
n02395406_375.JPEG	0	16	63	55
n02395406_376.JPEG	0	14	63	63
n02395406_377.JPEG	2	0	63	63
n02395406_378.JPEG	1	11	63	63
n02395406_379.JPEG	9	33	62	63
n02395406_380.JPEG	3	11	63	63
n02395406_381.JPEG	0	1	62	63
n02395406_382.JPEG	8	1	53	63
n02395406_383.JPEG	0	0	59	50
n02395406_384.JPEG	0	17	38	39
n02395406_385.JPEG	0	0	62	61
n02395406_386.JPEG	30	1	63	63
n02395406_387.JPEG	20	16	52	63
n02395406_388.JPEG	0	1	63	63
n02395406_389.JPEG	0	16	46	54
n02395406_390.JPEG	0	3	63	63
n02395406_391.JPEG	45	12	63	47
n02395406_392.JPEG	10	9	48	59
n02395406_393.JPEG	27	21	54	58
n02395406_394.JPEG	7	0	63	54
n02395406_395.JPEG	0	14	58	53
n02395406_396.JPEG	9	1	63	53
n02395406_397.JPEG	0	10	56	47
n02395406_398.JPEG	12	4	55	58
n02395406_399.JPEG	1	0	63	63
n02395406_400.JPEG	0	0	63	63
n02395406_401.JPEG	0	2	63	63
n02395406_402.JPEG	8	12	54	51
n02395406_403.JPEG	4	19	49	59
n02395406_404.JPEG	3	7	60	61
n02395406_405.JPEG	0	34	31	59
n02395406_406.JPEG	11	11	50	62
n02395406_407.JPEG	0	0	51	63
n02395406_408.JPEG	0	0	57	57
n02395406_409.JPEG	19	42	49	60
n02395406_410.JPEG	2	0	63	63
n02395406_411.JPEG	0	0	51	62
n02395406_412.JPEG	0	0	57	58
n02395406_413.JPEG	1	7	61	63
n02395406_414.JPEG	0	1	63	63
n02395406_415.JPEG	0	9	63	63
n02395406_416.JPEG	3	0	63	63
n02395406_417.JPEG	9	0	63	63
n02395406_418.JPEG	0	9	63	56
n02395406_419.JPEG	49	27	63	63
n02395406_420.JPEG	3	5	58	53
n02395406_421.JPEG	23	8	63	51
n02395406_422.JPEG	1	0	62	63
n02395406_423.JPEG	0	8	59	55
n02395406_424.JPEG	0	7	42	62
n02395406_425.JPEG	8	0	63	62
n02395406_426.JPEG	0	13	63	46
n02395406_427.JPEG	7	13	61	59
n02395406_428.JPEG	7	17	49	42
n02395406_429.JPEG	0	35	62	63
n02395406_430.JPEG	0	15	63	63
n02395406_431.JPEG	0	6	63	56
n02395406_432.JPEG	15	31	63	62
n02395406_433.JPEG	9	3	63	60
n02395406_434.JPEG	0	0	63	63
n02395406_435.JPEG	18	35	44	50
n02395406_436.JPEG	16	11	63	60
n02395406_437.JPEG	17	22	62	63
n02395406_438.JPEG	0	18	54	58
n02395406_439.JPEG	16	10	47	33
n02395406_440.JPEG	29	6	63	63
n02395406_441.JPEG	26	43	56	63
n02395406_442.JPEG	7	7	57	63
n02395406_443.JPEG	23	3	43	13
n02395406_444.JPEG	0	0	63	52
n02395406_445.JPEG	27	25	63	50
n02395406_446.JPEG	0	2	63	60
n02395406_447.JPEG	0	18	32	37
n02395406_448.JPEG	0	1	63	60
n02395406_449.JPEG	13	18	63	58
n02395406_450.JPEG	0	0	63	63
n02395406_451.JPEG	0	0	55	63
n02395406_452.JPEG	10	0	63	63
n02395406_453.JPEG	0	10	63	57
n02395406_454.JPEG	0	0	63	63
n02395406_455.JPEG	1	0	62	63
n02395406_456.JPEG	5	15	47	59
n02395406_457.JPEG	0	3	63	58
n02395406_458.JPEG	0	0	63	63
n02395406_459.JPEG	7	0	44	63
n02395406_460.JPEG	6	7	47	50
n02395406_461.JPEG	0	0	63	63
n02395406_462.JPEG	56	41	63	50
n02395406_463.JPEG	0	1	63	63
n02395406_464.JPEG	1	1	57	58
n02395406_465.JPEG	15	1	63	58
n02395406_466.JPEG	1	1	63	63
n02395406_467.JPEG	4	0	63	63
n02395406_468.JPEG	16	0	51	45
n02395406_469.JPEG	0	37	14	60
n02395406_470.JPEG	0	0	63	57
n02395406_471.JPEG	32	45	63	63
n02395406_472.JPEG	0	0	63	63
n02395406_473.JPEG	0	0	57	63
n02395406_474.JPEG	0	0	63	63
n02395406_475.JPEG	0	7	63	63
n02395406_476.JPEG	20	10	63	55
n02395406_477.JPEG	0	7	63	54
n02395406_478.JPEG	52	18	63	44
n02395406_479.JPEG	0	6	63	57
n02395406_480.JPEG	17	0	50	59
n02395406_481.JPEG	19	0	63	59
n02395406_482.JPEG	2	7	63	58
n02395406_483.JPEG	5	14	63	41
n02395406_484.JPEG	0	1	63	63
n02395406_485.JPEG	7	1	54	59
n02395406_486.JPEG	8	5	51	63
n02395406_487.JPEG	0	5	63	63
n02395406_488.JPEG	0	0	42	42
n02395406_489.JPEG	1	0	51	61
n02395406_490.JPEG	0	14	32	60
n02395406_491.JPEG	0	0	53	62
n02395406_492.JPEG	0	8	63	63
n02395406_493.JPEG	23	13	47	46
n02395406_494.JPEG	0	11	19	62
n02395406_495.JPEG	21	6	53	63
n02395406_496.JPEG	1	0	58	63
n02395406_497.JPEG	39	24	63	50
n02395406_498.JPEG	40	33	63	51
n02395406_499.JPEG	5	16	60	47
