n03662601_0.JPEG	10	0	63	46
n03662601_1.JPEG	6	11	62	41
n03662601_2.JPEG	0	29	20	37
n03662601_3.JPEG	7	21	63	45
n03662601_4.JPEG	0	14	59	50
n03662601_5.JPEG	1	1	52	45
n03662601_6.JPEG	19	20	53	60
n03662601_7.JPEG	13	38	37	54
n03662601_8.JPEG	0	15	63	51
n03662601_9.JPEG	17	37	42	50
n03662601_10.JPEG	4	9	63	41
n03662601_11.JPEG	0	30	53	53
n03662601_12.JPEG	5	10	52	41
n03662601_13.JPEG	0	0	63	60
n03662601_14.JPEG	0	0	63	62
n03662601_15.JPEG	1	0	60	63
n03662601_16.JPEG	0	0	62	59
n03662601_17.JPEG	0	26	55	56
n03662601_18.JPEG	0	12	49	60
n03662601_19.JPEG	0	5	63	55
n03662601_20.JPEG	15	11	50	49
n03662601_21.JPEG	3	14	63	48
n03662601_22.JPEG	11	0	63	46
n03662601_23.JPEG	0	0	63	63
n03662601_24.JPEG	8	11	63	37
n03662601_25.JPEG	20	8	55	41
n03662601_26.JPEG	0	16	44	37
n03662601_27.JPEG	0	2	63	63
n03662601_28.JPEG	7	23	59	62
n03662601_29.JPEG	0	0	63	45
n03662601_30.JPEG	11	0	53	63
n03662601_31.JPEG	0	16	63	52
n03662601_32.JPEG	1	7	63	63
n03662601_33.JPEG	1	2	54	37
n03662601_34.JPEG	0	13	63	60
n03662601_35.JPEG	19	15	63	51
n03662601_36.JPEG	0	21	63	58
n03662601_37.JPEG	0	5	63	63
n03662601_38.JPEG	0	0	63	63
n03662601_39.JPEG	0	6	45	52
n03662601_40.JPEG	19	41	63	53
n03662601_41.JPEG	8	27	49	47
n03662601_42.JPEG	6	10	56	53
n03662601_43.JPEG	11	0	52	57
n03662601_44.JPEG	8	36	55	61
n03662601_45.JPEG	3	6	29	32
n03662601_46.JPEG	3	1	63	54
n03662601_47.JPEG	14	10	52	41
n03662601_48.JPEG	47	45	63	53
n03662601_49.JPEG	27	16	63	45
n03662601_50.JPEG	17	37	61	49
n03662601_51.JPEG	32	30	63	53
n03662601_52.JPEG	0	15	63	44
n03662601_53.JPEG	0	3	63	55
n03662601_54.JPEG	0	19	63	51
n03662601_55.JPEG	4	0	62	57
n03662601_56.JPEG	0	11	59	45
n03662601_57.JPEG	0	0	63	58
n03662601_58.JPEG	0	6	63	50
n03662601_59.JPEG	0	21	63	59
n03662601_60.JPEG	0	10	63	53
n03662601_61.JPEG	0	4	63	46
n03662601_62.JPEG	0	19	63	63
n03662601_63.JPEG	0	13	63	55
n03662601_64.JPEG	6	1	63	63
n03662601_65.JPEG	0	0	63	63
n03662601_66.JPEG	0	19	56	57
n03662601_67.JPEG	0	0	63	41
n03662601_68.JPEG	0	0	63	44
n03662601_69.JPEG	12	0	60	45
n03662601_70.JPEG	20	18	50	39
n03662601_71.JPEG	28	19	56	35
n03662601_72.JPEG	0	11	63	54
n03662601_73.JPEG	0	40	21	50
n03662601_74.JPEG	24	7	38	23
n03662601_75.JPEG	0	24	55	54
n03662601_76.JPEG	21	52	45	63
n03662601_77.JPEG	14	19	51	44
n03662601_78.JPEG	23	25	42	40
n03662601_79.JPEG	16	3	58	45
n03662601_80.JPEG	6	0	58	63
n03662601_81.JPEG	21	28	60	63
n03662601_82.JPEG	13	6	58	48
n03662601_83.JPEG	0	7	63	50
n03662601_84.JPEG	14	10	63	53
n03662601_85.JPEG	0	12	46	52
n03662601_86.JPEG	0	30	31	60
n03662601_87.JPEG	3	4	49	49
n03662601_88.JPEG	0	1	63	63
n03662601_89.JPEG	0	0	63	62
n03662601_90.JPEG	38	36	59	57
n03662601_91.JPEG	0	0	63	56
n03662601_92.JPEG	1	14	41	50
n03662601_93.JPEG	0	14	61	34
n03662601_94.JPEG	3	22	61	41
n03662601_95.JPEG	3	13	63	59
n03662601_96.JPEG	5	36	36	48
n03662601_97.JPEG	9	0	60	57
n03662601_98.JPEG	38	28	63	42
n03662601_99.JPEG	0	9	63	55
n03662601_100.JPEG	40	38	63	60
n03662601_101.JPEG	0	14	63	44
n03662601_102.JPEG	24	27	44	35
n03662601_103.JPEG	0	7	63	56
n03662601_104.JPEG	0	27	52	49
n03662601_105.JPEG	33	13	63	42
n03662601_106.JPEG	0	21	63	51
n03662601_107.JPEG	0	0	63	63
n03662601_108.JPEG	1	15	63	42
n03662601_109.JPEG	0	4	63	60
n03662601_110.JPEG	0	2	63	63
n03662601_111.JPEG	0	3	63	50
n03662601_112.JPEG	22	8	48	25
n03662601_113.JPEG	21	15	50	38
n03662601_114.JPEG	21	31	60	44
n03662601_115.JPEG	23	29	40	38
n03662601_116.JPEG	0	5	56	45
n03662601_117.JPEG	0	26	63	53
n03662601_118.JPEG	7	6	55	52
n03662601_119.JPEG	42	27	63	56
n03662601_120.JPEG	0	23	39	50
n03662601_121.JPEG	0	11	63	61
n03662601_122.JPEG	0	14	61	63
n03662601_123.JPEG	14	27	35	41
n03662601_124.JPEG	12	29	40	43
n03662601_125.JPEG	1	0	63	63
n03662601_126.JPEG	0	5	52	43
n03662601_127.JPEG	0	0	63	54
n03662601_128.JPEG	0	1	63	63
n03662601_129.JPEG	0	0	63	32
n03662601_130.JPEG	0	30	26	42
n03662601_131.JPEG	1	0	63	63
n03662601_132.JPEG	6	24	63	49
n03662601_133.JPEG	23	10	63	51
n03662601_134.JPEG	4	10	63	50
n03662601_135.JPEG	9	0	61	48
n03662601_136.JPEG	4	0	63	63
n03662601_137.JPEG	23	34	46	49
n03662601_138.JPEG	0	5	63	47
n03662601_139.JPEG	0	12	60	63
n03662601_140.JPEG	0	14	41	55
n03662601_141.JPEG	8	10	63	49
n03662601_142.JPEG	0	4	63	62
n03662601_143.JPEG	0	32	41	63
n03662601_144.JPEG	0	23	51	53
n03662601_145.JPEG	20	13	61	47
n03662601_146.JPEG	0	1	59	58
n03662601_147.JPEG	0	1	63	63
n03662601_148.JPEG	0	22	63	53
n03662601_149.JPEG	0	42	63	63
n03662601_150.JPEG	21	5	47	37
n03662601_151.JPEG	4	1	63	59
n03662601_152.JPEG	0	13	55	42
n03662601_153.JPEG	18	4	46	57
n03662601_154.JPEG	0	0	63	63
n03662601_155.JPEG	0	31	63	61
n03662601_156.JPEG	1	41	55	57
n03662601_157.JPEG	27	36	54	49
n03662601_158.JPEG	0	1	31	41
n03662601_159.JPEG	0	15	62	41
n03662601_160.JPEG	7	9	58	47
n03662601_161.JPEG	0	27	63	57
n03662601_162.JPEG	1	13	62	42
n03662601_163.JPEG	0	1	63	48
n03662601_164.JPEG	15	36	57	56
n03662601_165.JPEG	7	2	63	43
n03662601_166.JPEG	0	0	63	57
n03662601_167.JPEG	18	7	51	53
n03662601_168.JPEG	30	29	63	42
n03662601_169.JPEG	14	29	63	63
n03662601_170.JPEG	11	3	45	34
n03662601_171.JPEG	4	1	46	58
n03662601_172.JPEG	21	28	47	46
n03662601_173.JPEG	1	0	57	46
n03662601_174.JPEG	29	3	56	28
n03662601_175.JPEG	23	33	63	63
n03662601_176.JPEG	0	14	63	53
n03662601_177.JPEG	0	0	63	63
n03662601_178.JPEG	0	18	63	46
n03662601_179.JPEG	22	38	55	63
n03662601_180.JPEG	9	19	61	59
n03662601_181.JPEG	3	0	63	55
n03662601_182.JPEG	0	15	40	42
n03662601_183.JPEG	0	15	63	58
n03662601_184.JPEG	38	20	51	30
n03662601_185.JPEG	24	22	40	35
n03662601_186.JPEG	7	6	63	47
n03662601_187.JPEG	0	26	59	54
n03662601_188.JPEG	13	20	60	51
n03662601_189.JPEG	13	0	60	62
n03662601_190.JPEG	11	0	48	58
n03662601_191.JPEG	0	18	63	43
n03662601_192.JPEG	21	28	34	38
n03662601_193.JPEG	12	33	33	42
n03662601_194.JPEG	0	0	63	63
n03662601_195.JPEG	0	16	63	47
n03662601_196.JPEG	0	12	63	63
n03662601_197.JPEG	23	4	45	38
n03662601_198.JPEG	0	35	63	63
n03662601_199.JPEG	0	4	63	63
n03662601_200.JPEG	0	14	63	63
n03662601_201.JPEG	4	7	61	63
n03662601_202.JPEG	0	0	52	46
n03662601_203.JPEG	41	40	57	55
n03662601_204.JPEG	0	1	63	63
n03662601_205.JPEG	1	28	63	53
n03662601_206.JPEG	0	0	63	63
n03662601_207.JPEG	9	23	41	40
n03662601_208.JPEG	25	20	63	59
n03662601_209.JPEG	17	19	61	47
n03662601_210.JPEG	14	7	52	45
n03662601_211.JPEG	48	27	63	40
n03662601_212.JPEG	0	29	56	56
n03662601_213.JPEG	0	2	63	54
n03662601_214.JPEG	0	0	58	52
n03662601_215.JPEG	6	35	30	45
n03662601_216.JPEG	16	0	51	60
n03662601_217.JPEG	0	4	63	45
n03662601_218.JPEG	0	14	57	50
n03662601_219.JPEG	6	0	63	61
n03662601_220.JPEG	0	15	63	63
n03662601_221.JPEG	0	10	63	53
n03662601_222.JPEG	0	34	62	47
n03662601_223.JPEG	0	8	44	58
n03662601_224.JPEG	0	17	58	41
n03662601_225.JPEG	0	6	63	51
n03662601_226.JPEG	0	3	63	63
n03662601_227.JPEG	0	0	56	46
n03662601_228.JPEG	19	31	41	37
n03662601_229.JPEG	11	30	58	51
n03662601_230.JPEG	20	25	56	40
n03662601_231.JPEG	0	5	63	46
n03662601_232.JPEG	2	0	30	25
n03662601_233.JPEG	34	29	40	33
n03662601_234.JPEG	0	24	39	46
n03662601_235.JPEG	0	0	63	62
n03662601_236.JPEG	31	18	63	35
n03662601_237.JPEG	0	28	37	51
n03662601_238.JPEG	0	23	63	63
n03662601_239.JPEG	0	30	63	63
n03662601_240.JPEG	12	1	47	35
n03662601_241.JPEG	0	14	63	49
n03662601_242.JPEG	0	5	62	42
n03662601_243.JPEG	11	8	57	50
n03662601_244.JPEG	10	15	59	56
n03662601_245.JPEG	5	5	63	48
n03662601_246.JPEG	0	22	63	50
n03662601_247.JPEG	0	11	63	46
n03662601_248.JPEG	8	18	63	55
n03662601_249.JPEG	15	36	57	63
n03662601_250.JPEG	16	11	47	46
n03662601_251.JPEG	4	19	58	59
n03662601_252.JPEG	0	0	63	57
n03662601_253.JPEG	34	19	53	38
n03662601_254.JPEG	28	0	63	57
n03662601_255.JPEG	0	5	63	48
n03662601_256.JPEG	0	7	63	63
n03662601_257.JPEG	0	1	63	63
n03662601_258.JPEG	0	4	63	55
n03662601_259.JPEG	0	18	50	53
n03662601_260.JPEG	0	10	63	55
n03662601_261.JPEG	0	1	63	55
n03662601_262.JPEG	0	0	63	63
n03662601_263.JPEG	5	0	53	43
n03662601_264.JPEG	0	0	63	62
n03662601_265.JPEG	0	13	62	50
n03662601_266.JPEG	22	0	63	50
n03662601_267.JPEG	7	5	50	46
n03662601_268.JPEG	0	7	63	53
n03662601_269.JPEG	0	0	63	59
n03662601_270.JPEG	61	25	63	44
n03662601_271.JPEG	27	14	56	37
n03662601_272.JPEG	5	37	61	45
n03662601_273.JPEG	0	18	40	60
n03662601_274.JPEG	0	0	62	49
n03662601_275.JPEG	0	0	63	57
n03662601_276.JPEG	0	4	53	46
n03662601_277.JPEG	26	12	63	41
n03662601_278.JPEG	0	10	56	63
n03662601_279.JPEG	0	40	28	53
n03662601_280.JPEG	0	1	63	44
n03662601_281.JPEG	0	1	63	35
n03662601_282.JPEG	13	21	54	51
n03662601_283.JPEG	0	15	63	55
n03662601_284.JPEG	24	10	42	37
n03662601_285.JPEG	0	25	63	53
n03662601_286.JPEG	5	12	58	40
n03662601_287.JPEG	0	1	63	53
n03662601_288.JPEG	33	35	44	42
n03662601_289.JPEG	14	43	46	56
n03662601_290.JPEG	3	20	56	40
n03662601_291.JPEG	0	0	63	63
n03662601_292.JPEG	9	28	60	63
n03662601_293.JPEG	4	0	63	54
n03662601_294.JPEG	0	8	62	53
n03662601_295.JPEG	0	11	63	41
n03662601_296.JPEG	0	1	63	63
n03662601_297.JPEG	14	37	60	61
n03662601_298.JPEG	39	29	61	44
n03662601_299.JPEG	0	0	37	63
n03662601_300.JPEG	0	12	63	43
n03662601_301.JPEG	0	26	42	52
n03662601_302.JPEG	26	27	63	63
n03662601_303.JPEG	12	24	51	46
n03662601_304.JPEG	0	0	63	60
n03662601_305.JPEG	21	16	48	43
n03662601_306.JPEG	0	3	46	52
n03662601_307.JPEG	7	24	47	42
n03662601_308.JPEG	7	30	52	44
n03662601_309.JPEG	16	27	56	58
n03662601_310.JPEG	10	15	49	38
n03662601_311.JPEG	0	4	63	61
n03662601_312.JPEG	0	5	63	60
n03662601_313.JPEG	15	27	43	51
n03662601_314.JPEG	16	14	63	48
n03662601_315.JPEG	4	0	63	43
n03662601_316.JPEG	17	26	63	58
n03662601_317.JPEG	5	0	57	62
n03662601_318.JPEG	0	7	63	52
n03662601_319.JPEG	9	0	63	57
n03662601_320.JPEG	0	13	63	62
n03662601_321.JPEG	7	14	61	39
n03662601_322.JPEG	0	21	63	55
n03662601_323.JPEG	0	6	63	48
n03662601_324.JPEG	0	0	56	45
n03662601_325.JPEG	8	23	46	49
n03662601_326.JPEG	0	1	63	63
n03662601_327.JPEG	5	7	47	38
n03662601_328.JPEG	12	32	63	59
n03662601_329.JPEG	0	8	55	53
n03662601_330.JPEG	16	0	60	46
n03662601_331.JPEG	0	11	63	52
n03662601_332.JPEG	30	5	63	52
n03662601_333.JPEG	0	1	63	54
n03662601_334.JPEG	7	2	58	59
n03662601_335.JPEG	9	38	62	61
n03662601_336.JPEG	3	7	63	56
n03662601_337.JPEG	5	14	63	51
n03662601_338.JPEG	1	30	63	63
n03662601_339.JPEG	0	1	63	61
n03662601_340.JPEG	0	0	63	56
n03662601_341.JPEG	0	4	63	63
n03662601_342.JPEG	9	0	63	63
n03662601_343.JPEG	9	6	63	44
n03662601_344.JPEG	0	0	63	63
n03662601_345.JPEG	0	0	63	63
n03662601_346.JPEG	4	2	55	58
n03662601_347.JPEG	16	6	52	49
n03662601_348.JPEG	13	12	56	48
n03662601_349.JPEG	1	0	63	63
n03662601_350.JPEG	0	0	60	63
n03662601_351.JPEG	17	21	43	35
n03662601_352.JPEG	0	24	60	47
n03662601_353.JPEG	2	11	55	45
n03662601_354.JPEG	0	10	63	59
n03662601_355.JPEG	0	9	63	58
n03662601_356.JPEG	0	13	39	45
n03662601_357.JPEG	27	34	63	60
n03662601_358.JPEG	2	6	63	55
n03662601_359.JPEG	0	17	63	60
n03662601_360.JPEG	0	8	63	56
n03662601_361.JPEG	2	5	62	47
n03662601_362.JPEG	0	16	63	53
n03662601_363.JPEG	15	18	63	44
n03662601_364.JPEG	0	0	63	54
n03662601_365.JPEG	0	17	63	39
n03662601_366.JPEG	27	23	50	38
n03662601_367.JPEG	16	0	59	55
n03662601_368.JPEG	0	21	31	40
n03662601_369.JPEG	10	1	63	55
n03662601_370.JPEG	0	28	48	57
n03662601_371.JPEG	13	11	55	36
n03662601_372.JPEG	0	1	63	63
n03662601_373.JPEG	2	8	63	41
n03662601_374.JPEG	4	0	63	63
n03662601_375.JPEG	5	14	53	45
n03662601_376.JPEG	0	23	63	63
n03662601_377.JPEG	0	32	63	63
n03662601_378.JPEG	0	14	37	43
n03662601_379.JPEG	4	1	63	63
n03662601_380.JPEG	0	0	61	42
n03662601_381.JPEG	4	12	58	43
n03662601_382.JPEG	0	0	46	33
n03662601_383.JPEG	28	0	63	53
n03662601_384.JPEG	11	0	63	63
n03662601_385.JPEG	10	19	42	37
n03662601_386.JPEG	47	8	63	23
n03662601_387.JPEG	13	29	39	48
n03662601_388.JPEG	15	3	63	39
n03662601_389.JPEG	1	0	63	48
n03662601_390.JPEG	8	24	56	50
n03662601_391.JPEG	0	1	63	63
n03662601_392.JPEG	6	5	54	51
n03662601_393.JPEG	28	17	63	47
n03662601_394.JPEG	1	32	33	56
n03662601_395.JPEG	2	0	63	63
n03662601_396.JPEG	14	5	63	45
n03662601_397.JPEG	42	24	63	42
n03662601_398.JPEG	0	8	63	55
n03662601_399.JPEG	10	0	57	63
n03662601_400.JPEG	0	16	63	40
n03662601_401.JPEG	3	24	55	42
n03662601_402.JPEG	0	11	62	51
n03662601_403.JPEG	6	4	63	50
n03662601_404.JPEG	9	1	63	49
n03662601_405.JPEG	15	7	54	56
n03662601_406.JPEG	0	37	27	54
n03662601_407.JPEG	0	0	63	63
n03662601_408.JPEG	20	3	63	40
n03662601_409.JPEG	35	45	47	54
n03662601_410.JPEG	0	5	52	57
n03662601_411.JPEG	5	17	43	45
n03662601_412.JPEG	7	16	56	63
n03662601_413.JPEG	7	1	63	48
n03662601_414.JPEG	0	24	24	50
n03662601_415.JPEG	13	25	45	44
n03662601_416.JPEG	0	17	61	51
n03662601_417.JPEG	7	0	60	35
n03662601_418.JPEG	0	0	63	63
n03662601_419.JPEG	1	6	56	55
n03662601_420.JPEG	0	0	50	49
n03662601_421.JPEG	1	2	57	57
n03662601_422.JPEG	0	13	41	47
n03662601_423.JPEG	0	7	63	42
n03662601_424.JPEG	8	1	63	63
n03662601_425.JPEG	16	19	45	37
n03662601_426.JPEG	3	1	59	62
n03662601_427.JPEG	0	33	63	56
n03662601_428.JPEG	0	22	56	49
n03662601_429.JPEG	0	8	42	49
n03662601_430.JPEG	46	24	57	33
n03662601_431.JPEG	5	17	60	45
n03662601_432.JPEG	0	18	63	47
n03662601_433.JPEG	21	9	43	21
n03662601_434.JPEG	0	7	58	48
n03662601_435.JPEG	5	0	57	63
n03662601_436.JPEG	0	22	63	48
n03662601_437.JPEG	0	1	63	52
n03662601_438.JPEG	0	9	58	54
n03662601_439.JPEG	17	3	62	47
n03662601_440.JPEG	0	0	58	34
n03662601_441.JPEG	1	12	63	38
n03662601_442.JPEG	14	0	59	55
n03662601_443.JPEG	0	13	62	57
n03662601_444.JPEG	25	3	53	26
n03662601_445.JPEG	0	3	50	53
n03662601_446.JPEG	0	0	63	53
n03662601_447.JPEG	4	12	60	42
n03662601_448.JPEG	0	13	38	42
n03662601_449.JPEG	15	19	54	51
n03662601_450.JPEG	0	1	63	59
n03662601_451.JPEG	0	1	63	63
n03662601_452.JPEG	0	3	40	40
n03662601_453.JPEG	17	27	42	44
n03662601_454.JPEG	0	20	63	50
n03662601_455.JPEG	5	28	63	62
n03662601_456.JPEG	1	2	63	56
n03662601_457.JPEG	0	15	62	49
n03662601_458.JPEG	0	15	63	51
n03662601_459.JPEG	0	6	63	58
n03662601_460.JPEG	16	9	46	39
n03662601_461.JPEG	8	14	51	35
n03662601_462.JPEG	7	9	63	52
n03662601_463.JPEG	16	31	49	49
n03662601_464.JPEG	5	11	59	47
n03662601_465.JPEG	0	15	39	37
n03662601_466.JPEG	9	8	63	47
n03662601_467.JPEG	0	0	63	63
n03662601_468.JPEG	0	11	63	45
n03662601_469.JPEG	17	13	63	43
n03662601_470.JPEG	5	4	58	45
n03662601_471.JPEG	0	3	53	56
n03662601_472.JPEG	0	0	59	63
n03662601_473.JPEG	0	23	63	48
n03662601_474.JPEG	0	20	63	51
n03662601_475.JPEG	4	0	54	60
n03662601_476.JPEG	0	10	63	56
n03662601_477.JPEG	13	13	56	45
n03662601_478.JPEG	0	46	54	63
n03662601_479.JPEG	0	12	63	55
n03662601_480.JPEG	0	15	63	46
n03662601_481.JPEG	0	0	63	63
n03662601_482.JPEG	1	1	63	63
n03662601_483.JPEG	0	1	61	59
n03662601_484.JPEG	0	14	63	49
n03662601_485.JPEG	5	10	63	32
n03662601_486.JPEG	11	4	62	34
n03662601_487.JPEG	23	19	48	29
n03662601_488.JPEG	21	27	63	63
n03662601_489.JPEG	25	15	58	41
n03662601_490.JPEG	1	0	63	60
n03662601_491.JPEG	0	10	63	51
n03662601_492.JPEG	0	22	24	51
n03662601_493.JPEG	36	29	46	36
n03662601_494.JPEG	0	2	61	59
n03662601_495.JPEG	2	6	63	59
n03662601_496.JPEG	0	1	63	48
n03662601_497.JPEG	3	1	63	46
n03662601_498.JPEG	1	0	58	63
n03662601_499.JPEG	0	11	60	39
