n02113799_0.JPEG	12	15	63	63
n02113799_1.JPEG	0	15	63	63
n02113799_2.JPEG	40	11	57	39
n02113799_3.JPEG	11	4	56	63
n02113799_4.JPEG	0	28	19	63
n02113799_5.JPEG	0	14	57	57
n02113799_6.JPEG	4	5	60	57
n02113799_7.JPEG	15	0	63	63
n02113799_8.JPEG	0	6	29	63
n02113799_9.JPEG	36	22	58	39
n02113799_10.JPEG	0	0	63	63
n02113799_11.JPEG	37	14	58	51
n02113799_12.JPEG	11	2	63	63
n02113799_13.JPEG	0	2	48	63
n02113799_14.JPEG	14	18	27	46
n02113799_15.JPEG	9	0	63	55
n02113799_16.JPEG	25	30	63	63
n02113799_17.JPEG	7	0	60	63
n02113799_18.JPEG	26	15	63	47
n02113799_19.JPEG	7	0	52	63
n02113799_20.JPEG	0	0	42	63
n02113799_21.JPEG	11	8	44	63
n02113799_22.JPEG	13	0	43	63
n02113799_23.JPEG	10	38	28	60
n02113799_24.JPEG	0	0	58	63
n02113799_25.JPEG	21	13	35	37
n02113799_26.JPEG	7	1	63	63
n02113799_27.JPEG	0	6	63	62
n02113799_28.JPEG	32	12	53	35
n02113799_29.JPEG	3	2	62	63
n02113799_30.JPEG	0	0	63	61
n02113799_31.JPEG	21	7	59	63
n02113799_32.JPEG	27	2	63	63
n02113799_33.JPEG	0	5	63	61
n02113799_34.JPEG	0	1	39	61
n02113799_35.JPEG	6	1	62	62
n02113799_36.JPEG	7	9	63	60
n02113799_37.JPEG	0	0	26	40
n02113799_38.JPEG	12	18	63	63
n02113799_39.JPEG	23	13	43	57
n02113799_40.JPEG	6	7	63	63
n02113799_41.JPEG	0	7	51	63
n02113799_42.JPEG	3	0	63	63
n02113799_43.JPEG	0	11	60	57
n02113799_44.JPEG	9	2	46	59
n02113799_45.JPEG	0	1	63	63
n02113799_46.JPEG	16	13	63	63
n02113799_47.JPEG	16	3	63	61
n02113799_48.JPEG	10	3	41	63
n02113799_49.JPEG	16	0	63	63
n02113799_50.JPEG	11	0	60	63
n02113799_51.JPEG	10	11	54	39
n02113799_52.JPEG	0	6	63	60
n02113799_53.JPEG	3	18	41	63
n02113799_54.JPEG	5	12	63	63
n02113799_55.JPEG	6	5	63	63
n02113799_56.JPEG	25	30	63	63
n02113799_57.JPEG	18	0	47	63
n02113799_58.JPEG	1	7	45	63
n02113799_59.JPEG	4	0	59	63
n02113799_60.JPEG	0	2	63	63
n02113799_61.JPEG	3	0	56	63
n02113799_62.JPEG	9	1	63	63
n02113799_63.JPEG	13	8	44	58
n02113799_64.JPEG	0	26	17	44
n02113799_65.JPEG	0	15	63	62
n02113799_66.JPEG	25	19	62	40
n02113799_67.JPEG	18	31	63	63
n02113799_68.JPEG	0	5	47	57
n02113799_69.JPEG	12	5	63	63
n02113799_70.JPEG	42	31	63	59
n02113799_71.JPEG	6	1	55	63
n02113799_72.JPEG	15	8	39	35
n02113799_73.JPEG	0	4	63	61
n02113799_74.JPEG	0	5	61	62
n02113799_75.JPEG	20	20	33	36
n02113799_76.JPEG	0	4	63	63
n02113799_77.JPEG	22	20	58	60
n02113799_78.JPEG	0	6	63	63
n02113799_79.JPEG	12	13	63	63
n02113799_80.JPEG	0	5	59	63
n02113799_81.JPEG	25	4	63	63
n02113799_82.JPEG	10	5	45	63
n02113799_83.JPEG	2	2	57	63
n02113799_84.JPEG	18	1	63	53
n02113799_85.JPEG	32	21	63	60
n02113799_86.JPEG	0	24	20	55
n02113799_87.JPEG	0	7	29	59
n02113799_88.JPEG	3	6	51	63
n02113799_89.JPEG	10	10	54	63
n02113799_90.JPEG	3	1	49	63
n02113799_91.JPEG	21	7	63	63
n02113799_92.JPEG	10	12	47	42
n02113799_93.JPEG	19	0	47	61
n02113799_94.JPEG	11	8	58	63
n02113799_95.JPEG	2	13	31	58
n02113799_96.JPEG	19	6	44	63
n02113799_97.JPEG	17	7	40	63
n02113799_98.JPEG	57	32	63	48
n02113799_99.JPEG	15	2	54	63
n02113799_100.JPEG	5	2	58	60
n02113799_101.JPEG	1	19	32	57
n02113799_102.JPEG	0	0	59	63
n02113799_103.JPEG	7	11	57	60
n02113799_104.JPEG	50	36	63	59
n02113799_105.JPEG	22	7	43	62
n02113799_106.JPEG	3	4	63	63
n02113799_107.JPEG	23	30	60	63
n02113799_108.JPEG	0	2	63	62
n02113799_109.JPEG	0	0	63	63
n02113799_110.JPEG	0	0	61	63
n02113799_111.JPEG	0	4	61	53
n02113799_112.JPEG	0	0	57	63
n02113799_113.JPEG	0	1	63	63
n02113799_114.JPEG	30	18	63	63
n02113799_115.JPEG	1	31	41	63
n02113799_116.JPEG	0	25	63	41
n02113799_117.JPEG	9	0	63	63
n02113799_118.JPEG	0	0	63	63
n02113799_119.JPEG	5	0	60	63
n02113799_120.JPEG	0	1	63	63
n02113799_121.JPEG	0	1	51	49
n02113799_122.JPEG	3	0	50	63
n02113799_123.JPEG	33	28	58	63
n02113799_124.JPEG	9	11	63	63
n02113799_125.JPEG	33	25	63	63
n02113799_126.JPEG	13	13	34	33
n02113799_127.JPEG	0	0	63	63
n02113799_128.JPEG	0	2	58	63
n02113799_129.JPEG	35	16	51	52
n02113799_130.JPEG	0	0	63	63
n02113799_131.JPEG	9	0	63	63
n02113799_132.JPEG	1	0	63	63
n02113799_133.JPEG	0	17	63	48
n02113799_134.JPEG	0	1	53	63
n02113799_135.JPEG	0	6	47	63
n02113799_136.JPEG	7	25	43	55
n02113799_137.JPEG	38	8	58	38
n02113799_138.JPEG	8	9	63	63
n02113799_139.JPEG	3	0	63	63
n02113799_140.JPEG	13	3	46	62
n02113799_141.JPEG	25	6	60	60
n02113799_142.JPEG	1	0	63	63
n02113799_143.JPEG	1	14	63	60
n02113799_144.JPEG	6	7	63	57
n02113799_145.JPEG	0	9	63	55
n02113799_146.JPEG	0	7	60	60
n02113799_147.JPEG	1	4	62	63
n02113799_148.JPEG	16	29	57	63
n02113799_149.JPEG	0	11	53	63
n02113799_150.JPEG	10	0	40	36
n02113799_151.JPEG	0	7	60	60
n02113799_152.JPEG	7	0	51	63
n02113799_153.JPEG	0	11	58	63
n02113799_154.JPEG	1	0	63	56
n02113799_155.JPEG	0	0	63	63
n02113799_156.JPEG	42	10	63	61
n02113799_157.JPEG	9	6	60	63
n02113799_158.JPEG	2	3	63	56
n02113799_159.JPEG	0	2	63	63
n02113799_160.JPEG	0	8	58	63
n02113799_161.JPEG	6	0	63	63
n02113799_162.JPEG	1	0	63	63
n02113799_163.JPEG	7	0	59	55
n02113799_164.JPEG	3	0	63	63
n02113799_165.JPEG	0	3	63	62
n02113799_166.JPEG	9	4	51	43
n02113799_167.JPEG	24	26	61	63
n02113799_168.JPEG	7	1	63	63
n02113799_169.JPEG	10	4	63	63
n02113799_170.JPEG	12	21	33	58
n02113799_171.JPEG	0	1	30	49
n02113799_172.JPEG	0	8	63	62
n02113799_173.JPEG	0	2	36	63
n02113799_174.JPEG	0	0	63	63
n02113799_175.JPEG	1	1	63	63
n02113799_176.JPEG	3	0	49	63
n02113799_177.JPEG	4	10	63	63
n02113799_178.JPEG	0	25	23	41
n02113799_179.JPEG	4	26	34	46
n02113799_180.JPEG	5	0	63	63
n02113799_181.JPEG	0	2	63	62
n02113799_182.JPEG	16	3	52	63
n02113799_183.JPEG	0	1	59	63
n02113799_184.JPEG	7	11	63	56
n02113799_185.JPEG	25	15	42	61
n02113799_186.JPEG	13	0	47	63
n02113799_187.JPEG	2	0	57	63
n02113799_188.JPEG	3	10	27	53
n02113799_189.JPEG	0	1	63	63
n02113799_190.JPEG	22	16	43	48
n02113799_191.JPEG	16	22	29	61
n02113799_192.JPEG	0	9	59	56
n02113799_193.JPEG	22	25	37	47
n02113799_194.JPEG	11	31	41	60
n02113799_195.JPEG	15	5	58	57
n02113799_196.JPEG	15	14	63	61
n02113799_197.JPEG	0	6	48	63
n02113799_198.JPEG	5	4	60	62
n02113799_199.JPEG	0	7	53	63
n02113799_200.JPEG	0	3	57	63
n02113799_201.JPEG	0	9	58	57
n02113799_202.JPEG	11	11	47	63
n02113799_203.JPEG	0	1	63	63
n02113799_204.JPEG	0	12	62	63
n02113799_205.JPEG	0	2	63	63
n02113799_206.JPEG	5	24	44	59
n02113799_207.JPEG	0	3	25	59
n02113799_208.JPEG	5	0	57	63
n02113799_209.JPEG	14	5	56	63
n02113799_210.JPEG	19	7	47	63
n02113799_211.JPEG	0	27	22	59
n02113799_212.JPEG	15	0	63	62
n02113799_213.JPEG	0	1	63	63
n02113799_214.JPEG	22	5	47	45
n02113799_215.JPEG	12	23	40	60
n02113799_216.JPEG	0	17	63	63
n02113799_217.JPEG	0	9	63	48
n02113799_218.JPEG	0	3	39	63
n02113799_219.JPEG	0	2	63	63
n02113799_220.JPEG	28	32	52	63
n02113799_221.JPEG	8	10	40	41
n02113799_222.JPEG	13	0	47	63
n02113799_223.JPEG	17	0	54	63
n02113799_224.JPEG	23	0	63	63
n02113799_225.JPEG	9	13	56	62
n02113799_226.JPEG	0	18	45	62
n02113799_227.JPEG	1	4	62	63
n02113799_228.JPEG	0	5	63	62
n02113799_229.JPEG	6	7	58	62
n02113799_230.JPEG	8	3	53	60
n02113799_231.JPEG	1	8	34	63
n02113799_232.JPEG	5	8	49	59
n02113799_233.JPEG	0	8	63	49
n02113799_234.JPEG	29	14	52	63
n02113799_235.JPEG	0	19	26	62
n02113799_236.JPEG	0	0	39	63
n02113799_237.JPEG	0	0	63	63
n02113799_238.JPEG	12	2	54	63
n02113799_239.JPEG	1	0	63	63
n02113799_240.JPEG	0	3	63	63
n02113799_241.JPEG	16	30	30	55
n02113799_242.JPEG	7	0	63	63
n02113799_243.JPEG	1	0	63	63
n02113799_244.JPEG	21	7	47	62
n02113799_245.JPEG	4	13	48	42
n02113799_246.JPEG	9	0	62	63
n02113799_247.JPEG	0	6	63	62
n02113799_248.JPEG	8	2	41	62
n02113799_249.JPEG	0	2	63	56
n02113799_250.JPEG	5	3	54	63
n02113799_251.JPEG	33	15	47	30
n02113799_252.JPEG	16	6	54	63
n02113799_253.JPEG	3	0	36	55
n02113799_254.JPEG	9	0	59	63
n02113799_255.JPEG	2	0	44	42
n02113799_256.JPEG	24	15	49	39
n02113799_257.JPEG	3	1	62	62
n02113799_258.JPEG	0	0	63	63
n02113799_259.JPEG	12	1	63	63
n02113799_260.JPEG	23	25	51	63
n02113799_261.JPEG	31	7	63	47
n02113799_262.JPEG	0	1	55	47
n02113799_263.JPEG	1	2	63	63
n02113799_264.JPEG	6	11	55	63
n02113799_265.JPEG	0	0	57	63
n02113799_266.JPEG	42	30	63	61
n02113799_267.JPEG	19	4	57	47
n02113799_268.JPEG	10	45	41	63
n02113799_269.JPEG	5	14	55	58
n02113799_270.JPEG	0	4	63	63
n02113799_271.JPEG	8	1	63	63
n02113799_272.JPEG	0	1	63	63
n02113799_273.JPEG	0	0	63	63
n02113799_274.JPEG	14	12	55	58
n02113799_275.JPEG	28	7	59	63
n02113799_276.JPEG	14	0	50	62
n02113799_277.JPEG	20	4	45	63
n02113799_278.JPEG	22	25	54	63
n02113799_279.JPEG	0	24	41	63
n02113799_280.JPEG	5	0	63	63
n02113799_281.JPEG	16	30	30	61
n02113799_282.JPEG	9	0	59	63
n02113799_283.JPEG	6	3	46	60
n02113799_284.JPEG	1	0	56	63
n02113799_285.JPEG	17	15	63	63
n02113799_286.JPEG	0	0	63	63
n02113799_287.JPEG	30	0	50	44
n02113799_288.JPEG	5	2	63	63
n02113799_289.JPEG	0	3	59	63
n02113799_290.JPEG	2	11	51	63
n02113799_291.JPEG	0	0	54	60
n02113799_292.JPEG	0	6	61	63
n02113799_293.JPEG	3	3	63	57
n02113799_294.JPEG	4	0	63	63
n02113799_295.JPEG	3	8	45	63
n02113799_296.JPEG	0	5	57	63
n02113799_297.JPEG	5	8	49	63
n02113799_298.JPEG	8	4	63	59
n02113799_299.JPEG	0	0	55	63
n02113799_300.JPEG	14	16	33	49
n02113799_301.JPEG	0	1	63	47
n02113799_302.JPEG	10	0	56	63
n02113799_303.JPEG	14	3	54	63
n02113799_304.JPEG	0	6	31	55
n02113799_305.JPEG	0	5	63	53
n02113799_306.JPEG	2	17	63	54
n02113799_307.JPEG	54	30	63	54
n02113799_308.JPEG	0	5	34	60
n02113799_309.JPEG	31	13	50	63
n02113799_310.JPEG	0	14	29	55
n02113799_311.JPEG	0	3	63	63
n02113799_312.JPEG	35	32	50	61
n02113799_313.JPEG	20	21	41	53
n02113799_314.JPEG	0	8	35	57
n02113799_315.JPEG	4	2	60	62
n02113799_316.JPEG	0	2	63	63
n02113799_317.JPEG	11	2	54	63
n02113799_318.JPEG	17	19	59	63
n02113799_319.JPEG	7	0	40	63
n02113799_320.JPEG	8	1	63	52
n02113799_321.JPEG	0	1	63	63
n02113799_322.JPEG	0	6	35	55
n02113799_323.JPEG	10	3	63	63
n02113799_324.JPEG	6	20	53	54
n02113799_325.JPEG	0	8	32	63
n02113799_326.JPEG	3	2	63	49
n02113799_327.JPEG	17	4	63	63
n02113799_328.JPEG	0	20	24	50
n02113799_329.JPEG	0	13	63	54
n02113799_330.JPEG	8	8	63	63
n02113799_331.JPEG	10	0	63	63
n02113799_332.JPEG	13	0	63	63
n02113799_333.JPEG	1	5	52	63
n02113799_334.JPEG	0	15	63	48
n02113799_335.JPEG	7	0	63	63
n02113799_336.JPEG	6	5	58	63
n02113799_337.JPEG	3	0	61	63
n02113799_338.JPEG	2	0	55	63
n02113799_339.JPEG	0	4	49	53
n02113799_340.JPEG	10	30	62	63
n02113799_341.JPEG	4	9	63	63
n02113799_342.JPEG	12	21	50	63
n02113799_343.JPEG	19	10	59	56
n02113799_344.JPEG	0	0	63	63
n02113799_345.JPEG	0	0	63	63
n02113799_346.JPEG	0	4	21	63
n02113799_347.JPEG	21	0	63	63
n02113799_348.JPEG	0	8	57	47
n02113799_349.JPEG	0	0	38	63
n02113799_350.JPEG	35	10	63	50
n02113799_351.JPEG	1	0	61	63
n02113799_352.JPEG	0	3	63	63
n02113799_353.JPEG	5	5	51	60
n02113799_354.JPEG	0	3	38	63
n02113799_355.JPEG	28	0	63	63
n02113799_356.JPEG	0	9	46	63
n02113799_357.JPEG	0	2	63	63
n02113799_358.JPEG	16	7	63	47
n02113799_359.JPEG	27	24	62	63
n02113799_360.JPEG	4	1	63	63
n02113799_361.JPEG	21	21	55	58
n02113799_362.JPEG	0	27	58	61
n02113799_363.JPEG	31	0	63	63
n02113799_364.JPEG	1	12	45	63
n02113799_365.JPEG	12	9	45	59
n02113799_366.JPEG	0	1	53	63
n02113799_367.JPEG	0	6	49	49
n02113799_368.JPEG	0	2	10	63
n02113799_369.JPEG	5	24	54	63
n02113799_370.JPEG	26	22	47	46
n02113799_371.JPEG	0	1	63	62
n02113799_372.JPEG	8	6	62	63
n02113799_373.JPEG	11	2	55	61
n02113799_374.JPEG	14	6	63	54
n02113799_375.JPEG	3	0	60	63
n02113799_376.JPEG	12	28	29	58
n02113799_377.JPEG	7	3	49	62
n02113799_378.JPEG	34	19	60	63
n02113799_379.JPEG	5	0	60	62
n02113799_380.JPEG	0	7	63	55
n02113799_381.JPEG	15	1	62	30
n02113799_382.JPEG	0	14	12	57
n02113799_383.JPEG	27	28	63	63
n02113799_384.JPEG	16	0	54	57
n02113799_385.JPEG	0	0	63	63
n02113799_386.JPEG	9	15	59	57
n02113799_387.JPEG	0	2	63	63
n02113799_388.JPEG	5	6	61	63
n02113799_389.JPEG	1	11	59	52
n02113799_390.JPEG	0	10	63	61
n02113799_391.JPEG	0	6	62	60
n02113799_392.JPEG	1	0	63	63
n02113799_393.JPEG	3	27	26	61
n02113799_394.JPEG	0	1	63	63
n02113799_395.JPEG	0	1	63	63
n02113799_396.JPEG	12	18	63	62
n02113799_397.JPEG	0	9	63	62
n02113799_398.JPEG	1	1	63	63
n02113799_399.JPEG	2	6	63	63
n02113799_400.JPEG	0	19	25	63
n02113799_401.JPEG	7	0	57	63
n02113799_402.JPEG	0	3	63	59
n02113799_403.JPEG	15	45	29	56
n02113799_404.JPEG	0	0	63	54
n02113799_405.JPEG	0	24	32	48
n02113799_406.JPEG	6	0	63	63
n02113799_407.JPEG	21	9	50	61
n02113799_408.JPEG	4	1	62	63
n02113799_409.JPEG	13	0	63	63
n02113799_410.JPEG	0	2	42	53
n02113799_411.JPEG	9	0	55	63
n02113799_412.JPEG	1	6	59	63
n02113799_413.JPEG	0	1	63	63
n02113799_414.JPEG	29	15	63	60
n02113799_415.JPEG	0	11	54	63
n02113799_416.JPEG	1	2	61	61
n02113799_417.JPEG	3	4	63	59
n02113799_418.JPEG	0	4	20	50
n02113799_419.JPEG	5	8	61	62
n02113799_420.JPEG	5	3	60	62
n02113799_421.JPEG	0	0	63	63
n02113799_422.JPEG	19	9	52	57
n02113799_423.JPEG	4	27	31	45
n02113799_424.JPEG	9	10	53	63
n02113799_425.JPEG	14	22	63	63
n02113799_426.JPEG	17	3	52	63
n02113799_427.JPEG	0	1	63	63
n02113799_428.JPEG	0	1	33	63
n02113799_429.JPEG	0	5	63	63
n02113799_430.JPEG	0	11	47	63
n02113799_431.JPEG	0	4	63	61
n02113799_432.JPEG	23	0	57	63
n02113799_433.JPEG	0	6	57	63
n02113799_434.JPEG	13	12	63	63
n02113799_435.JPEG	1	0	63	63
n02113799_436.JPEG	23	31	53	53
n02113799_437.JPEG	9	0	52	63
n02113799_438.JPEG	0	1	54	57
n02113799_439.JPEG	1	18	63	63
n02113799_440.JPEG	14	0	59	63
n02113799_441.JPEG	3	5	47	63
n02113799_442.JPEG	25	19	63	63
n02113799_443.JPEG	9	5	36	58
n02113799_444.JPEG	0	1	63	63
n02113799_445.JPEG	0	12	54	60
n02113799_446.JPEG	0	0	63	63
n02113799_447.JPEG	10	20	63	63
n02113799_448.JPEG	1	7	14	20
n02113799_449.JPEG	0	15	42	62
n02113799_450.JPEG	2	1	46	63
n02113799_451.JPEG	2	1	55	52
n02113799_452.JPEG	18	2	46	63
n02113799_453.JPEG	7	7	60	63
n02113799_454.JPEG	0	1	63	63
n02113799_455.JPEG	12	4	63	63
n02113799_456.JPEG	13	3	54	58
n02113799_457.JPEG	2	9	39	63
n02113799_458.JPEG	0	0	63	63
n02113799_459.JPEG	14	11	49	52
n02113799_460.JPEG	8	0	58	63
n02113799_461.JPEG	27	25	43	44
n02113799_462.JPEG	22	26	41	41
n02113799_463.JPEG	0	0	59	63
n02113799_464.JPEG	0	23	56	63
n02113799_465.JPEG	0	7	63	63
n02113799_466.JPEG	19	23	46	63
n02113799_467.JPEG	1	0	63	63
n02113799_468.JPEG	13	0	63	63
n02113799_469.JPEG	0	1	38	58
n02113799_470.JPEG	13	3	52	57
n02113799_471.JPEG	0	6	63	63
n02113799_472.JPEG	0	11	37	63
n02113799_473.JPEG	12	4	45	53
n02113799_474.JPEG	10	5	63	61
n02113799_475.JPEG	0	7	18	63
n02113799_476.JPEG	22	2	53	63
n02113799_477.JPEG	7	1	63	63
n02113799_478.JPEG	14	0	45	63
n02113799_479.JPEG	0	5	63	57
n02113799_480.JPEG	0	5	63	63
n02113799_481.JPEG	7	0	58	63
n02113799_482.JPEG	0	5	30	63
n02113799_483.JPEG	1	0	63	63
n02113799_484.JPEG	12	3	51	56
n02113799_485.JPEG	14	1	59	63
n02113799_486.JPEG	0	3	57	54
n02113799_487.JPEG	9	22	46	57
n02113799_488.JPEG	29	22	63	61
n02113799_489.JPEG	1	0	63	63
n02113799_490.JPEG	15	31	32	55
n02113799_491.JPEG	13	0	56	63
n02113799_492.JPEG	12	0	30	39
n02113799_493.JPEG	7	20	49	45
n02113799_494.JPEG	30	26	45	62
n02113799_495.JPEG	0	9	28	33
n02113799_496.JPEG	12	0	54	63
n02113799_497.JPEG	20	10	48	63
n02113799_498.JPEG	19	17	60	55
n02113799_499.JPEG	10	0	48	63
