n02977058_0.JPEG	10	0	39	63
n02977058_1.JPEG	1	0	63	63
n02977058_2.JPEG	7	0	49	63
n02977058_3.JPEG	30	0	58	63
n02977058_4.JPEG	19	0	48	63
n02977058_5.JPEG	40	14	60	44
n02977058_6.JPEG	31	0	55	37
n02977058_7.JPEG	47	7	57	45
n02977058_8.JPEG	0	19	16	35
n02977058_9.JPEG	13	0	63	55
n02977058_10.JPEG	0	0	63	63
n02977058_11.JPEG	8	6	38	63
n02977058_12.JPEG	18	32	49	63
n02977058_13.JPEG	2	0	32	63
n02977058_14.JPEG	2	0	28	28
n02977058_15.JPEG	7	1	53	63
n02977058_16.JPEG	4	20	13	38
n02977058_17.JPEG	0	0	63	63
n02977058_18.JPEG	33	36	42	63
n02977058_19.JPEG	21	0	63	63
n02977058_20.JPEG	0	0	61	63
n02977058_21.JPEG	0	0	63	63
n02977058_22.JPEG	0	17	49	63
n02977058_23.JPEG	0	4	63	61
n02977058_24.JPEG	0	0	57	63
n02977058_25.JPEG	5	10	27	63
n02977058_26.JPEG	0	1	63	63
n02977058_27.JPEG	8	0	60	63
n02977058_28.JPEG	0	0	63	63
n02977058_29.JPEG	0	0	63	63
n02977058_30.JPEG	1	0	63	63
n02977058_31.JPEG	5	6	50	53
n02977058_32.JPEG	0	0	63	63
n02977058_33.JPEG	25	25	33	38
n02977058_34.JPEG	12	24	53	63
n02977058_35.JPEG	1	0	63	63
n02977058_36.JPEG	1	0	63	63
n02977058_37.JPEG	27	29	55	63
n02977058_38.JPEG	39	18	49	31
n02977058_39.JPEG	3	12	59	63
n02977058_40.JPEG	0	13	41	57
n02977058_41.JPEG	0	5	31	63
n02977058_42.JPEG	0	1	63	63
n02977058_43.JPEG	1	2	48	63
n02977058_44.JPEG	0	25	44	63
n02977058_45.JPEG	4	0	61	63
n02977058_46.JPEG	4	0	58	55
n02977058_47.JPEG	1	7	32	63
n02977058_48.JPEG	0	17	63	63
n02977058_49.JPEG	2	33	49	63
n02977058_50.JPEG	0	0	59	63
n02977058_51.JPEG	0	0	63	63
n02977058_52.JPEG	47	35	61	63
n02977058_53.JPEG	0	0	63	63
n02977058_54.JPEG	14	14	43	47
n02977058_55.JPEG	15	9	51	58
n02977058_56.JPEG	7	17	51	57
n02977058_57.JPEG	0	8	54	62
n02977058_58.JPEG	17	2	51	62
n02977058_59.JPEG	5	0	63	63
n02977058_60.JPEG	2	0	63	63
n02977058_61.JPEG	48	1	63	63
n02977058_62.JPEG	4	9	30	63
n02977058_63.JPEG	0	5	63	63
n02977058_64.JPEG	1	0	63	63
n02977058_65.JPEG	24	10	48	63
n02977058_66.JPEG	50	40	63	63
n02977058_67.JPEG	0	0	36	63
n02977058_68.JPEG	20	24	63	55
n02977058_69.JPEG	0	0	63	63
n02977058_70.JPEG	33	7	63	61
n02977058_71.JPEG	53	20	63	41
n02977058_72.JPEG	8	0	52	63
n02977058_73.JPEG	0	0	63	63
n02977058_74.JPEG	41	4	55	55
n02977058_75.JPEG	0	0	63	63
n02977058_76.JPEG	0	1	63	63
n02977058_77.JPEG	14	0	48	63
n02977058_78.JPEG	0	0	63	63
n02977058_79.JPEG	0	14	24	63
n02977058_80.JPEG	0	1	63	63
n02977058_81.JPEG	1	0	63	63
n02977058_82.JPEG	0	5	63	63
n02977058_83.JPEG	47	36	53	54
n02977058_84.JPEG	13	2	49	63
n02977058_85.JPEG	23	3	46	63
n02977058_86.JPEG	0	1	63	63
n02977058_87.JPEG	0	0	49	63
n02977058_88.JPEG	0	14	27	63
n02977058_89.JPEG	14	15	63	63
n02977058_90.JPEG	0	10	47	51
n02977058_91.JPEG	11	3	50	63
n02977058_92.JPEG	11	13	32	42
n02977058_93.JPEG	6	2	63	63
n02977058_94.JPEG	14	0	46	61
n02977058_95.JPEG	4	0	63	63
n02977058_96.JPEG	9	9	56	43
n02977058_97.JPEG	30	1	63	63
n02977058_98.JPEG	14	14	48	52
n02977058_99.JPEG	13	4	32	39
n02977058_100.JPEG	28	0	59	57
n02977058_101.JPEG	0	1	63	63
n02977058_102.JPEG	19	36	26	46
n02977058_103.JPEG	31	2	50	57
n02977058_104.JPEG	32	21	48	43
n02977058_105.JPEG	0	0	63	63
n02977058_106.JPEG	6	0	58	63
n02977058_107.JPEG	24	0	52	63
n02977058_108.JPEG	25	14	63	63
n02977058_109.JPEG	0	2	44	63
n02977058_110.JPEG	18	29	53	63
n02977058_111.JPEG	41	18	58	46
n02977058_112.JPEG	3	0	61	63
n02977058_113.JPEG	53	17	63	55
n02977058_114.JPEG	49	19	63	51
n02977058_115.JPEG	9	0	58	63
n02977058_116.JPEG	3	0	60	63
n02977058_117.JPEG	0	0	63	61
n02977058_118.JPEG	15	0	52	63
n02977058_119.JPEG	0	22	24	63
n02977058_120.JPEG	0	0	63	63
n02977058_121.JPEG	0	0	63	63
n02977058_122.JPEG	0	1	41	63
n02977058_123.JPEG	28	24	42	47
n02977058_124.JPEG	0	0	63	63
n02977058_125.JPEG	23	15	45	60
n02977058_126.JPEG	40	0	61	63
n02977058_127.JPEG	3	0	62	63
n02977058_128.JPEG	0	1	34	63
n02977058_129.JPEG	9	0	57	63
n02977058_130.JPEG	0	0	63	63
n02977058_131.JPEG	1	1	63	63
n02977058_132.JPEG	0	0	63	63
n02977058_133.JPEG	1	0	63	63
n02977058_134.JPEG	0	1	29	53
n02977058_135.JPEG	20	2	47	31
n02977058_136.JPEG	0	0	63	63
n02977058_137.JPEG	0	0	63	63
n02977058_138.JPEG	1	0	63	63
n02977058_139.JPEG	10	17	43	63
n02977058_140.JPEG	0	0	63	63
n02977058_141.JPEG	7	0	61	63
n02977058_142.JPEG	2	2	19	46
n02977058_143.JPEG	0	0	48	63
n02977058_144.JPEG	20	32	46	63
n02977058_145.JPEG	14	14	41	33
n02977058_146.JPEG	20	26	38	56
n02977058_147.JPEG	0	4	63	63
n02977058_148.JPEG	6	0	53	63
n02977058_149.JPEG	24	0	48	63
n02977058_150.JPEG	9	29	21	57
n02977058_151.JPEG	13	0	51	63
n02977058_152.JPEG	32	0	63	63
n02977058_153.JPEG	44	20	63	59
n02977058_154.JPEG	0	0	63	63
n02977058_155.JPEG	1	0	63	63
n02977058_156.JPEG	0	0	46	63
n02977058_157.JPEG	23	8	35	47
n02977058_158.JPEG	34	1	63	36
n02977058_159.JPEG	3	0	35	63
n02977058_160.JPEG	54	8	63	30
n02977058_161.JPEG	0	1	63	63
n02977058_162.JPEG	12	7	63	63
n02977058_163.JPEG	7	13	61	54
n02977058_164.JPEG	31	15	62	59
n02977058_165.JPEG	0	1	45	63
n02977058_166.JPEG	0	15	21	63
n02977058_167.JPEG	18	0	31	15
n02977058_168.JPEG	0	0	63	63
n02977058_169.JPEG	9	0	55	63
n02977058_170.JPEG	0	1	63	63
n02977058_171.JPEG	39	8	52	36
n02977058_172.JPEG	36	27	43	35
n02977058_173.JPEG	15	14	50	58
n02977058_174.JPEG	20	21	36	52
n02977058_175.JPEG	12	23	44	57
n02977058_176.JPEG	0	0	63	61
n02977058_177.JPEG	0	6	30	63
n02977058_178.JPEG	11	2	47	63
n02977058_179.JPEG	4	19	29	63
n02977058_180.JPEG	1	0	63	63
n02977058_181.JPEG	31	16	63	63
n02977058_182.JPEG	1	0	63	63
n02977058_183.JPEG	4	0	63	63
n02977058_184.JPEG	21	8	60	63
n02977058_185.JPEG	23	27	30	39
n02977058_186.JPEG	0	0	18	63
n02977058_187.JPEG	31	23	63	63
n02977058_188.JPEG	43	0	59	34
n02977058_189.JPEG	13	0	63	63
n02977058_190.JPEG	0	10	38	39
n02977058_191.JPEG	12	11	33	38
n02977058_192.JPEG	14	0	52	63
n02977058_193.JPEG	0	4	34	61
n02977058_194.JPEG	17	36	25	46
n02977058_195.JPEG	5	3	63	63
n02977058_196.JPEG	0	0	63	63
n02977058_197.JPEG	1	1	63	63
n02977058_198.JPEG	0	0	63	63
n02977058_199.JPEG	11	4	55	63
n02977058_200.JPEG	11	0	51	55
n02977058_201.JPEG	18	10	32	32
n02977058_202.JPEG	1	0	63	63
n02977058_203.JPEG	15	10	42	39
n02977058_204.JPEG	41	14	62	57
n02977058_205.JPEG	32	16	43	39
n02977058_206.JPEG	9	8	42	63
n02977058_207.JPEG	0	5	60	63
n02977058_208.JPEG	9	17	22	38
n02977058_209.JPEG	26	2	63	57
n02977058_210.JPEG	0	1	63	63
n02977058_211.JPEG	6	5	60	63
n02977058_212.JPEG	3	14	63	63
n02977058_213.JPEG	38	23	63	63
n02977058_214.JPEG	0	1	63	63
n02977058_215.JPEG	41	0	63	41
n02977058_216.JPEG	0	0	63	63
n02977058_217.JPEG	18	11	47	59
n02977058_218.JPEG	2	0	30	63
n02977058_219.JPEG	18	24	63	63
n02977058_220.JPEG	5	0	60	61
n02977058_221.JPEG	0	18	63	40
n02977058_222.JPEG	1	15	5	24
n02977058_223.JPEG	38	13	60	60
n02977058_224.JPEG	0	1	41	63
n02977058_225.JPEG	27	29	42	58
n02977058_226.JPEG	0	0	63	63
n02977058_227.JPEG	0	0	63	63
n02977058_228.JPEG	0	0	63	63
n02977058_229.JPEG	19	22	51	63
n02977058_230.JPEG	0	2	63	63
n02977058_231.JPEG	0	2	63	63
n02977058_232.JPEG	22	31	39	58
n02977058_233.JPEG	29	0	46	63
n02977058_234.JPEG	0	0	63	63
n02977058_235.JPEG	0	1	63	63
n02977058_236.JPEG	0	0	63	63
n02977058_237.JPEG	14	11	42	34
n02977058_238.JPEG	18	31	37	62
n02977058_239.JPEG	20	0	63	63
n02977058_240.JPEG	6	0	59	62
n02977058_241.JPEG	0	1	61	42
n02977058_242.JPEG	30	40	37	51
n02977058_243.JPEG	0	0	63	63
n02977058_244.JPEG	44	16	63	63
n02977058_245.JPEG	11	0	42	63
n02977058_246.JPEG	0	1	63	63
n02977058_247.JPEG	26	19	54	63
n02977058_248.JPEG	15	9	46	57
n02977058_249.JPEG	0	1	63	63
n02977058_250.JPEG	0	3	63	63
n02977058_251.JPEG	21	0	45	63
n02977058_252.JPEG	16	0	63	63
n02977058_253.JPEG	7	0	63	61
n02977058_254.JPEG	0	0	63	63
n02977058_255.JPEG	0	9	63	63
n02977058_256.JPEG	15	1	54	63
n02977058_257.JPEG	1	0	63	63
n02977058_258.JPEG	0	1	63	63
n02977058_259.JPEG	18	0	58	63
n02977058_260.JPEG	14	14	45	53
n02977058_261.JPEG	19	0	50	39
n02977058_262.JPEG	9	5	31	63
n02977058_263.JPEG	7	35	25	63
n02977058_264.JPEG	0	7	63	62
n02977058_265.JPEG	14	10	56	55
n02977058_266.JPEG	25	11	37	27
n02977058_267.JPEG	35	18	52	63
n02977058_268.JPEG	0	1	60	63
n02977058_269.JPEG	17	22	31	54
n02977058_270.JPEG	0	0	63	63
n02977058_271.JPEG	26	3	62	63
n02977058_272.JPEG	6	6	57	56
n02977058_273.JPEG	0	0	63	63
n02977058_274.JPEG	16	0	51	63
n02977058_275.JPEG	29	31	41	55
n02977058_276.JPEG	0	0	63	63
n02977058_277.JPEG	0	1	63	60
n02977058_278.JPEG	0	0	63	63
n02977058_279.JPEG	1	2	58	63
n02977058_280.JPEG	7	0	57	63
n02977058_281.JPEG	23	0	47	63
n02977058_282.JPEG	0	8	63	61
n02977058_283.JPEG	0	0	63	63
n02977058_284.JPEG	4	11	61	63
n02977058_285.JPEG	0	0	63	63
n02977058_286.JPEG	6	0	59	63
n02977058_287.JPEG	0	1	63	63
n02977058_288.JPEG	11	2	54	63
n02977058_289.JPEG	0	0	63	63
n02977058_290.JPEG	63	3	63	43
n02977058_291.JPEG	11	0	59	63
n02977058_292.JPEG	19	47	45	63
n02977058_293.JPEG	0	1	63	63
n02977058_294.JPEG	0	1	21	63
n02977058_295.JPEG	0	1	63	61
n02977058_296.JPEG	3	0	63	63
n02977058_297.JPEG	0	1	63	63
n02977058_298.JPEG	7	0	30	38
n02977058_299.JPEG	0	8	35	63
n02977058_300.JPEG	21	1	42	63
n02977058_301.JPEG	25	21	44	43
n02977058_302.JPEG	26	1	63	63
n02977058_303.JPEG	29	24	51	63
n02977058_304.JPEG	23	18	63	63
n02977058_305.JPEG	60	26	63	36
n02977058_306.JPEG	17	28	48	63
n02977058_307.JPEG	9	2	53	63
n02977058_308.JPEG	4	0	63	63
n02977058_309.JPEG	0	0	62	63
n02977058_310.JPEG	37	29	56	63
n02977058_311.JPEG	19	0	45	63
n02977058_312.JPEG	0	8	63	63
n02977058_313.JPEG	36	31	51	50
n02977058_314.JPEG	22	6	39	54
n02977058_315.JPEG	19	33	41	54
n02977058_316.JPEG	6	33	63	63
n02977058_317.JPEG	20	0	42	16
n02977058_318.JPEG	0	1	63	63
n02977058_319.JPEG	57	15	63	52
n02977058_320.JPEG	0	33	18	63
n02977058_321.JPEG	0	0	63	63
n02977058_322.JPEG	8	0	43	63
n02977058_323.JPEG	0	6	62	63
n02977058_324.JPEG	16	0	62	63
n02977058_325.JPEG	13	0	42	63
n02977058_326.JPEG	0	0	63	62
n02977058_327.JPEG	0	1	50	63
n02977058_328.JPEG	0	0	63	63
n02977058_329.JPEG	0	1	63	63
n02977058_330.JPEG	5	0	61	63
n02977058_331.JPEG	7	4	57	61
n02977058_332.JPEG	7	7	27	63
n02977058_333.JPEG	15	0	63	63
n02977058_334.JPEG	0	0	63	63
n02977058_335.JPEG	0	1	63	63
n02977058_336.JPEG	1	0	63	63
n02977058_337.JPEG	0	1	63	63
n02977058_338.JPEG	50	7	63	63
n02977058_339.JPEG	0	0	63	63
n02977058_340.JPEG	0	24	18	43
n02977058_341.JPEG	0	8	63	60
n02977058_342.JPEG	21	1	42	62
n02977058_343.JPEG	3	0	49	63
n02977058_344.JPEG	13	0	58	63
n02977058_345.JPEG	50	34	63	60
n02977058_346.JPEG	4	2	63	58
n02977058_347.JPEG	0	5	0	54
n02977058_348.JPEG	15	0	51	63
n02977058_349.JPEG	0	24	32	63
n02977058_350.JPEG	0	0	63	63
n02977058_351.JPEG	14	7	48	63
n02977058_352.JPEG	22	16	42	46
n02977058_353.JPEG	6	19	63	63
n02977058_354.JPEG	0	17	13	54
n02977058_355.JPEG	24	28	38	40
n02977058_356.JPEG	35	0	61	53
n02977058_357.JPEG	27	31	40	53
n02977058_358.JPEG	18	6	47	63
n02977058_359.JPEG	0	0	63	58
n02977058_360.JPEG	0	2	63	63
n02977058_361.JPEG	25	15	57	63
n02977058_362.JPEG	0	1	63	63
n02977058_363.JPEG	43	12	60	54
n02977058_364.JPEG	8	5	59	53
n02977058_365.JPEG	5	3	52	49
n02977058_366.JPEG	5	0	56	63
n02977058_367.JPEG	5	2	31	31
n02977058_368.JPEG	31	16	54	63
n02977058_369.JPEG	0	1	63	63
n02977058_370.JPEG	0	0	63	63
n02977058_371.JPEG	0	0	63	63
n02977058_372.JPEG	0	1	63	63
n02977058_373.JPEG	22	3	51	48
n02977058_374.JPEG	0	1	63	60
n02977058_375.JPEG	0	0	29	63
n02977058_376.JPEG	1	20	63	63
n02977058_377.JPEG	0	5	63	57
n02977058_378.JPEG	5	16	54	63
n02977058_379.JPEG	6	0	60	63
n02977058_380.JPEG	26	35	37	51
n02977058_381.JPEG	2	0	61	63
n02977058_382.JPEG	0	8	57	63
n02977058_383.JPEG	16	21	24	45
n02977058_384.JPEG	0	0	33	55
n02977058_385.JPEG	0	0	32	63
n02977058_386.JPEG	0	1	63	63
n02977058_387.JPEG	18	8	46	63
n02977058_388.JPEG	32	29	55	63
n02977058_389.JPEG	0	8	7	63
n02977058_390.JPEG	27	28	50	54
n02977058_391.JPEG	40	24	46	38
n02977058_392.JPEG	7	12	59	63
n02977058_393.JPEG	0	0	38	63
n02977058_394.JPEG	7	29	62	63
n02977058_395.JPEG	9	34	60	63
n02977058_396.JPEG	46	23	59	59
n02977058_397.JPEG	31	12	63	63
n02977058_398.JPEG	0	1	63	63
n02977058_399.JPEG	19	14	43	40
n02977058_400.JPEG	54	21	63	36
n02977058_401.JPEG	5	0	45	63
n02977058_402.JPEG	0	0	63	63
n02977058_403.JPEG	30	8	55	51
n02977058_404.JPEG	10	0	55	63
n02977058_405.JPEG	0	0	63	63
n02977058_406.JPEG	19	17	44	63
n02977058_407.JPEG	14	3	54	63
n02977058_408.JPEG	18	7	63	63
n02977058_409.JPEG	10	21	45	61
n02977058_410.JPEG	0	1	63	63
n02977058_411.JPEG	6	23	25	41
n02977058_412.JPEG	17	0	46	63
n02977058_413.JPEG	14	0	47	63
n02977058_414.JPEG	0	4	63	63
n02977058_415.JPEG	18	0	63	63
n02977058_416.JPEG	0	0	63	63
n02977058_417.JPEG	27	5	63	63
n02977058_418.JPEG	15	0	46	63
n02977058_419.JPEG	0	0	63	63
n02977058_420.JPEG	0	0	63	63
n02977058_421.JPEG	15	4	57	63
n02977058_422.JPEG	4	0	61	63
n02977058_423.JPEG	0	2	63	63
n02977058_424.JPEG	0	0	63	63
n02977058_425.JPEG	15	2	48	55
n02977058_426.JPEG	18	0	55	59
n02977058_427.JPEG	0	1	56	63
n02977058_428.JPEG	2	0	46	51
n02977058_429.JPEG	0	0	63	63
n02977058_430.JPEG	5	0	52	48
n02977058_431.JPEG	0	28	34	63
n02977058_432.JPEG	0	1	63	63
n02977058_433.JPEG	11	17	51	63
n02977058_434.JPEG	0	13	38	63
n02977058_435.JPEG	0	0	63	63
n02977058_436.JPEG	24	22	45	52
n02977058_437.JPEG	0	0	63	63
n02977058_438.JPEG	11	0	57	56
n02977058_439.JPEG	0	1	63	63
n02977058_440.JPEG	0	1	63	63
n02977058_441.JPEG	0	1	63	63
n02977058_442.JPEG	17	1	42	63
n02977058_443.JPEG	2	0	63	63
n02977058_444.JPEG	1	0	63	63
n02977058_445.JPEG	0	16	17	34
n02977058_446.JPEG	32	21	48	58
n02977058_447.JPEG	38	23	63	63
n02977058_448.JPEG	9	4	52	63
n02977058_449.JPEG	0	0	63	63
n02977058_450.JPEG	0	0	63	63
n02977058_451.JPEG	0	1	63	63
n02977058_452.JPEG	0	0	63	63
n02977058_453.JPEG	0	0	63	63
n02977058_454.JPEG	0	5	63	63
n02977058_455.JPEG	0	19	19	41
n02977058_456.JPEG	20	17	40	55
n02977058_457.JPEG	12	0	53	63
n02977058_458.JPEG	0	1	63	63
n02977058_459.JPEG	1	0	63	63
n02977058_460.JPEG	48	0	63	63
n02977058_461.JPEG	23	0	63	63
n02977058_462.JPEG	0	0	63	63
n02977058_463.JPEG	20	35	49	63
n02977058_464.JPEG	16	3	48	63
n02977058_465.JPEG	0	2	63	63
n02977058_466.JPEG	21	18	63	63
n02977058_467.JPEG	0	0	63	63
n02977058_468.JPEG	0	5	24	63
n02977058_469.JPEG	0	22	15	63
n02977058_470.JPEG	6	0	63	63
n02977058_471.JPEG	0	0	63	63
n02977058_472.JPEG	10	20	38	55
n02977058_473.JPEG	0	4	63	49
n02977058_474.JPEG	4	14	63	63
n02977058_475.JPEG	60	38	63	63
n02977058_476.JPEG	0	15	44	60
n02977058_477.JPEG	0	10	22	63
n02977058_478.JPEG	0	0	63	63
n02977058_479.JPEG	25	15	45	48
n02977058_480.JPEG	12	0	52	63
n02977058_481.JPEG	1	0	63	63
n02977058_482.JPEG	11	14	27	35
n02977058_483.JPEG	13	26	44	61
n02977058_484.JPEG	0	13	31	63
n02977058_485.JPEG	17	24	34	53
n02977058_486.JPEG	0	2	63	63
n02977058_487.JPEG	12	0	58	63
n02977058_488.JPEG	0	0	63	63
n02977058_489.JPEG	22	11	49	39
n02977058_490.JPEG	1	0	63	63
n02977058_491.JPEG	0	0	63	63
n02977058_492.JPEG	38	10	49	46
n02977058_493.JPEG	16	15	31	53
n02977058_494.JPEG	35	0	63	41
n02977058_495.JPEG	11	0	58	63
n02977058_496.JPEG	0	12	62	63
n02977058_497.JPEG	8	0	60	63
n02977058_498.JPEG	0	1	63	63
n02977058_499.JPEG	0	0	63	63
