n03992509_0.JPEG	0	30	63	63
n03992509_1.JPEG	14	19	36	32
n03992509_2.JPEG	0	41	59	63
n03992509_3.JPEG	8	14	57	39
n03992509_4.JPEG	0	38	63	63
n03992509_5.JPEG	7	1	63	58
n03992509_6.JPEG	0	41	63	63
n03992509_7.JPEG	35	31	63	63
n03992509_8.JPEG	6	25	63	63
n03992509_9.JPEG	0	22	39	61
n03992509_10.JPEG	2	5	37	20
n03992509_11.JPEG	16	46	56	63
n03992509_12.JPEG	0	26	63	63
n03992509_13.JPEG	1	37	63	63
n03992509_14.JPEG	18	42	49	59
n03992509_15.JPEG	0	23	63	63
n03992509_16.JPEG	31	41	45	49
n03992509_17.JPEG	34	42	52	47
n03992509_18.JPEG	0	35	63	63
n03992509_19.JPEG	28	27	43	36
n03992509_20.JPEG	9	35	42	52
n03992509_21.JPEG	0	12	63	63
n03992509_22.JPEG	0	17	63	63
n03992509_23.JPEG	0	45	63	63
n03992509_24.JPEG	1	38	52	63
n03992509_25.JPEG	0	8	63	58
n03992509_26.JPEG	9	5	40	12
n03992509_27.JPEG	4	7	63	63
n03992509_28.JPEG	24	23	55	41
n03992509_29.JPEG	1	30	63	63
n03992509_30.JPEG	4	27	63	63
n03992509_31.JPEG	0	29	63	63
n03992509_32.JPEG	5	20	63	63
n03992509_33.JPEG	23	9	62	63
n03992509_34.JPEG	2	55	25	58
n03992509_35.JPEG	4	0	11	0
n03992509_36.JPEG	47	47	60	58
n03992509_37.JPEG	0	18	63	63
n03992509_38.JPEG	0	47	62	59
n03992509_39.JPEG	19	53	53	63
n03992509_40.JPEG	1	14	30	63
n03992509_41.JPEG	0	5	63	63
n03992509_42.JPEG	19	11	43	21
n03992509_43.JPEG	9	50	38	63
n03992509_44.JPEG	24	32	49	49
n03992509_45.JPEG	12	59	53	63
n03992509_46.JPEG	3	21	52	63
n03992509_47.JPEG	0	18	50	52
n03992509_48.JPEG	12	29	46	53
n03992509_49.JPEG	21	49	32	59
n03992509_50.JPEG	0	25	63	63
n03992509_51.JPEG	28	47	46	53
n03992509_52.JPEG	7	25	54	63
n03992509_53.JPEG	15	28	51	50
n03992509_54.JPEG	0	14	63	63
n03992509_55.JPEG	22	46	44	59
n03992509_56.JPEG	23	43	62	63
n03992509_57.JPEG	0	34	62	62
n03992509_58.JPEG	20	37	37	46
n03992509_59.JPEG	48	25	63	51
n03992509_60.JPEG	0	13	63	63
n03992509_61.JPEG	0	23	63	50
n03992509_62.JPEG	1	39	42	63
n03992509_63.JPEG	18	45	39	55
n03992509_64.JPEG	2	28	63	59
n03992509_65.JPEG	13	34	29	42
n03992509_66.JPEG	1	43	63	63
n03992509_67.JPEG	2	17	63	63
n03992509_68.JPEG	26	50	44	63
n03992509_69.JPEG	0	0	63	63
n03992509_70.JPEG	14	49	53	59
n03992509_71.JPEG	17	34	41	46
n03992509_72.JPEG	23	38	49	56
n03992509_73.JPEG	6	28	62	58
n03992509_74.JPEG	12	25	45	63
n03992509_75.JPEG	50	29	63	39
n03992509_76.JPEG	13	45	39	55
n03992509_77.JPEG	7	0	57	62
n03992509_78.JPEG	3	26	63	63
n03992509_79.JPEG	25	61	48	63
n03992509_80.JPEG	0	42	63	62
n03992509_81.JPEG	8	40	63	63
n03992509_82.JPEG	18	48	37	55
n03992509_83.JPEG	15	40	52	61
n03992509_84.JPEG	0	38	63	63
n03992509_85.JPEG	0	1	63	63
n03992509_86.JPEG	27	46	44	59
n03992509_87.JPEG	5	15	54	55
n03992509_88.JPEG	23	39	52	59
n03992509_89.JPEG	2	28	27	49
n03992509_90.JPEG	11	6	37	13
n03992509_91.JPEG	8	11	57	52
n03992509_92.JPEG	22	48	54	63
n03992509_93.JPEG	27	46	49	59
n03992509_94.JPEG	0	0	63	63
n03992509_95.JPEG	0	27	63	63
n03992509_96.JPEG	0	7	63	63
n03992509_97.JPEG	12	8	40	21
n03992509_98.JPEG	13	40	56	52
n03992509_99.JPEG	0	30	63	63
n03992509_100.JPEG	24	30	34	40
n03992509_101.JPEG	0	3	63	62
n03992509_102.JPEG	0	41	63	63
n03992509_103.JPEG	23	37	39	46
n03992509_104.JPEG	9	41	53	63
n03992509_105.JPEG	16	33	36	52
n03992509_106.JPEG	0	30	63	63
n03992509_107.JPEG	1	6	63	63
n03992509_108.JPEG	0	50	63	63
n03992509_109.JPEG	2	61	58	63
n03992509_110.JPEG	14	1	56	41
n03992509_111.JPEG	0	3	63	63
n03992509_112.JPEG	0	9	55	57
n03992509_113.JPEG	27	41	51	53
n03992509_114.JPEG	24	32	40	40
n03992509_115.JPEG	0	0	63	63
n03992509_116.JPEG	7	5	39	16
n03992509_117.JPEG	11	36	48	56
n03992509_118.JPEG	47	42	63	54
n03992509_119.JPEG	9	46	44	63
n03992509_120.JPEG	27	42	55	57
n03992509_121.JPEG	0	33	63	63
n03992509_122.JPEG	6	44	34	53
n03992509_123.JPEG	18	33	34	42
n03992509_124.JPEG	11	54	24	62
n03992509_125.JPEG	26	30	41	35
n03992509_126.JPEG	6	9	63	63
n03992509_127.JPEG	24	52	41	63
n03992509_128.JPEG	26	45	48	50
n03992509_129.JPEG	1	39	16	47
n03992509_130.JPEG	25	52	63	63
n03992509_131.JPEG	12	46	63	63
n03992509_132.JPEG	12	38	42	52
n03992509_133.JPEG	0	27	63	63
n03992509_134.JPEG	1	50	62	63
n03992509_135.JPEG	30	42	55	63
n03992509_136.JPEG	0	20	63	63
n03992509_137.JPEG	13	18	45	63
n03992509_138.JPEG	7	63	48	63
n03992509_139.JPEG	2	18	59	63
n03992509_140.JPEG	12	14	34	31
n03992509_141.JPEG	25	41	45	55
n03992509_142.JPEG	0	9	63	63
n03992509_143.JPEG	12	31	35	46
n03992509_144.JPEG	13	33	56	60
n03992509_145.JPEG	29	63	58	63
n03992509_146.JPEG	23	21	31	36
n03992509_147.JPEG	22	32	41	40
n03992509_148.JPEG	1	30	63	63
n03992509_149.JPEG	2	2	63	61
n03992509_150.JPEG	0	22	63	63
n03992509_151.JPEG	12	13	37	30
n03992509_152.JPEG	33	41	58	54
n03992509_153.JPEG	24	23	63	50
n03992509_154.JPEG	0	11	63	63
n03992509_155.JPEG	0	12	63	63
n03992509_156.JPEG	0	21	54	63
n03992509_157.JPEG	0	1	63	63
n03992509_158.JPEG	29	35	47	55
n03992509_159.JPEG	1	26	63	63
n03992509_160.JPEG	31	11	63	63
n03992509_161.JPEG	0	15	63	56
n03992509_162.JPEG	15	39	46	54
n03992509_163.JPEG	13	30	42	42
n03992509_164.JPEG	12	28	59	52
n03992509_165.JPEG	31	43	61	63
n03992509_166.JPEG	13	46	57	63
n03992509_167.JPEG	13	38	33	51
n03992509_168.JPEG	30	36	63	63
n03992509_169.JPEG	22	8	40	16
n03992509_170.JPEG	20	24	51	55
n03992509_171.JPEG	21	46	50	62
n03992509_172.JPEG	0	9	63	63
n03992509_173.JPEG	15	54	48	63
n03992509_174.JPEG	17	49	49	61
n03992509_175.JPEG	19	20	63	63
n03992509_176.JPEG	12	52	40	61
n03992509_177.JPEG	19	6	56	19
n03992509_178.JPEG	16	45	38	58
n03992509_179.JPEG	0	31	63	63
n03992509_180.JPEG	2	0	61	63
n03992509_181.JPEG	7	34	63	63
n03992509_182.JPEG	15	62	58	63
n03992509_183.JPEG	23	25	43	33
n03992509_184.JPEG	0	17	63	61
n03992509_185.JPEG	14	32	38	63
n03992509_186.JPEG	0	11	63	63
n03992509_187.JPEG	17	33	36	51
n03992509_188.JPEG	31	31	59	46
n03992509_189.JPEG	12	21	40	43
n03992509_190.JPEG	10	60	53	63
n03992509_191.JPEG	5	0	60	63
n03992509_192.JPEG	25	56	42	61
n03992509_193.JPEG	13	29	49	59
n03992509_194.JPEG	26	49	63	61
n03992509_195.JPEG	24	49	40	60
n03992509_196.JPEG	24	32	33	36
n03992509_197.JPEG	25	37	44	45
n03992509_198.JPEG	0	35	63	61
n03992509_199.JPEG	0	34	63	63
n03992509_200.JPEG	26	8	46	17
n03992509_201.JPEG	19	0	46	0
n03992509_202.JPEG	10	47	47	62
n03992509_203.JPEG	11	4	63	61
n03992509_204.JPEG	27	42	63	53
n03992509_205.JPEG	20	21	52	61
n03992509_206.JPEG	0	0	63	63
n03992509_207.JPEG	20	55	56	63
n03992509_208.JPEG	23	44	57	58
n03992509_209.JPEG	34	51	63	63
n03992509_210.JPEG	24	34	49	45
n03992509_211.JPEG	0	5	63	57
n03992509_212.JPEG	9	11	59	54
n03992509_213.JPEG	4	60	63	63
n03992509_214.JPEG	8	55	41	63
n03992509_215.JPEG	10	45	63	63
n03992509_216.JPEG	0	21	63	63
n03992509_217.JPEG	0	7	59	46
n03992509_218.JPEG	18	24	52	46
n03992509_219.JPEG	2	29	63	63
n03992509_220.JPEG	9	42	28	62
n03992509_221.JPEG	0	1	63	63
n03992509_222.JPEG	54	39	61	46
n03992509_223.JPEG	0	20	63	63
n03992509_224.JPEG	4	15	63	63
n03992509_225.JPEG	14	49	53	63
n03992509_226.JPEG	0	15	63	63
n03992509_227.JPEG	11	30	61	57
n03992509_228.JPEG	17	48	27	63
n03992509_229.JPEG	5	36	25	48
n03992509_230.JPEG	0	17	63	63
n03992509_231.JPEG	2	52	63	63
n03992509_232.JPEG	4	31	62	63
n03992509_233.JPEG	0	3	63	63
n03992509_234.JPEG	8	31	63	63
n03992509_235.JPEG	0	19	63	63
n03992509_236.JPEG	44	0	63	17
n03992509_237.JPEG	0	22	47	46
n03992509_238.JPEG	18	49	39	63
n03992509_239.JPEG	31	42	63	63
n03992509_240.JPEG	23	4	46	13
n03992509_241.JPEG	3	34	49	51
n03992509_242.JPEG	0	0	63	63
n03992509_243.JPEG	20	40	49	61
n03992509_244.JPEG	15	24	50	63
n03992509_245.JPEG	0	18	63	63
n03992509_246.JPEG	12	5	44	15
n03992509_247.JPEG	0	0	63	63
n03992509_248.JPEG	23	23	38	32
n03992509_249.JPEG	34	42	59	60
n03992509_250.JPEG	0	45	63	63
n03992509_251.JPEG	33	42	57	58
n03992509_252.JPEG	6	3	56	63
n03992509_253.JPEG	34	24	50	38
n03992509_254.JPEG	17	35	41	57
n03992509_255.JPEG	0	7	63	63
n03992509_256.JPEG	4	30	45	63
n03992509_257.JPEG	24	35	54	54
n03992509_258.JPEG	0	29	63	63
n03992509_259.JPEG	7	16	63	63
n03992509_260.JPEG	0	0	63	63
n03992509_261.JPEG	16	14	42	40
n03992509_262.JPEG	11	28	56	50
n03992509_263.JPEG	0	0	63	63
n03992509_264.JPEG	0	5	41	33
n03992509_265.JPEG	34	24	53	47
n03992509_266.JPEG	19	56	57	63
n03992509_267.JPEG	8	31	55	59
n03992509_268.JPEG	14	24	48	42
n03992509_269.JPEG	12	44	58	63
n03992509_270.JPEG	11	37	63	60
n03992509_271.JPEG	8	55	59	63
n03992509_272.JPEG	23	47	63	63
n03992509_273.JPEG	17	31	63	52
n03992509_274.JPEG	4	40	63	63
n03992509_275.JPEG	14	11	39	23
n03992509_276.JPEG	6	5	36	23
n03992509_277.JPEG	0	10	63	62
n03992509_278.JPEG	1	54	44	63
n03992509_279.JPEG	1	10	63	60
n03992509_280.JPEG	15	33	39	49
n03992509_281.JPEG	26	55	63	63
n03992509_282.JPEG	1	63	43	63
n03992509_283.JPEG	34	42	60	52
n03992509_284.JPEG	19	18	63	61
n03992509_285.JPEG	1	47	50	63
n03992509_286.JPEG	9	58	41	63
n03992509_287.JPEG	3	17	61	63
n03992509_288.JPEG	31	44	38	50
n03992509_289.JPEG	21	51	44	63
n03992509_290.JPEG	21	3	63	63
n03992509_291.JPEG	0	1	63	63
n03992509_292.JPEG	27	32	58	63
n03992509_293.JPEG	0	49	35	63
n03992509_294.JPEG	0	39	63	63
n03992509_295.JPEG	21	28	60	48
n03992509_296.JPEG	9	48	33	57
n03992509_297.JPEG	35	35	63	61
n03992509_298.JPEG	14	52	45	59
n03992509_299.JPEG	1	34	63	63
n03992509_300.JPEG	16	20	56	63
n03992509_301.JPEG	0	21	63	63
n03992509_302.JPEG	19	35	46	51
n03992509_303.JPEG	3	41	38	63
n03992509_304.JPEG	9	26	38	59
n03992509_305.JPEG	27	35	39	40
n03992509_306.JPEG	0	15	63	63
n03992509_307.JPEG	22	59	62	63
n03992509_308.JPEG	2	29	63	51
n03992509_309.JPEG	3	48	47	63
n03992509_310.JPEG	24	13	40	30
n03992509_311.JPEG	1	22	45	58
n03992509_312.JPEG	1	45	54	63
n03992509_313.JPEG	0	30	58	63
n03992509_314.JPEG	20	44	52	57
n03992509_315.JPEG	0	10	63	53
n03992509_316.JPEG	21	47	35	55
n03992509_317.JPEG	0	13	44	46
n03992509_318.JPEG	1	19	63	63
n03992509_319.JPEG	16	46	53	59
n03992509_320.JPEG	26	41	46	53
n03992509_321.JPEG	19	32	49	57
n03992509_322.JPEG	0	63	45	63
n03992509_323.JPEG	1	50	63	63
n03992509_324.JPEG	1	1	44	59
n03992509_325.JPEG	21	26	36	27
n03992509_326.JPEG	0	6	63	61
n03992509_327.JPEG	10	18	61	63
n03992509_328.JPEG	0	11	57	63
n03992509_329.JPEG	0	40	63	63
n03992509_330.JPEG	0	25	63	63
n03992509_331.JPEG	0	22	63	63
n03992509_332.JPEG	36	47	56	60
n03992509_333.JPEG	0	42	63	63
n03992509_334.JPEG	19	43	63	63
n03992509_335.JPEG	0	42	63	63
n03992509_336.JPEG	14	63	63	63
n03992509_337.JPEG	7	45	53	63
n03992509_338.JPEG	22	51	52	63
n03992509_339.JPEG	25	49	60	63
n03992509_340.JPEG	3	23	63	63
n03992509_341.JPEG	1	63	63	63
n03992509_342.JPEG	18	48	57	63
n03992509_343.JPEG	0	6	63	63
n03992509_344.JPEG	4	19	58	37
n03992509_345.JPEG	11	34	63	63
n03992509_346.JPEG	0	17	42	57
n03992509_347.JPEG	0	9	63	63
n03992509_348.JPEG	0	35	63	63
n03992509_349.JPEG	18	21	39	37
n03992509_350.JPEG	31	24	50	30
n03992509_351.JPEG	28	40	63	63
n03992509_352.JPEG	10	15	55	63
n03992509_353.JPEG	14	31	63	63
n03992509_354.JPEG	0	40	63	63
n03992509_355.JPEG	4	23	61	58
n03992509_356.JPEG	14	31	58	60
n03992509_357.JPEG	0	7	63	63
n03992509_358.JPEG	26	45	47	63
n03992509_359.JPEG	0	0	63	63
n03992509_360.JPEG	1	50	61	63
n03992509_361.JPEG	18	30	35	34
n03992509_362.JPEG	0	23	39	58
n03992509_363.JPEG	7	49	53	63
n03992509_364.JPEG	12	39	47	63
n03992509_365.JPEG	39	39	56	46
n03992509_366.JPEG	0	0	63	63
n03992509_367.JPEG	14	19	63	63
n03992509_368.JPEG	0	40	37	62
n03992509_369.JPEG	0	50	29	63
n03992509_370.JPEG	0	4	63	38
n03992509_371.JPEG	0	49	23	59
n03992509_372.JPEG	1	25	44	63
n03992509_373.JPEG	13	57	28	63
n03992509_374.JPEG	27	22	59	63
n03992509_375.JPEG	22	11	49	29
n03992509_376.JPEG	26	3	59	23
n03992509_377.JPEG	37	24	63	39
n03992509_378.JPEG	23	7	41	14
n03992509_379.JPEG	1	63	63	63
n03992509_380.JPEG	23	39	42	46
n03992509_381.JPEG	4	0	60	59
n03992509_382.JPEG	19	11	43	20
n03992509_383.JPEG	0	31	63	57
n03992509_384.JPEG	10	23	47	46
n03992509_385.JPEG	11	18	63	63
n03992509_386.JPEG	31	27	39	35
n03992509_387.JPEG	16	47	40	54
n03992509_388.JPEG	0	19	63	63
n03992509_389.JPEG	0	0	63	63
n03992509_390.JPEG	23	22	32	23
n03992509_391.JPEG	44	35	63	45
n03992509_392.JPEG	23	63	63	63
n03992509_393.JPEG	0	2	63	63
n03992509_394.JPEG	0	18	63	63
n03992509_395.JPEG	2	30	49	58
n03992509_396.JPEG	0	63	53	63
n03992509_397.JPEG	22	42	49	63
n03992509_398.JPEG	0	1	63	63
n03992509_399.JPEG	13	25	42	61
n03992509_400.JPEG	10	11	55	62
n03992509_401.JPEG	18	4	60	41
n03992509_402.JPEG	16	5	39	13
n03992509_403.JPEG	29	43	43	50
n03992509_404.JPEG	20	44	51	55
n03992509_405.JPEG	4	29	63	63
n03992509_406.JPEG	1	22	63	63
n03992509_407.JPEG	12	29	25	40
n03992509_408.JPEG	21	37	52	56
n03992509_409.JPEG	21	40	63	63
n03992509_410.JPEG	0	28	63	63
n03992509_411.JPEG	4	47	42	63
n03992509_412.JPEG	0	33	63	63
n03992509_413.JPEG	3	9	62	61
n03992509_414.JPEG	1	31	61	63
n03992509_415.JPEG	9	44	49	63
n03992509_416.JPEG	24	41	63	63
n03992509_417.JPEG	1	30	63	63
n03992509_418.JPEG	8	8	63	62
n03992509_419.JPEG	24	47	42	55
n03992509_420.JPEG	26	51	63	59
n03992509_421.JPEG	3	16	63	63
n03992509_422.JPEG	0	33	63	63
n03992509_423.JPEG	11	44	63	63
n03992509_424.JPEG	17	48	46	58
n03992509_425.JPEG	17	47	49	63
n03992509_426.JPEG	36	33	63	63
n03992509_427.JPEG	0	24	63	63
n03992509_428.JPEG	12	51	63	63
n03992509_429.JPEG	23	47	57	56
n03992509_430.JPEG	1	15	63	63
n03992509_431.JPEG	21	36	55	53
n03992509_432.JPEG	24	31	41	37
n03992509_433.JPEG	11	54	63	63
n03992509_434.JPEG	3	42	63	60
n03992509_435.JPEG	0	16	63	63
n03992509_436.JPEG	20	53	51	63
n03992509_437.JPEG	0	18	63	63
n03992509_438.JPEG	13	57	63	63
n03992509_439.JPEG	31	53	51	59
n03992509_440.JPEG	0	34	63	63
n03992509_441.JPEG	1	17	63	63
n03992509_442.JPEG	63	41	63	44
n03992509_443.JPEG	0	51	49	63
n03992509_444.JPEG	0	4	60	63
n03992509_445.JPEG	17	51	46	63
n03992509_446.JPEG	6	27	63	63
n03992509_447.JPEG	0	1	63	63
n03992509_448.JPEG	1	27	41	63
n03992509_449.JPEG	0	9	63	63
n03992509_450.JPEG	17	1	47	10
n03992509_451.JPEG	16	44	41	54
n03992509_452.JPEG	25	29	44	46
n03992509_453.JPEG	0	32	63	63
n03992509_454.JPEG	7	38	61	59
n03992509_455.JPEG	6	48	48	63
n03992509_456.JPEG	25	33	43	52
n03992509_457.JPEG	10	13	63	63
n03992509_458.JPEG	12	28	39	48
n03992509_459.JPEG	18	33	39	43
n03992509_460.JPEG	0	30	56	63
n03992509_461.JPEG	19	43	57	63
n03992509_462.JPEG	10	32	31	56
n03992509_463.JPEG	17	18	38	24
n03992509_464.JPEG	18	36	44	52
n03992509_465.JPEG	9	14	63	63
n03992509_466.JPEG	1	50	33	63
n03992509_467.JPEG	20	39	59	62
n03992509_468.JPEG	17	43	52	63
n03992509_469.JPEG	8	48	45	59
n03992509_470.JPEG	11	25	60	63
n03992509_471.JPEG	4	37	63	62
n03992509_472.JPEG	1	28	57	63
n03992509_473.JPEG	11	26	58	57
n03992509_474.JPEG	31	38	63	63
n03992509_475.JPEG	12	3	37	12
n03992509_476.JPEG	21	46	50	61
n03992509_477.JPEG	21	29	40	63
n03992509_478.JPEG	1	36	63	63
n03992509_479.JPEG	6	35	57	60
n03992509_480.JPEG	27	39	38	50
n03992509_481.JPEG	17	30	47	56
n03992509_482.JPEG	15	39	33	50
n03992509_483.JPEG	7	53	33	63
n03992509_484.JPEG	0	47	23	63
n03992509_485.JPEG	4	54	54	63
n03992509_486.JPEG	12	4	40	14
n03992509_487.JPEG	37	41	49	54
n03992509_488.JPEG	0	12	63	63
n03992509_489.JPEG	37	42	63	63
n03992509_490.JPEG	9	26	63	62
n03992509_491.JPEG	3	31	44	47
n03992509_492.JPEG	13	52	37	63
n03992509_493.JPEG	9	47	48	63
n03992509_494.JPEG	0	23	63	63
n03992509_495.JPEG	0	44	49	63
n03992509_496.JPEG	20	53	51	63
n03992509_497.JPEG	16	39	35	49
n03992509_498.JPEG	0	18	63	63
n03992509_499.JPEG	7	42	41	63
