n04099969_0.JPEG	0	0	63	63
n04099969_1.JPEG	34	0	63	63
n04099969_2.JPEG	15	0	48	47
n04099969_3.JPEG	12	2	59	56
n04099969_4.JPEG	1	0	62	63
n04099969_5.JPEG	12	0	52	63
n04099969_6.JPEG	0	1	63	60
n04099969_7.JPEG	21	24	58	59
n04099969_8.JPEG	0	1	63	63
n04099969_9.JPEG	10	0	52	63
n04099969_10.JPEG	13	12	60	61
n04099969_11.JPEG	7	1	59	63
n04099969_12.JPEG	5	1	54	63
n04099969_13.JPEG	2	0	63	63
n04099969_14.JPEG	0	10	30	59
n04099969_15.JPEG	9	0	62	63
n04099969_16.JPEG	0	6	63	63
n04099969_17.JPEG	30	10	63	57
n04099969_18.JPEG	6	0	59	61
n04099969_19.JPEG	6	0	63	62
n04099969_20.JPEG	2	4	47	63
n04099969_21.JPEG	0	0	63	63
n04099969_22.JPEG	4	0	60	63
n04099969_23.JPEG	7	1	63	58
n04099969_24.JPEG	0	5	63	58
n04099969_25.JPEG	8	0	59	63
n04099969_26.JPEG	12	3	53	63
n04099969_27.JPEG	12	2	62	61
n04099969_28.JPEG	30	12	61	38
n04099969_29.JPEG	8	17	50	63
n04099969_30.JPEG	2	0	63	63
n04099969_31.JPEG	0	0	57	63
n04099969_32.JPEG	2	12	63	63
n04099969_33.JPEG	4	4	61	62
n04099969_34.JPEG	0	3	63	63
n04099969_35.JPEG	2	0	58	63
n04099969_36.JPEG	8	2	54	63
n04099969_37.JPEG	3	0	52	63
n04099969_38.JPEG	7	4	63	63
n04099969_39.JPEG	6	0	63	63
n04099969_40.JPEG	7	3	59	62
n04099969_41.JPEG	3	1	58	63
n04099969_42.JPEG	1	0	63	63
n04099969_43.JPEG	8	29	31	59
n04099969_44.JPEG	33	0	63	63
n04099969_45.JPEG	21	3	60	53
n04099969_46.JPEG	0	3	63	60
n04099969_47.JPEG	6	18	61	63
n04099969_48.JPEG	14	11	57	58
n04099969_49.JPEG	0	28	63	63
n04099969_50.JPEG	3	7	50	63
n04099969_51.JPEG	3	1	63	63
n04099969_52.JPEG	9	0	63	63
n04099969_53.JPEG	0	11	44	54
n04099969_54.JPEG	7	2	63	62
n04099969_55.JPEG	0	6	32	63
n04099969_56.JPEG	6	3	49	61
n04099969_57.JPEG	3	0	59	63
n04099969_58.JPEG	6	0	57	63
n04099969_59.JPEG	0	0	59	63
n04099969_60.JPEG	6	1	57	62
n04099969_61.JPEG	5	2	58	63
n04099969_62.JPEG	1	0	63	63
n04099969_63.JPEG	1	0	63	63
n04099969_64.JPEG	9	0	63	63
n04099969_65.JPEG	22	10	63	63
n04099969_66.JPEG	1	8	63	63
n04099969_67.JPEG	3	0	61	63
n04099969_68.JPEG	1	0	63	63
n04099969_69.JPEG	4	1	63	61
n04099969_70.JPEG	21	26	51	59
n04099969_71.JPEG	0	4	33	63
n04099969_72.JPEG	8	0	63	63
n04099969_73.JPEG	2	0	62	63
n04099969_74.JPEG	0	6	59	59
n04099969_75.JPEG	2	0	62	63
n04099969_76.JPEG	4	0	54	63
n04099969_77.JPEG	14	18	45	59
n04099969_78.JPEG	7	14	54	57
n04099969_79.JPEG	4	2	63	62
n04099969_80.JPEG	6	18	48	59
n04099969_81.JPEG	14	28	45	60
n04099969_82.JPEG	3	0	62	63
n04099969_83.JPEG	0	0	63	63
n04099969_84.JPEG	3	3	58	63
n04099969_85.JPEG	0	2	63	61
n04099969_86.JPEG	8	3	54	59
n04099969_87.JPEG	5	8	63	63
n04099969_88.JPEG	14	10	48	62
n04099969_89.JPEG	3	0	63	63
n04099969_90.JPEG	11	0	60	63
n04099969_91.JPEG	11	5	54	63
n04099969_92.JPEG	5	0	63	63
n04099969_93.JPEG	0	0	63	63
n04099969_94.JPEG	6	4	56	60
n04099969_95.JPEG	30	23	63	63
n04099969_96.JPEG	5	9	52	62
n04099969_97.JPEG	5	35	27	63
n04099969_98.JPEG	0	4	63	63
n04099969_99.JPEG	36	7	63	59
n04099969_100.JPEG	1	0	63	63
n04099969_101.JPEG	20	14	53	63
n04099969_102.JPEG	10	21	29	41
n04099969_103.JPEG	1	0	63	63
n04099969_104.JPEG	1	7	60	63
n04099969_105.JPEG	12	0	62	63
n04099969_106.JPEG	1	1	62	63
n04099969_107.JPEG	6	3	56	63
n04099969_108.JPEG	51	22	63	55
n04099969_109.JPEG	5	0	63	63
n04099969_110.JPEG	6	2	59	63
n04099969_111.JPEG	0	9	35	54
n04099969_112.JPEG	15	11	47	63
n04099969_113.JPEG	5	0	58	63
n04099969_114.JPEG	33	17	63	61
n04099969_115.JPEG	0	0	63	63
n04099969_116.JPEG	0	2	62	63
n04099969_117.JPEG	11	2	57	60
n04099969_118.JPEG	4	8	63	57
n04099969_119.JPEG	5	1	55	63
n04099969_120.JPEG	39	14	63	59
n04099969_121.JPEG	0	2	33	61
n04099969_122.JPEG	2	0	63	63
n04099969_123.JPEG	0	1	63	62
n04099969_124.JPEG	9	0	58	63
n04099969_125.JPEG	13	0	48	63
n04099969_126.JPEG	4	0	60	63
n04099969_127.JPEG	3	0	62	63
n04099969_128.JPEG	12	8	49	63
n04099969_129.JPEG	16	4	63	63
n04099969_130.JPEG	6	6	59	60
n04099969_131.JPEG	1	0	61	63
n04099969_132.JPEG	0	11	47	62
n04099969_133.JPEG	25	10	63	63
n04099969_134.JPEG	5	0	60	63
n04099969_135.JPEG	2	0	60	63
n04099969_136.JPEG	0	0	63	63
n04099969_137.JPEG	5	0	59	63
n04099969_138.JPEG	6	1	59	63
n04099969_139.JPEG	30	37	63	63
n04099969_140.JPEG	2	42	62	63
n04099969_141.JPEG	12	7	52	57
n04099969_142.JPEG	1	0	59	62
n04099969_143.JPEG	7	5	54	63
n04099969_144.JPEG	0	0	63	42
n04099969_145.JPEG	10	0	56	63
n04099969_146.JPEG	11	2	63	63
n04099969_147.JPEG	0	0	59	63
n04099969_148.JPEG	34	27	60	63
n04099969_149.JPEG	0	5	57	36
n04099969_150.JPEG	7	4	59	59
n04099969_151.JPEG	4	0	58	63
n04099969_152.JPEG	1	8	63	63
n04099969_153.JPEG	2	7	40	53
n04099969_154.JPEG	9	0	58	63
n04099969_155.JPEG	11	10	47	59
n04099969_156.JPEG	3	0	45	52
n04099969_157.JPEG	0	0	63	63
n04099969_158.JPEG	0	4	41	61
n04099969_159.JPEG	6	0	56	63
n04099969_160.JPEG	9	8	54	56
n04099969_161.JPEG	0	17	24	47
n04099969_162.JPEG	5	5	48	63
n04099969_163.JPEG	11	25	43	56
n04099969_164.JPEG	2	0	54	63
n04099969_165.JPEG	2	2	62	63
n04099969_166.JPEG	0	11	56	63
n04099969_167.JPEG	1	0	58	63
n04099969_168.JPEG	3	13	42	63
n04099969_169.JPEG	4	6	46	63
n04099969_170.JPEG	7	0	63	63
n04099969_171.JPEG	0	0	63	63
n04099969_172.JPEG	1	0	63	63
n04099969_173.JPEG	3	5	46	63
n04099969_174.JPEG	3	10	51	57
n04099969_175.JPEG	0	6	41	53
n04099969_176.JPEG	9	12	55	63
n04099969_177.JPEG	7	2	52	59
n04099969_178.JPEG	7	0	58	63
n04099969_179.JPEG	7	0	56	63
n04099969_180.JPEG	31	29	62	63
n04099969_181.JPEG	4	0	61	63
n04099969_182.JPEG	3	2	63	63
n04099969_183.JPEG	8	3	58	63
n04099969_184.JPEG	39	1	63	37
n04099969_185.JPEG	0	0	59	63
n04099969_186.JPEG	7	0	56	63
n04099969_187.JPEG	9	2	53	63
n04099969_188.JPEG	0	12	47	63
n04099969_189.JPEG	1	0	55	63
n04099969_190.JPEG	3	0	60	63
n04099969_191.JPEG	6	3	60	63
n04099969_192.JPEG	7	8	63	60
n04099969_193.JPEG	34	30	50	51
n04099969_194.JPEG	6	0	60	63
n04099969_195.JPEG	6	0	61	63
n04099969_196.JPEG	17	0	57	63
n04099969_197.JPEG	7	1	63	63
n04099969_198.JPEG	7	0	62	63
n04099969_199.JPEG	0	5	63	63
n04099969_200.JPEG	5	2	59	62
n04099969_201.JPEG	1	0	63	63
n04099969_202.JPEG	5	0	59	63
n04099969_203.JPEG	6	0	58	63
n04099969_204.JPEG	0	10	26	63
n04099969_205.JPEG	1	0	63	63
n04099969_206.JPEG	4	6	43	53
n04099969_207.JPEG	1	7	63	63
n04099969_208.JPEG	0	14	35	63
n04099969_209.JPEG	8	7	48	60
n04099969_210.JPEG	6	1	57	63
n04099969_211.JPEG	10	0	60	63
n04099969_212.JPEG	0	0	63	63
n04099969_213.JPEG	1	0	63	63
n04099969_214.JPEG	2	5	63	63
n04099969_215.JPEG	15	10	63	63
n04099969_216.JPEG	9	19	52	63
n04099969_217.JPEG	4	6	45	62
n04099969_218.JPEG	10	0	63	63
n04099969_219.JPEG	24	15	63	59
n04099969_220.JPEG	4	3	46	63
n04099969_221.JPEG	11	0	55	63
n04099969_222.JPEG	3	0	63	63
n04099969_223.JPEG	5	9	59	63
n04099969_224.JPEG	7	0	60	63
n04099969_225.JPEG	11	0	53	63
n04099969_226.JPEG	0	26	20	63
n04099969_227.JPEG	10	2	56	61
n04099969_228.JPEG	12	1	57	63
n04099969_229.JPEG	6	2	61	60
n04099969_230.JPEG	27	5	63	63
n04099969_231.JPEG	6	0	58	63
n04099969_232.JPEG	13	34	36	63
n04099969_233.JPEG	6	9	57	63
n04099969_234.JPEG	53	26	63	63
n04099969_235.JPEG	8	1	60	57
n04099969_236.JPEG	2	0	63	53
n04099969_237.JPEG	8	5	50	63
n04099969_238.JPEG	16	12	60	63
n04099969_239.JPEG	37	32	55	56
n04099969_240.JPEG	17	7	54	55
n04099969_241.JPEG	0	7	63	61
n04099969_242.JPEG	4	2	56	62
n04099969_243.JPEG	0	0	63	63
n04099969_244.JPEG	8	0	54	63
n04099969_245.JPEG	1	0	63	63
n04099969_246.JPEG	0	2	61	63
n04099969_247.JPEG	9	3	55	63
n04099969_248.JPEG	12	0	58	63
n04099969_249.JPEG	9	7	53	59
n04099969_250.JPEG	1	0	59	63
n04099969_251.JPEG	12	3	60	63
n04099969_252.JPEG	4	3	63	63
n04099969_253.JPEG	0	3	41	62
n04099969_254.JPEG	1	11	63	63
n04099969_255.JPEG	0	1	63	63
n04099969_256.JPEG	1	0	55	63
n04099969_257.JPEG	27	36	57	63
n04099969_258.JPEG	0	0	63	63
n04099969_259.JPEG	5	0	58	63
n04099969_260.JPEG	10	1	53	56
n04099969_261.JPEG	11	31	34	56
n04099969_262.JPEG	0	0	63	63
n04099969_263.JPEG	4	0	60	63
n04099969_264.JPEG	4	29	35	63
n04099969_265.JPEG	23	17	63	62
n04099969_266.JPEG	7	3	59	60
n04099969_267.JPEG	34	1	63	51
n04099969_268.JPEG	8	0	61	63
n04099969_269.JPEG	7	1	55	58
n04099969_270.JPEG	2	4	60	61
n04099969_271.JPEG	1	0	60	63
n04099969_272.JPEG	15	9	56	56
n04099969_273.JPEG	9	6	55	62
n04099969_274.JPEG	0	0	63	63
n04099969_275.JPEG	7	0	55	63
n04099969_276.JPEG	8	0	56	63
n04099969_277.JPEG	5	12	52	61
n04099969_278.JPEG	30	15	63	63
n04099969_279.JPEG	0	3	59	63
n04099969_280.JPEG	14	9	51	58
n04099969_281.JPEG	12	1	59	59
n04099969_282.JPEG	0	7	37	63
n04099969_283.JPEG	14	4	53	61
n04099969_284.JPEG	6	6	54	61
n04099969_285.JPEG	3	0	60	63
n04099969_286.JPEG	9	0	58	63
n04099969_287.JPEG	21	29	47	63
n04099969_288.JPEG	44	24	63	59
n04099969_289.JPEG	6	0	52	62
n04099969_290.JPEG	39	35	63	63
n04099969_291.JPEG	19	9	58	63
n04099969_292.JPEG	6	0	58	63
n04099969_293.JPEG	9	6	56	61
n04099969_294.JPEG	6	0	63	63
n04099969_295.JPEG	9	1	63	63
n04099969_296.JPEG	6	6	63	59
n04099969_297.JPEG	7	0	56	63
n04099969_298.JPEG	0	15	34	55
n04099969_299.JPEG	29	5	48	31
n04099969_300.JPEG	15	21	53	63
n04099969_301.JPEG	4	0	61	63
n04099969_302.JPEG	2	12	46	63
n04099969_303.JPEG	5	0	54	63
n04099969_304.JPEG	0	0	63	63
n04099969_305.JPEG	6	0	55	63
n04099969_306.JPEG	1	7	36	63
n04099969_307.JPEG	25	9	63	60
n04099969_308.JPEG	13	2	56	62
n04099969_309.JPEG	0	0	63	63
n04099969_310.JPEG	0	0	63	63
n04099969_311.JPEG	2	0	62	63
n04099969_312.JPEG	44	28	63	49
n04099969_313.JPEG	0	9	37	63
n04099969_314.JPEG	8	0	58	63
n04099969_315.JPEG	10	36	52	63
n04099969_316.JPEG	10	6	58	62
n04099969_317.JPEG	22	28	38	52
n04099969_318.JPEG	0	4	22	56
n04099969_319.JPEG	18	6	53	63
n04099969_320.JPEG	11	7	61	60
n04099969_321.JPEG	1	6	37	61
n04099969_322.JPEG	30	34	53	57
n04099969_323.JPEG	0	0	63	63
n04099969_324.JPEG	35	7	63	63
n04099969_325.JPEG	6	6	60	62
n04099969_326.JPEG	10	5	46	59
n04099969_327.JPEG	1	0	61	63
n04099969_328.JPEG	4	0	57	63
n04099969_329.JPEG	31	1	63	62
n04099969_330.JPEG	2	0	61	63
n04099969_331.JPEG	17	6	53	59
n04099969_332.JPEG	7	8	55	63
n04099969_333.JPEG	1	1	63	60
n04099969_334.JPEG	11	17	55	61
n04099969_335.JPEG	0	20	24	55
n04099969_336.JPEG	0	0	59	63
n04099969_337.JPEG	13	5	60	63
n04099969_338.JPEG	2	9	29	38
n04099969_339.JPEG	1	0	63	63
n04099969_340.JPEG	0	0	62	63
n04099969_341.JPEG	8	0	53	63
n04099969_342.JPEG	14	12	49	55
n04099969_343.JPEG	6	0	61	63
n04099969_344.JPEG	4	22	37	63
n04099969_345.JPEG	12	4	63	63
n04099969_346.JPEG	52	18	63	43
n04099969_347.JPEG	17	25	44	63
n04099969_348.JPEG	0	0	61	63
n04099969_349.JPEG	14	7	52	63
n04099969_350.JPEG	10	0	58	63
n04099969_351.JPEG	12	7	61	63
n04099969_352.JPEG	18	0	52	58
n04099969_353.JPEG	15	14	62	60
n04099969_354.JPEG	2	0	63	63
n04099969_355.JPEG	6	7	63	59
n04099969_356.JPEG	29	17	56	63
n04099969_357.JPEG	0	0	59	63
n04099969_358.JPEG	4	0	54	63
n04099969_359.JPEG	13	0	61	63
n04099969_360.JPEG	12	5	52	63
n04099969_361.JPEG	5	0	63	63
n04099969_362.JPEG	6	4	62	63
n04099969_363.JPEG	9	3	55	58
n04099969_364.JPEG	12	2	53	63
n04099969_365.JPEG	8	4	45	63
n04099969_366.JPEG	9	17	62	63
n04099969_367.JPEG	2	0	61	63
n04099969_368.JPEG	2	17	39	63
n04099969_369.JPEG	13	2	63	63
n04099969_370.JPEG	0	1	63	59
n04099969_371.JPEG	7	5	58	63
n04099969_372.JPEG	5	0	58	63
n04099969_373.JPEG	7	0	62	63
n04099969_374.JPEG	5	0	60	63
n04099969_375.JPEG	27	24	55	63
n04099969_376.JPEG	2	0	61	63
n04099969_377.JPEG	2	0	61	63
n04099969_378.JPEG	6	7	63	63
n04099969_379.JPEG	7	0	62	63
n04099969_380.JPEG	8	22	46	63
n04099969_381.JPEG	2	0	62	63
n04099969_382.JPEG	5	0	58	63
n04099969_383.JPEG	49	33	63	60
n04099969_384.JPEG	4	0	63	63
n04099969_385.JPEG	9	0	61	63
n04099969_386.JPEG	11	14	49	57
n04099969_387.JPEG	0	0	63	63
n04099969_388.JPEG	33	6	63	55
n04099969_389.JPEG	7	0	52	63
n04099969_390.JPEG	3	2	59	62
n04099969_391.JPEG	12	0	57	63
n04099969_392.JPEG	1	0	63	63
n04099969_393.JPEG	1	2	63	63
n04099969_394.JPEG	0	0	63	63
n04099969_395.JPEG	0	0	59	63
n04099969_396.JPEG	0	0	63	63
n04099969_397.JPEG	6	2	60	63
n04099969_398.JPEG	10	0	58	63
n04099969_399.JPEG	22	0	58	42
n04099969_400.JPEG	4	0	52	62
n04099969_401.JPEG	17	8	61	63
n04099969_402.JPEG	12	0	59	63
n04099969_403.JPEG	1	0	61	63
n04099969_404.JPEG	10	0	57	63
n04099969_405.JPEG	8	33	40	63
n04099969_406.JPEG	6	0	63	63
n04099969_407.JPEG	16	19	63	63
n04099969_408.JPEG	2	0	63	63
n04099969_409.JPEG	0	12	44	63
n04099969_410.JPEG	0	2	49	63
n04099969_411.JPEG	3	0	62	63
n04099969_412.JPEG	0	1	63	63
n04099969_413.JPEG	17	0	63	60
n04099969_414.JPEG	4	6	61	58
n04099969_415.JPEG	0	5	36	63
n04099969_416.JPEG	7	9	61	63
n04099969_417.JPEG	0	16	19	58
n04099969_418.JPEG	35	30	63	56
n04099969_419.JPEG	24	36	35	52
n04099969_420.JPEG	7	2	56	63
n04099969_421.JPEG	0	0	63	63
n04099969_422.JPEG	37	16	63	56
n04099969_423.JPEG	1	0	63	63
n04099969_424.JPEG	9	3	62	59
n04099969_425.JPEG	16	14	43	45
n04099969_426.JPEG	6	1	58	63
n04099969_427.JPEG	0	11	46	63
n04099969_428.JPEG	2	18	62	63
n04099969_429.JPEG	1	1	61	61
n04099969_430.JPEG	0	6	45	63
n04099969_431.JPEG	0	6	44	63
n04099969_432.JPEG	3	0	62	63
n04099969_433.JPEG	3	0	56	63
n04099969_434.JPEG	1	0	62	63
n04099969_435.JPEG	0	16	36	59
n04099969_436.JPEG	7	7	60	63
n04099969_437.JPEG	2	0	60	63
n04099969_438.JPEG	7	1	52	63
n04099969_439.JPEG	6	4	54	63
n04099969_440.JPEG	10	17	41	63
n04099969_441.JPEG	8	5	60	63
n04099969_442.JPEG	0	0	54	63
n04099969_443.JPEG	26	0	61	33
n04099969_444.JPEG	19	10	54	58
n04099969_445.JPEG	0	6	63	63
n04099969_446.JPEG	8	3	60	62
n04099969_447.JPEG	6	0	59	63
n04099969_448.JPEG	2	7	37	63
n04099969_449.JPEG	1	0	63	63
n04099969_450.JPEG	29	21	54	47
n04099969_451.JPEG	6	1	56	63
n04099969_452.JPEG	6	9	59	56
n04099969_453.JPEG	4	5	61	63
n04099969_454.JPEG	1	2	60	63
n04099969_455.JPEG	1	0	63	63
n04099969_456.JPEG	1	0	61	63
n04099969_457.JPEG	1	2	63	61
n04099969_458.JPEG	4	6	61	57
n04099969_459.JPEG	5	0	63	63
n04099969_460.JPEG	7	0	58	63
n04099969_461.JPEG	6	0	54	62
n04099969_462.JPEG	2	8	53	63
n04099969_463.JPEG	12	16	47	63
n04099969_464.JPEG	4	0	61	63
n04099969_465.JPEG	3	0	57	63
n04099969_466.JPEG	6	0	55	63
n04099969_467.JPEG	0	1	63	63
n04099969_468.JPEG	8	0	63	63
n04099969_469.JPEG	14	0	51	63
n04099969_470.JPEG	17	11	48	63
n04099969_471.JPEG	5	0	57	63
n04099969_472.JPEG	20	12	63	59
n04099969_473.JPEG	29	11	54	50
n04099969_474.JPEG	17	31	41	59
n04099969_475.JPEG	6	0	60	63
n04099969_476.JPEG	3	0	62	63
n04099969_477.JPEG	6	2	55	63
n04099969_478.JPEG	2	17	39	58
n04099969_479.JPEG	6	5	42	63
n04099969_480.JPEG	0	7	19	53
n04099969_481.JPEG	9	7	49	61
n04099969_482.JPEG	0	23	34	58
n04099969_483.JPEG	2	0	62	63
n04099969_484.JPEG	3	40	34	63
n04099969_485.JPEG	6	10	62	63
n04099969_486.JPEG	12	5	54	60
n04099969_487.JPEG	31	33	63	63
n04099969_488.JPEG	1	0	60	63
n04099969_489.JPEG	13	12	44	57
n04099969_490.JPEG	3	0	63	63
n04099969_491.JPEG	7	9	54	63
n04099969_492.JPEG	4	0	55	58
n04099969_493.JPEG	13	1	53	61
n04099969_494.JPEG	1	1	56	63
n04099969_495.JPEG	9	14	52	51
n04099969_496.JPEG	0	0	63	63
n04099969_497.JPEG	45	17	63	47
n04099969_498.JPEG	0	5	63	63
n04099969_499.JPEG	8	0	61	63
