n03160309_0.JPEG	3	27	62	63
n03160309_1.JPEG	6	28	63	62
n03160309_2.JPEG	0	1	63	54
n03160309_3.JPEG	0	4	63	63
n03160309_4.JPEG	0	16	63	62
n03160309_5.JPEG	0	11	63	31
n03160309_6.JPEG	0	18	63	57
n03160309_7.JPEG	0	3	62	34
n03160309_8.JPEG	0	24	63	58
n03160309_9.JPEG	0	1	62	63
n03160309_10.JPEG	0	0	38	63
n03160309_11.JPEG	14	27	63	61
n03160309_12.JPEG	36	30	57	39
n03160309_13.JPEG	1	17	63	40
n03160309_14.JPEG	0	26	63	63
n03160309_15.JPEG	0	12	63	63
n03160309_16.JPEG	24	45	63	50
n03160309_17.JPEG	0	13	31	63
n03160309_18.JPEG	0	28	63	35
n03160309_19.JPEG	0	19	63	50
n03160309_20.JPEG	0	11	63	63
n03160309_21.JPEG	0	20	63	63
n03160309_22.JPEG	0	0	63	60
n03160309_23.JPEG	0	19	63	55
n03160309_24.JPEG	0	20	63	46
n03160309_25.JPEG	0	16	63	38
n03160309_26.JPEG	0	33	63	63
n03160309_27.JPEG	0	7	34	63
n03160309_28.JPEG	0	21	63	63
n03160309_29.JPEG	22	31	58	43
n03160309_30.JPEG	0	34	63	39
n03160309_31.JPEG	0	27	25	39
n03160309_32.JPEG	5	20	56	63
n03160309_33.JPEG	0	4	63	34
n03160309_34.JPEG	0	8	63	45
n03160309_35.JPEG	0	21	63	63
n03160309_36.JPEG	0	32	62	55
n03160309_37.JPEG	18	11	63	32
n03160309_38.JPEG	0	23	63	52
n03160309_39.JPEG	5	40	63	63
n03160309_40.JPEG	0	0	63	63
n03160309_41.JPEG	0	33	63	50
n03160309_42.JPEG	0	27	45	63
n03160309_43.JPEG	0	6	63	53
n03160309_44.JPEG	0	17	63	63
n03160309_45.JPEG	0	0	63	58
n03160309_46.JPEG	0	29	60	63
n03160309_47.JPEG	0	0	63	63
n03160309_48.JPEG	4	8	63	43
n03160309_49.JPEG	0	12	63	42
n03160309_50.JPEG	0	20	63	63
n03160309_51.JPEG	14	32	63	63
n03160309_52.JPEG	14	11	55	63
n03160309_53.JPEG	0	27	63	53
n03160309_54.JPEG	0	28	63	59
n03160309_55.JPEG	0	16	63	41
n03160309_56.JPEG	0	25	63	63
n03160309_57.JPEG	0	6	63	30
n03160309_58.JPEG	5	0	63	63
n03160309_59.JPEG	0	10	63	62
n03160309_60.JPEG	3	24	33	50
n03160309_61.JPEG	0	24	63	40
n03160309_62.JPEG	0	11	59	63
n03160309_63.JPEG	0	19	26	48
n03160309_64.JPEG	0	13	54	58
n03160309_65.JPEG	2	0	58	63
n03160309_66.JPEG	0	15	63	53
n03160309_67.JPEG	0	20	33	56
n03160309_68.JPEG	0	28	63	63
n03160309_69.JPEG	0	33	63	42
n03160309_70.JPEG	0	6	63	43
n03160309_71.JPEG	0	10	63	29
n03160309_72.JPEG	0	20	63	63
n03160309_73.JPEG	4	29	28	32
n03160309_74.JPEG	22	22	58	39
n03160309_75.JPEG	0	27	63	56
n03160309_76.JPEG	0	14	63	63
n03160309_77.JPEG	0	21	26	63
n03160309_78.JPEG	0	4	63	51
n03160309_79.JPEG	0	10	63	41
n03160309_80.JPEG	0	20	52	51
n03160309_81.JPEG	0	35	63	63
n03160309_82.JPEG	0	1	63	63
n03160309_83.JPEG	0	0	63	63
n03160309_84.JPEG	11	19	63	55
n03160309_85.JPEG	0	12	63	63
n03160309_86.JPEG	0	10	63	48
n03160309_87.JPEG	48	0	63	48
n03160309_88.JPEG	0	18	49	27
n03160309_89.JPEG	0	9	63	63
n03160309_90.JPEG	0	25	63	44
n03160309_91.JPEG	0	26	63	38
n03160309_92.JPEG	0	11	63	63
n03160309_93.JPEG	29	21	54	47
n03160309_94.JPEG	0	0	63	63
n03160309_95.JPEG	23	22	43	35
n03160309_96.JPEG	1	0	43	63
n03160309_97.JPEG	0	0	63	63
n03160309_98.JPEG	0	7	63	63
n03160309_99.JPEG	0	29	63	63
n03160309_100.JPEG	0	25	63	54
n03160309_101.JPEG	0	22	63	63
n03160309_102.JPEG	0	1	63	63
n03160309_103.JPEG	0	5	63	63
n03160309_104.JPEG	0	7	63	63
n03160309_105.JPEG	0	2	38	63
n03160309_106.JPEG	29	34	63	63
n03160309_107.JPEG	0	26	63	63
n03160309_108.JPEG	0	25	57	43
n03160309_109.JPEG	0	18	63	63
n03160309_110.JPEG	0	18	62	63
n03160309_111.JPEG	31	26	63	43
n03160309_112.JPEG	0	15	63	50
n03160309_113.JPEG	0	16	63	60
n03160309_114.JPEG	0	4	63	43
n03160309_115.JPEG	0	17	62	63
n03160309_116.JPEG	0	21	63	40
n03160309_117.JPEG	0	17	63	63
n03160309_118.JPEG	0	26	50	63
n03160309_119.JPEG	18	0	63	63
n03160309_120.JPEG	0	27	63	63
n03160309_121.JPEG	0	14	55	63
n03160309_122.JPEG	0	0	31	63
n03160309_123.JPEG	0	13	59	46
n03160309_124.JPEG	0	0	63	63
n03160309_125.JPEG	0	7	63	55
n03160309_126.JPEG	0	8	63	61
n03160309_127.JPEG	0	24	63	42
n03160309_128.JPEG	0	21	47	63
n03160309_129.JPEG	0	0	63	63
n03160309_130.JPEG	0	21	63	62
n03160309_131.JPEG	20	19	58	34
n03160309_132.JPEG	27	32	63	49
n03160309_133.JPEG	0	34	63	45
n03160309_134.JPEG	0	14	63	63
n03160309_135.JPEG	0	34	63	46
n03160309_136.JPEG	39	24	63	33
n03160309_137.JPEG	0	14	63	55
n03160309_138.JPEG	0	34	63	63
n03160309_139.JPEG	0	23	63	55
n03160309_140.JPEG	0	21	43	40
n03160309_141.JPEG	0	32	63	54
n03160309_142.JPEG	0	14	51	23
n03160309_143.JPEG	0	21	32	44
n03160309_144.JPEG	0	0	63	63
n03160309_145.JPEG	12	17	55	60
n03160309_146.JPEG	17	38	63	54
n03160309_147.JPEG	0	5	63	54
n03160309_148.JPEG	0	8	45	62
n03160309_149.JPEG	1	25	17	47
n03160309_150.JPEG	0	29	59	63
n03160309_151.JPEG	0	13	63	51
n03160309_152.JPEG	0	1	63	63
n03160309_153.JPEG	11	27	45	43
n03160309_154.JPEG	0	26	63	63
n03160309_155.JPEG	31	16	63	59
n03160309_156.JPEG	0	28	63	42
n03160309_157.JPEG	0	32	52	53
n03160309_158.JPEG	0	20	63	63
n03160309_159.JPEG	0	8	63	63
n03160309_160.JPEG	17	18	63	51
n03160309_161.JPEG	0	30	63	63
n03160309_162.JPEG	0	2	63	63
n03160309_163.JPEG	7	16	63	39
n03160309_164.JPEG	0	13	63	63
n03160309_165.JPEG	0	20	59	63
n03160309_166.JPEG	0	39	63	63
n03160309_167.JPEG	0	20	63	63
n03160309_168.JPEG	0	15	45	63
n03160309_169.JPEG	0	11	63	63
n03160309_170.JPEG	0	3	63	63
n03160309_171.JPEG	0	1	63	48
n03160309_172.JPEG	35	2	63	63
n03160309_173.JPEG	0	12	63	44
n03160309_174.JPEG	0	27	63	63
n03160309_175.JPEG	0	22	63	27
n03160309_176.JPEG	9	16	56	32
n03160309_177.JPEG	44	13	63	50
n03160309_178.JPEG	0	0	63	29
n03160309_179.JPEG	0	25	63	63
n03160309_180.JPEG	0	20	63	29
n03160309_181.JPEG	42	0	63	63
n03160309_182.JPEG	0	0	62	63
n03160309_183.JPEG	15	9	48	50
n03160309_184.JPEG	0	16	63	63
n03160309_185.JPEG	4	14	63	28
n03160309_186.JPEG	0	35	63	42
n03160309_187.JPEG	0	32	63	47
n03160309_188.JPEG	0	28	63	63
n03160309_189.JPEG	16	23	63	61
n03160309_190.JPEG	0	17	63	48
n03160309_191.JPEG	0	0	63	63
n03160309_192.JPEG	0	15	58	63
n03160309_193.JPEG	0	23	63	63
n03160309_194.JPEG	0	7	63	52
n03160309_195.JPEG	15	12	53	38
n03160309_196.JPEG	3	23	48	63
n03160309_197.JPEG	0	19	63	41
n03160309_198.JPEG	0	10	62	63
n03160309_199.JPEG	0	13	63	63
n03160309_200.JPEG	3	21	63	63
n03160309_201.JPEG	0	20	63	63
n03160309_202.JPEG	4	1	63	63
n03160309_203.JPEG	0	20	39	34
n03160309_204.JPEG	0	0	63	63
n03160309_205.JPEG	0	0	63	44
n03160309_206.JPEG	0	19	55	58
n03160309_207.JPEG	0	35	63	63
n03160309_208.JPEG	0	0	39	63
n03160309_209.JPEG	0	26	63	54
n03160309_210.JPEG	20	0	63	63
n03160309_211.JPEG	0	35	63	57
n03160309_212.JPEG	2	17	63	52
n03160309_213.JPEG	0	16	63	36
n03160309_214.JPEG	0	20	63	63
n03160309_215.JPEG	10	8	59	46
n03160309_216.JPEG	0	0	63	58
n03160309_217.JPEG	0	30	63	47
n03160309_218.JPEG	0	15	63	63
n03160309_219.JPEG	0	25	63	51
n03160309_220.JPEG	0	0	63	63
n03160309_221.JPEG	2	25	53	36
n03160309_222.JPEG	0	0	48	63
n03160309_223.JPEG	0	25	63	45
n03160309_224.JPEG	0	0	63	63
n03160309_225.JPEG	0	33	63	63
n03160309_226.JPEG	25	30	52	63
n03160309_227.JPEG	0	5	63	63
n03160309_228.JPEG	0	11	44	52
n03160309_229.JPEG	0	26	63	47
n03160309_230.JPEG	0	5	63	63
n03160309_231.JPEG	0	18	63	63
n03160309_232.JPEG	5	23	63	58
n03160309_233.JPEG	0	10	63	63
n03160309_234.JPEG	25	16	63	53
n03160309_235.JPEG	1	12	63	63
n03160309_236.JPEG	0	0	63	63
n03160309_237.JPEG	29	15	53	63
n03160309_238.JPEG	13	28	48	55
n03160309_239.JPEG	0	9	63	58
n03160309_240.JPEG	0	21	63	32
n03160309_241.JPEG	0	12	63	63
n03160309_242.JPEG	24	22	56	45
n03160309_243.JPEG	0	29	63	63
n03160309_244.JPEG	0	15	46	60
n03160309_245.JPEG	0	23	62	41
n03160309_246.JPEG	0	4	63	63
n03160309_247.JPEG	0	0	63	56
n03160309_248.JPEG	0	15	49	63
n03160309_249.JPEG	0	23	63	63
n03160309_250.JPEG	10	34	57	47
n03160309_251.JPEG	11	12	63	63
n03160309_252.JPEG	6	10	63	63
n03160309_253.JPEG	0	2	40	16
n03160309_254.JPEG	1	31	55	63
n03160309_255.JPEG	21	5	63	63
n03160309_256.JPEG	0	13	63	49
n03160309_257.JPEG	0	7	63	63
n03160309_258.JPEG	0	20	63	62
n03160309_259.JPEG	0	19	62	36
n03160309_260.JPEG	0	28	4	54
n03160309_261.JPEG	3	5	63	63
n03160309_262.JPEG	41	12	63	63
n03160309_263.JPEG	0	0	60	33
n03160309_264.JPEG	0	18	63	34
n03160309_265.JPEG	0	43	63	63
n03160309_266.JPEG	8	0	63	63
n03160309_267.JPEG	0	11	63	63
n03160309_268.JPEG	0	21	63	63
n03160309_269.JPEG	0	27	47	46
n03160309_270.JPEG	2	15	56	47
n03160309_271.JPEG	21	21	63	63
n03160309_272.JPEG	0	13	63	63
n03160309_273.JPEG	0	7	63	63
n03160309_274.JPEG	0	13	63	42
n03160309_275.JPEG	0	11	63	55
n03160309_276.JPEG	0	27	63	53
n03160309_277.JPEG	0	16	63	57
n03160309_278.JPEG	0	11	42	16
n03160309_279.JPEG	0	8	63	63
n03160309_280.JPEG	0	6	63	60
n03160309_281.JPEG	0	15	63	63
n03160309_282.JPEG	0	17	63	63
n03160309_283.JPEG	0	6	48	23
n03160309_284.JPEG	0	3	63	63
n03160309_285.JPEG	0	9	63	50
n03160309_286.JPEG	19	25	63	37
n03160309_287.JPEG	0	21	63	63
n03160309_288.JPEG	1	16	54	38
n03160309_289.JPEG	0	25	44	56
n03160309_290.JPEG	42	8	63	63
n03160309_291.JPEG	0	0	63	63
n03160309_292.JPEG	1	0	63	63
n03160309_293.JPEG	0	27	63	63
n03160309_294.JPEG	0	22	63	41
n03160309_295.JPEG	0	13	63	36
n03160309_296.JPEG	0	32	63	51
n03160309_297.JPEG	0	0	63	63
n03160309_298.JPEG	0	22	63	63
n03160309_299.JPEG	0	0	49	62
n03160309_300.JPEG	0	24	38	34
n03160309_301.JPEG	0	11	63	63
n03160309_302.JPEG	0	0	63	54
n03160309_303.JPEG	0	0	63	63
n03160309_304.JPEG	0	25	63	63
n03160309_305.JPEG	0	20	63	63
n03160309_306.JPEG	12	29	63	47
n03160309_307.JPEG	0	22	63	48
n03160309_308.JPEG	0	13	63	26
n03160309_309.JPEG	7	12	63	34
n03160309_310.JPEG	0	0	63	63
n03160309_311.JPEG	0	30	63	55
n03160309_312.JPEG	0	1	63	63
n03160309_313.JPEG	0	9	47	55
n03160309_314.JPEG	0	37	51	51
n03160309_315.JPEG	0	24	59	51
n03160309_316.JPEG	0	0	63	63
n03160309_317.JPEG	3	19	58	39
n03160309_318.JPEG	59	39	63	43
n03160309_319.JPEG	0	0	63	63
n03160309_320.JPEG	0	28	63	60
n03160309_321.JPEG	0	1	62	63
n03160309_322.JPEG	0	18	63	56
n03160309_323.JPEG	28	32	63	63
n03160309_324.JPEG	0	14	63	63
n03160309_325.JPEG	3	25	21	43
n03160309_326.JPEG	13	26	59	63
n03160309_327.JPEG	0	16	63	57
n03160309_328.JPEG	0	10	61	63
n03160309_329.JPEG	0	0	63	38
n03160309_330.JPEG	0	5	63	63
n03160309_331.JPEG	0	14	63	52
n03160309_332.JPEG	0	9	63	63
n03160309_333.JPEG	25	8	63	24
n03160309_334.JPEG	0	0	63	63
n03160309_335.JPEG	0	41	43	63
n03160309_336.JPEG	14	0	63	63
n03160309_337.JPEG	0	9	63	62
n03160309_338.JPEG	0	6	63	63
n03160309_339.JPEG	0	19	57	56
n03160309_340.JPEG	0	22	63	47
n03160309_341.JPEG	0	8	63	29
n03160309_342.JPEG	7	19	63	45
n03160309_343.JPEG	0	28	55	63
n03160309_344.JPEG	0	25	63	59
n03160309_345.JPEG	6	5	63	63
n03160309_346.JPEG	47	19	63	52
n03160309_347.JPEG	0	22	63	52
n03160309_348.JPEG	0	9	63	62
n03160309_349.JPEG	0	5	63	59
n03160309_350.JPEG	12	17	63	63
n03160309_351.JPEG	0	11	49	63
n03160309_352.JPEG	0	27	62	52
n03160309_353.JPEG	0	21	63	55
n03160309_354.JPEG	0	14	63	38
n03160309_355.JPEG	0	13	63	39
n03160309_356.JPEG	0	22	63	63
n03160309_357.JPEG	0	13	63	63
n03160309_358.JPEG	0	32	63	53
n03160309_359.JPEG	6	0	63	63
n03160309_360.JPEG	0	41	63	55
n03160309_361.JPEG	0	0	63	44
n03160309_362.JPEG	0	30	33	35
n03160309_363.JPEG	0	21	63	63
n03160309_364.JPEG	0	1	63	63
n03160309_365.JPEG	0	0	63	63
n03160309_366.JPEG	0	38	60	63
n03160309_367.JPEG	0	8	54	63
n03160309_368.JPEG	0	5	63	53
n03160309_369.JPEG	0	26	59	46
n03160309_370.JPEG	40	27	63	63
n03160309_371.JPEG	2	13	39	42
n03160309_372.JPEG	7	25	63	35
n03160309_373.JPEG	0	6	50	62
n03160309_374.JPEG	0	6	63	44
n03160309_375.JPEG	17	31	63	41
n03160309_376.JPEG	0	32	27	44
n03160309_377.JPEG	0	45	63	54
n03160309_378.JPEG	12	23	63	63
n03160309_379.JPEG	21	19	62	44
n03160309_380.JPEG	23	35	63	63
n03160309_381.JPEG	0	3	63	57
n03160309_382.JPEG	0	14	60	43
n03160309_383.JPEG	0	0	63	58
n03160309_384.JPEG	0	13	63	63
n03160309_385.JPEG	1	45	63	63
n03160309_386.JPEG	0	27	63	54
n03160309_387.JPEG	0	0	63	63
n03160309_388.JPEG	0	25	63	61
n03160309_389.JPEG	0	28	57	63
n03160309_390.JPEG	0	6	63	63
n03160309_391.JPEG	15	32	63	45
n03160309_392.JPEG	14	0	63	63
n03160309_393.JPEG	0	27	49	44
n03160309_394.JPEG	0	24	63	62
n03160309_395.JPEG	0	17	63	28
n03160309_396.JPEG	0	21	63	59
n03160309_397.JPEG	10	27	63	63
n03160309_398.JPEG	0	5	63	48
n03160309_399.JPEG	0	1	63	44
n03160309_400.JPEG	42	15	63	63
n03160309_401.JPEG	33	19	63	34
n03160309_402.JPEG	0	22	63	63
n03160309_403.JPEG	0	6	63	63
n03160309_404.JPEG	7	22	53	43
n03160309_405.JPEG	0	5	63	63
n03160309_406.JPEG	2	18	49	50
n03160309_407.JPEG	0	46	63	63
n03160309_408.JPEG	14	4	63	63
n03160309_409.JPEG	3	0	24	56
n03160309_410.JPEG	0	13	63	63
n03160309_411.JPEG	27	28	61	49
n03160309_412.JPEG	0	20	63	48
n03160309_413.JPEG	0	18	42	63
n03160309_414.JPEG	0	9	56	63
n03160309_415.JPEG	21	34	63	50
n03160309_416.JPEG	0	0	63	63
n03160309_417.JPEG	0	25	63	61
n03160309_418.JPEG	0	19	63	33
n03160309_419.JPEG	0	27	63	60
n03160309_420.JPEG	23	18	63	63
n03160309_421.JPEG	0	10	26	56
n03160309_422.JPEG	0	23	63	52
n03160309_423.JPEG	0	15	63	43
n03160309_424.JPEG	0	11	55	23
n03160309_425.JPEG	0	9	12	39
n03160309_426.JPEG	0	1	63	63
n03160309_427.JPEG	40	28	63	41
n03160309_428.JPEG	16	14	63	63
n03160309_429.JPEG	26	8	56	52
n03160309_430.JPEG	0	5	63	63
n03160309_431.JPEG	0	11	63	37
n03160309_432.JPEG	0	1	36	59
n03160309_433.JPEG	21	23	49	63
n03160309_434.JPEG	0	0	63	60
n03160309_435.JPEG	0	22	63	41
n03160309_436.JPEG	0	18	63	63
n03160309_437.JPEG	0	0	63	63
n03160309_438.JPEG	0	0	63	63
n03160309_439.JPEG	0	29	55	50
n03160309_440.JPEG	0	1	63	63
n03160309_441.JPEG	0	15	63	30
n03160309_442.JPEG	19	10	63	28
n03160309_443.JPEG	12	21	63	63
n03160309_444.JPEG	0	20	63	47
n03160309_445.JPEG	0	14	63	54
n03160309_446.JPEG	0	24	56	63
n03160309_447.JPEG	0	4	63	42
n03160309_448.JPEG	0	20	23	63
n03160309_449.JPEG	0	11	63	63
n03160309_450.JPEG	15	17	46	36
n03160309_451.JPEG	0	0	63	63
n03160309_452.JPEG	0	25	63	39
n03160309_453.JPEG	3	19	54	35
n03160309_454.JPEG	28	27	63	57
n03160309_455.JPEG	0	4	63	56
n03160309_456.JPEG	0	0	47	60
n03160309_457.JPEG	0	2	37	55
n03160309_458.JPEG	0	36	63	62
n03160309_459.JPEG	14	14	63	38
n03160309_460.JPEG	0	33	63	63
n03160309_461.JPEG	0	27	35	63
n03160309_462.JPEG	16	26	46	49
n03160309_463.JPEG	0	0	63	63
n03160309_464.JPEG	0	17	62	63
n03160309_465.JPEG	0	32	63	63
n03160309_466.JPEG	0	0	63	51
n03160309_467.JPEG	0	30	18	63
n03160309_468.JPEG	0	14	63	42
n03160309_469.JPEG	0	34	44	63
n03160309_470.JPEG	1	22	63	63
n03160309_471.JPEG	1	4	63	62
n03160309_472.JPEG	0	6	51	63
n03160309_473.JPEG	15	32	63	63
n03160309_474.JPEG	0	0	63	63
n03160309_475.JPEG	11	35	56	42
n03160309_476.JPEG	0	28	63	61
n03160309_477.JPEG	0	15	63	35
n03160309_478.JPEG	0	3	63	63
n03160309_479.JPEG	13	23	44	35
n03160309_480.JPEG	1	1	63	63
n03160309_481.JPEG	0	8	63	56
n03160309_482.JPEG	0	16	63	63
n03160309_483.JPEG	0	13	39	31
n03160309_484.JPEG	0	18	63	41
n03160309_485.JPEG	0	27	63	41
n03160309_486.JPEG	0	21	63	55
n03160309_487.JPEG	47	31	58	41
n03160309_488.JPEG	0	19	42	36
n03160309_489.JPEG	0	20	42	60
n03160309_490.JPEG	0	19	41	32
n03160309_491.JPEG	0	4	63	63
n03160309_492.JPEG	1	7	63	63
n03160309_493.JPEG	5	5	54	63
n03160309_494.JPEG	15	11	42	54
n03160309_495.JPEG	0	4	63	63
n03160309_496.JPEG	16	28	61	49
n03160309_497.JPEG	0	12	63	30
n03160309_498.JPEG	0	0	63	63
n03160309_499.JPEG	38	27	54	38
