n02123045_0.JPEG	0	15	39	44
n02123045_1.JPEG	0	0	63	63
n02123045_2.JPEG	0	1	63	60
n02123045_3.JPEG	0	2	63	63
n02123045_4.JPEG	0	12	36	63
n02123045_5.JPEG	3	5	63	58
n02123045_6.JPEG	0	2	63	57
n02123045_7.JPEG	0	7	63	61
n02123045_8.JPEG	0	0	63	63
n02123045_9.JPEG	17	19	53	51
n02123045_10.JPEG	0	4	63	63
n02123045_11.JPEG	6	12	58	58
n02123045_12.JPEG	15	4	43	26
n02123045_13.JPEG	17	0	48	63
n02123045_14.JPEG	0	0	63	63
n02123045_15.JPEG	2	4	63	56
n02123045_16.JPEG	0	0	58	41
n02123045_17.JPEG	0	10	58	63
n02123045_18.JPEG	6	15	59	61
n02123045_19.JPEG	0	9	63	63
n02123045_20.JPEG	12	1	63	63
n02123045_21.JPEG	0	11	60	61
n02123045_22.JPEG	0	2	63	63
n02123045_23.JPEG	0	0	63	63
n02123045_24.JPEG	0	9	63	56
n02123045_25.JPEG	7	1	54	63
n02123045_26.JPEG	5	0	55	63
n02123045_27.JPEG	0	3	63	63
n02123045_28.JPEG	12	10	54	63
n02123045_29.JPEG	0	17	63	59
n02123045_30.JPEG	0	0	57	63
n02123045_31.JPEG	0	14	63	57
n02123045_32.JPEG	0	4	63	58
n02123045_33.JPEG	1	1	49	63
n02123045_34.JPEG	1	0	63	63
n02123045_35.JPEG	0	7	60	63
n02123045_36.JPEG	0	8	63	56
n02123045_37.JPEG	13	9	63	55
n02123045_38.JPEG	0	0	63	55
n02123045_39.JPEG	36	7	63	54
n02123045_40.JPEG	0	18	44	49
n02123045_41.JPEG	0	0	60	63
n02123045_42.JPEG	10	7	63	63
n02123045_43.JPEG	13	2	55	63
n02123045_44.JPEG	0	0	63	63
n02123045_45.JPEG	12	23	31	46
n02123045_46.JPEG	2	4	62	58
n02123045_47.JPEG	21	7	61	63
n02123045_48.JPEG	0	9	63	57
n02123045_49.JPEG	22	9	56	56
n02123045_50.JPEG	0	3	63	57
n02123045_51.JPEG	1	0	63	63
n02123045_52.JPEG	0	0	63	63
n02123045_53.JPEG	0	23	42	61
n02123045_54.JPEG	0	28	20	62
n02123045_55.JPEG	0	18	63	60
n02123045_56.JPEG	2	0	63	63
n02123045_57.JPEG	39	7	63	49
n02123045_58.JPEG	0	0	63	63
n02123045_59.JPEG	0	0	63	63
n02123045_60.JPEG	24	19	58	59
n02123045_61.JPEG	0	0	63	63
n02123045_62.JPEG	0	3	63	63
n02123045_63.JPEG	0	10	61	61
n02123045_64.JPEG	13	22	59	58
n02123045_65.JPEG	0	1	63	63
n02123045_66.JPEG	0	3	63	61
n02123045_67.JPEG	6	0	54	63
n02123045_68.JPEG	0	5	59	63
n02123045_69.JPEG	0	14	31	35
n02123045_70.JPEG	8	8	63	55
n02123045_71.JPEG	0	0	57	63
n02123045_72.JPEG	22	0	58	57
n02123045_73.JPEG	0	14	63	63
n02123045_74.JPEG	0	2	63	63
n02123045_75.JPEG	0	9	63	56
n02123045_76.JPEG	0	0	63	46
n02123045_77.JPEG	2	2	63	63
n02123045_78.JPEG	20	0	63	63
n02123045_79.JPEG	0	1	63	63
n02123045_80.JPEG	2	0	57	63
n02123045_81.JPEG	0	8	56	48
n02123045_82.JPEG	0	0	63	63
n02123045_83.JPEG	0	0	63	63
n02123045_84.JPEG	18	19	57	63
n02123045_85.JPEG	0	1	63	63
n02123045_86.JPEG	11	3	50	48
n02123045_87.JPEG	0	2	54	57
n02123045_88.JPEG	0	0	63	63
n02123045_89.JPEG	38	21	61	53
n02123045_90.JPEG	1	0	63	63
n02123045_91.JPEG	0	1	63	63
n02123045_92.JPEG	1	0	63	57
n02123045_93.JPEG	0	4	59	61
n02123045_94.JPEG	0	20	63	57
n02123045_95.JPEG	21	2	61	63
n02123045_96.JPEG	0	0	63	63
n02123045_97.JPEG	8	0	63	63
n02123045_98.JPEG	14	0	63	63
n02123045_99.JPEG	0	0	63	63
n02123045_100.JPEG	0	5	63	63
n02123045_101.JPEG	0	12	52	57
n02123045_102.JPEG	15	2	63	58
n02123045_103.JPEG	15	9	62	49
n02123045_104.JPEG	20	18	63	63
n02123045_105.JPEG	5	0	63	63
n02123045_106.JPEG	8	5	63	58
n02123045_107.JPEG	7	0	63	63
n02123045_108.JPEG	8	1	62	53
n02123045_109.JPEG	7	6	63	63
n02123045_110.JPEG	0	5	63	61
n02123045_111.JPEG	0	0	63	63
n02123045_112.JPEG	26	6	63	52
n02123045_113.JPEG	6	12	63	43
n02123045_114.JPEG	1	4	59	61
n02123045_115.JPEG	0	1	63	63
n02123045_116.JPEG	0	24	30	44
n02123045_117.JPEG	0	1	63	63
n02123045_118.JPEG	15	16	36	58
n02123045_119.JPEG	0	17	58	57
n02123045_120.JPEG	11	3	63	58
n02123045_121.JPEG	20	6	63	38
n02123045_122.JPEG	12	5	63	56
n02123045_123.JPEG	1	0	63	58
n02123045_124.JPEG	0	4	57	63
n02123045_125.JPEG	1	0	63	63
n02123045_126.JPEG	0	0	63	63
n02123045_127.JPEG	0	0	63	63
n02123045_128.JPEG	0	0	63	63
n02123045_129.JPEG	20	13	51	61
n02123045_130.JPEG	9	0	57	63
n02123045_131.JPEG	0	14	52	63
n02123045_132.JPEG	0	12	63	49
n02123045_133.JPEG	20	0	53	63
n02123045_134.JPEG	0	0	63	63
n02123045_135.JPEG	0	0	63	63
n02123045_136.JPEG	1	0	58	63
n02123045_137.JPEG	0	0	63	59
n02123045_138.JPEG	0	2	61	52
n02123045_139.JPEG	0	0	63	63
n02123045_140.JPEG	0	0	63	63
n02123045_141.JPEG	0	0	63	55
n02123045_142.JPEG	0	0	63	63
n02123045_143.JPEG	0	11	48	63
n02123045_144.JPEG	2	0	63	63
n02123045_145.JPEG	17	0	62	63
n02123045_146.JPEG	10	0	55	63
n02123045_147.JPEG	12	1	63	63
n02123045_148.JPEG	0	1	63	60
n02123045_149.JPEG	4	0	63	63
n02123045_150.JPEG	23	23	63	58
n02123045_151.JPEG	0	1	63	63
n02123045_152.JPEG	0	1	63	63
n02123045_153.JPEG	0	3	63	63
n02123045_154.JPEG	23	21	63	56
n02123045_155.JPEG	0	12	63	58
n02123045_156.JPEG	5	0	59	63
n02123045_157.JPEG	0	14	63	56
n02123045_158.JPEG	0	0	53	63
n02123045_159.JPEG	6	0	52	63
n02123045_160.JPEG	15	3	63	63
n02123045_161.JPEG	0	0	63	63
n02123045_162.JPEG	0	1	63	58
n02123045_163.JPEG	0	16	63	63
n02123045_164.JPEG	12	10	63	55
n02123045_165.JPEG	8	0	53	63
n02123045_166.JPEG	16	6	46	37
n02123045_167.JPEG	8	0	60	63
n02123045_168.JPEG	9	8	61	60
n02123045_169.JPEG	0	1	63	63
n02123045_170.JPEG	2	2	62	62
n02123045_171.JPEG	2	0	63	63
n02123045_172.JPEG	17	1	63	60
n02123045_173.JPEG	1	4	59	62
n02123045_174.JPEG	0	8	63	60
n02123045_175.JPEG	21	3	63	47
n02123045_176.JPEG	17	17	63	53
n02123045_177.JPEG	11	7	49	63
n02123045_178.JPEG	23	1	55	20
n02123045_179.JPEG	0	0	57	63
n02123045_180.JPEG	0	5	19	63
n02123045_181.JPEG	0	1	63	63
n02123045_182.JPEG	0	5	63	59
n02123045_183.JPEG	14	6	61	63
n02123045_184.JPEG	0	11	63	57
n02123045_185.JPEG	9	0	63	63
n02123045_186.JPEG	0	7	56	57
n02123045_187.JPEG	0	0	63	63
n02123045_188.JPEG	0	8	63	60
n02123045_189.JPEG	0	0	38	63
n02123045_190.JPEG	15	2	63	63
n02123045_191.JPEG	0	0	63	63
n02123045_192.JPEG	0	14	63	58
n02123045_193.JPEG	14	10	51	60
n02123045_194.JPEG	19	7	51	57
n02123045_195.JPEG	16	1	61	63
n02123045_196.JPEG	0	1	54	63
n02123045_197.JPEG	6	10	47	55
n02123045_198.JPEG	0	18	63	63
n02123045_199.JPEG	10	2	63	63
n02123045_200.JPEG	0	7	53	57
n02123045_201.JPEG	0	11	63	63
n02123045_202.JPEG	7	4	51	63
n02123045_203.JPEG	0	10	63	43
n02123045_204.JPEG	0	1	63	58
n02123045_205.JPEG	0	1	63	63
n02123045_206.JPEG	8	26	63	48
n02123045_207.JPEG	16	20	40	34
n02123045_208.JPEG	17	19	51	49
n02123045_209.JPEG	16	1	63	63
n02123045_210.JPEG	0	5	63	63
n02123045_211.JPEG	26	2	61	63
n02123045_212.JPEG	0	3	63	54
n02123045_213.JPEG	9	0	63	63
n02123045_214.JPEG	0	0	63	63
n02123045_215.JPEG	7	3	53	63
n02123045_216.JPEG	0	0	63	63
n02123045_217.JPEG	6	0	58	63
n02123045_218.JPEG	23	18	45	54
n02123045_219.JPEG	11	5	63	61
n02123045_220.JPEG	0	4	53	63
n02123045_221.JPEG	34	0	63	59
n02123045_222.JPEG	34	25	63	60
n02123045_223.JPEG	15	12	58	63
n02123045_224.JPEG	21	0	49	57
n02123045_225.JPEG	3	15	52	57
n02123045_226.JPEG	12	7	42	63
n02123045_227.JPEG	0	1	63	63
n02123045_228.JPEG	0	0	63	63
n02123045_229.JPEG	5	0	56	63
n02123045_230.JPEG	0	4	63	60
n02123045_231.JPEG	1	0	63	63
n02123045_232.JPEG	5	0	63	63
n02123045_233.JPEG	27	17	48	48
n02123045_234.JPEG	11	0	52	63
n02123045_235.JPEG	9	11	63	55
n02123045_236.JPEG	0	1	63	63
n02123045_237.JPEG	28	7	63	63
n02123045_238.JPEG	0	1	63	63
n02123045_239.JPEG	0	4	63	63
n02123045_240.JPEG	0	0	63	61
n02123045_241.JPEG	1	0	59	63
n02123045_242.JPEG	0	1	63	63
n02123045_243.JPEG	3	1	63	63
n02123045_244.JPEG	0	0	47	63
n02123045_245.JPEG	0	0	63	63
n02123045_246.JPEG	12	2	44	54
n02123045_247.JPEG	10	18	63	57
n02123045_248.JPEG	0	15	63	63
n02123045_249.JPEG	27	19	49	38
n02123045_250.JPEG	0	0	63	63
n02123045_251.JPEG	2	10	55	63
n02123045_252.JPEG	0	16	63	46
n02123045_253.JPEG	20	7	63	58
n02123045_254.JPEG	13	21	46	44
n02123045_255.JPEG	0	0	63	63
n02123045_256.JPEG	13	13	50	63
n02123045_257.JPEG	0	6	49	63
n02123045_258.JPEG	8	11	63	63
n02123045_259.JPEG	14	8	48	59
n02123045_260.JPEG	1	0	60	63
n02123045_261.JPEG	0	1	59	49
n02123045_262.JPEG	0	1	59	63
n02123045_263.JPEG	0	1	63	55
n02123045_264.JPEG	0	8	63	62
n02123045_265.JPEG	33	11	63	63
n02123045_266.JPEG	0	2	63	52
n02123045_267.JPEG	11	3	50	63
n02123045_268.JPEG	0	5	45	63
n02123045_269.JPEG	0	0	52	47
n02123045_270.JPEG	0	0	63	63
n02123045_271.JPEG	0	7	56	48
n02123045_272.JPEG	29	12	63	38
n02123045_273.JPEG	3	3	63	63
n02123045_274.JPEG	0	3	63	63
n02123045_275.JPEG	14	6	49	57
n02123045_276.JPEG	0	10	63	63
n02123045_277.JPEG	10	30	57	63
n02123045_278.JPEG	2	5	53	57
n02123045_279.JPEG	0	15	63	56
n02123045_280.JPEG	0	9	53	55
n02123045_281.JPEG	3	2	52	61
n02123045_282.JPEG	0	1	63	50
n02123045_283.JPEG	4	3	51	59
n02123045_284.JPEG	0	2	63	62
n02123045_285.JPEG	9	0	63	63
n02123045_286.JPEG	1	0	63	55
n02123045_287.JPEG	0	0	63	63
n02123045_288.JPEG	0	0	63	63
n02123045_289.JPEG	22	11	63	63
n02123045_290.JPEG	0	0	60	63
n02123045_291.JPEG	1	0	63	63
n02123045_292.JPEG	0	11	53	51
n02123045_293.JPEG	0	0	63	63
n02123045_294.JPEG	7	1	52	60
n02123045_295.JPEG	6	12	63	63
n02123045_296.JPEG	18	10	63	63
n02123045_297.JPEG	30	28	53	49
n02123045_298.JPEG	0	9	63	62
n02123045_299.JPEG	16	1	63	60
n02123045_300.JPEG	2	2	63	60
n02123045_301.JPEG	0	5	63	60
n02123045_302.JPEG	5	0	59	63
n02123045_303.JPEG	9	3	53	63
n02123045_304.JPEG	20	0	62	63
n02123045_305.JPEG	0	14	63	63
n02123045_306.JPEG	14	0	63	54
n02123045_307.JPEG	8	0	63	63
n02123045_308.JPEG	23	21	63	57
n02123045_309.JPEG	0	5	63	58
n02123045_310.JPEG	0	7	63	52
n02123045_311.JPEG	25	14	48	63
n02123045_312.JPEG	0	0	63	63
n02123045_313.JPEG	15	48	30	60
n02123045_314.JPEG	24	7	58	63
n02123045_315.JPEG	4	7	57	62
n02123045_316.JPEG	5	7	54	58
n02123045_317.JPEG	0	1	63	63
n02123045_318.JPEG	0	0	63	48
n02123045_319.JPEG	0	4	63	61
n02123045_320.JPEG	19	0	63	63
n02123045_321.JPEG	26	1	63	39
n02123045_322.JPEG	0	1	63	63
n02123045_323.JPEG	0	2	48	63
n02123045_324.JPEG	0	0	63	63
n02123045_325.JPEG	1	0	54	63
n02123045_326.JPEG	6	3	61	60
n02123045_327.JPEG	0	7	58	63
n02123045_328.JPEG	0	1	63	51
n02123045_329.JPEG	5	3	52	63
n02123045_330.JPEG	4	8	20	50
n02123045_331.JPEG	39	26	63	35
n02123045_332.JPEG	0	0	63	46
n02123045_333.JPEG	0	0	63	63
n02123045_334.JPEG	0	20	63	42
n02123045_335.JPEG	4	0	60	62
n02123045_336.JPEG	27	21	63	62
n02123045_337.JPEG	0	24	22	60
n02123045_338.JPEG	0	8	24	52
n02123045_339.JPEG	0	1	63	63
n02123045_340.JPEG	0	3	63	63
n02123045_341.JPEG	0	9	63	46
n02123045_342.JPEG	0	3	63	54
n02123045_343.JPEG	1	2	63	63
n02123045_344.JPEG	0	0	63	63
n02123045_345.JPEG	0	1	63	49
n02123045_346.JPEG	16	3	62	63
n02123045_347.JPEG	20	10	39	45
n02123045_348.JPEG	12	19	49	41
n02123045_349.JPEG	0	0	62	63
n02123045_350.JPEG	14	0	62	63
n02123045_351.JPEG	6	11	55	51
n02123045_352.JPEG	5	0	57	63
n02123045_353.JPEG	0	4	58	63
n02123045_354.JPEG	1	2	63	63
n02123045_355.JPEG	27	0	63	47
n02123045_356.JPEG	18	22	42	55
n02123045_357.JPEG	0	17	63	49
n02123045_358.JPEG	20	12	50	61
n02123045_359.JPEG	0	1	63	58
n02123045_360.JPEG	10	4	63	55
n02123045_361.JPEG	4	11	55	63
n02123045_362.JPEG	0	0	63	63
n02123045_363.JPEG	0	0	48	62
n02123045_364.JPEG	19	6	47	63
n02123045_365.JPEG	14	0	55	63
n02123045_366.JPEG	0	1	63	59
n02123045_367.JPEG	8	12	51	52
n02123045_368.JPEG	0	0	63	63
n02123045_369.JPEG	0	17	54	60
n02123045_370.JPEG	0	16	63	60
n02123045_371.JPEG	14	4	63	63
n02123045_372.JPEG	0	1	63	63
n02123045_373.JPEG	0	29	41	63
n02123045_374.JPEG	0	0	48	63
n02123045_375.JPEG	6	2	63	63
n02123045_376.JPEG	0	7	56	63
n02123045_377.JPEG	2	1	60	63
n02123045_378.JPEG	6	1	53	63
n02123045_379.JPEG	0	0	63	63
n02123045_380.JPEG	0	7	63	60
n02123045_381.JPEG	16	0	49	63
n02123045_382.JPEG	10	0	61	63
n02123045_383.JPEG	0	7	63	63
n02123045_384.JPEG	0	9	63	63
n02123045_385.JPEG	0	0	63	53
n02123045_386.JPEG	0	0	59	63
n02123045_387.JPEG	0	13	63	60
n02123045_388.JPEG	7	4	60	60
n02123045_389.JPEG	1	0	63	63
n02123045_390.JPEG	0	0	47	60
n02123045_391.JPEG	5	0	63	48
n02123045_392.JPEG	0	0	63	63
n02123045_393.JPEG	0	3	55	56
n02123045_394.JPEG	5	0	63	63
n02123045_395.JPEG	0	7	46	63
n02123045_396.JPEG	19	12	55	63
n02123045_397.JPEG	14	21	44	42
n02123045_398.JPEG	0	0	62	63
n02123045_399.JPEG	0	0	63	61
n02123045_400.JPEG	0	1	49	63
n02123045_401.JPEG	0	0	63	63
n02123045_402.JPEG	4	0	56	63
n02123045_403.JPEG	0	0	63	63
n02123045_404.JPEG	9	2	63	63
n02123045_405.JPEG	0	4	44	40
n02123045_406.JPEG	3	9	61	60
n02123045_407.JPEG	2	16	51	63
n02123045_408.JPEG	6	5	63	63
n02123045_409.JPEG	0	2	63	63
n02123045_410.JPEG	0	13	63	63
n02123045_411.JPEG	22	0	62	63
n02123045_412.JPEG	0	8	63	55
n02123045_413.JPEG	23	30	42	56
n02123045_414.JPEG	4	1	63	63
n02123045_415.JPEG	3	0	63	63
n02123045_416.JPEG	0	0	63	50
n02123045_417.JPEG	3	0	63	57
n02123045_418.JPEG	2	6	62	56
n02123045_419.JPEG	0	0	63	63
n02123045_420.JPEG	0	0	63	63
n02123045_421.JPEG	11	14	60	63
n02123045_422.JPEG	26	16	63	53
n02123045_423.JPEG	11	10	63	44
n02123045_424.JPEG	0	6	60	54
n02123045_425.JPEG	0	0	53	63
n02123045_426.JPEG	1	0	55	63
n02123045_427.JPEG	2	3	63	56
n02123045_428.JPEG	12	12	63	48
n02123045_429.JPEG	35	6	63	40
n02123045_430.JPEG	4	2	63	63
n02123045_431.JPEG	0	3	63	63
n02123045_432.JPEG	0	32	43	63
n02123045_433.JPEG	0	7	63	63
n02123045_434.JPEG	5	23	63	49
n02123045_435.JPEG	0	4	63	63
n02123045_436.JPEG	0	0	62	63
n02123045_437.JPEG	5	42	63	62
n02123045_438.JPEG	1	8	60	51
n02123045_439.JPEG	6	2	63	54
n02123045_440.JPEG	0	0	63	56
n02123045_441.JPEG	1	1	63	63
n02123045_442.JPEG	0	9	63	44
n02123045_443.JPEG	7	12	63	63
n02123045_444.JPEG	0	0	45	56
n02123045_445.JPEG	0	0	63	63
n02123045_446.JPEG	0	7	60	53
n02123045_447.JPEG	0	3	38	59
n02123045_448.JPEG	12	6	45	51
n02123045_449.JPEG	19	11	39	31
n02123045_450.JPEG	13	0	54	63
n02123045_451.JPEG	0	5	58	62
n02123045_452.JPEG	10	1	37	63
n02123045_453.JPEG	0	3	62	62
n02123045_454.JPEG	0	0	53	62
n02123045_455.JPEG	13	6	52	63
n02123045_456.JPEG	0	21	63	48
n02123045_457.JPEG	0	0	61	63
n02123045_458.JPEG	6	0	63	63
n02123045_459.JPEG	0	2	63	63
n02123045_460.JPEG	18	7	47	60
n02123045_461.JPEG	0	14	63	57
n02123045_462.JPEG	0	4	63	63
n02123045_463.JPEG	0	4	63	63
n02123045_464.JPEG	16	4	63	50
n02123045_465.JPEG	10	8	63	42
n02123045_466.JPEG	27	4	42	18
n02123045_467.JPEG	0	0	63	63
n02123045_468.JPEG	0	8	55	63
n02123045_469.JPEG	7	1	63	63
n02123045_470.JPEG	1	0	63	63
n02123045_471.JPEG	0	4	63	60
n02123045_472.JPEG	19	30	63	60
n02123045_473.JPEG	4	0	63	63
n02123045_474.JPEG	29	17	63	52
n02123045_475.JPEG	0	13	63	57
n02123045_476.JPEG	0	0	63	63
n02123045_477.JPEG	6	0	48	63
n02123045_478.JPEG	37	34	60	61
n02123045_479.JPEG	0	1	63	58
n02123045_480.JPEG	4	0	63	63
n02123045_481.JPEG	0	4	52	63
n02123045_482.JPEG	14	0	51	63
n02123045_483.JPEG	31	2	57	52
n02123045_484.JPEG	0	0	63	63
n02123045_485.JPEG	0	0	63	63
n02123045_486.JPEG	4	8	63	57
n02123045_487.JPEG	0	1	63	63
n02123045_488.JPEG	0	9	63	52
n02123045_489.JPEG	15	4	63	60
n02123045_490.JPEG	18	0	63	63
n02123045_491.JPEG	14	0	57	63
n02123045_492.JPEG	0	16	63	51
n02123045_493.JPEG	0	7	63	54
n02123045_494.JPEG	8	0	50	63
n02123045_495.JPEG	0	0	63	63
n02123045_496.JPEG	11	21	29	42
n02123045_497.JPEG	8	10	50	57
n02123045_498.JPEG	0	3	63	58
n02123045_499.JPEG	1	3	54	63
