n03100240_0.JPEG	0	14	63	63
n03100240_1.JPEG	5	30	58	52
n03100240_2.JPEG	0	10	63	60
n03100240_3.JPEG	0	12	63	59
n03100240_4.JPEG	0	14	63	49
n03100240_5.JPEG	0	5	63	54
n03100240_6.JPEG	0	22	50	55
n03100240_7.JPEG	0	19	63	52
n03100240_8.JPEG	0	6	63	60
n03100240_9.JPEG	2	19	63	56
n03100240_10.JPEG	0	13	63	61
n03100240_11.JPEG	0	12	63	52
n03100240_12.JPEG	0	20	63	55
n03100240_13.JPEG	0	12	63	58
n03100240_14.JPEG	0	9	63	56
n03100240_15.JPEG	9	31	63	49
n03100240_16.JPEG	0	12	63	52
n03100240_17.JPEG	1	31	63	58
n03100240_18.JPEG	2	20	63	52
n03100240_19.JPEG	0	5	63	62
n03100240_20.JPEG	0	8	63	63
n03100240_21.JPEG	18	21	63	44
n03100240_22.JPEG	0	12	63	51
n03100240_23.JPEG	0	8	63	53
n03100240_24.JPEG	0	16	63	53
n03100240_25.JPEG	0	15	63	51
n03100240_26.JPEG	0	17	63	40
n03100240_27.JPEG	0	16	63	48
n03100240_28.JPEG	0	7	63	60
n03100240_29.JPEG	0	6	63	61
n03100240_30.JPEG	0	12	63	58
n03100240_31.JPEG	0	19	63	54
n03100240_32.JPEG	0	24	63	51
n03100240_33.JPEG	0	9	63	57
n03100240_34.JPEG	0	3	63	63
n03100240_35.JPEG	0	19	63	44
n03100240_36.JPEG	0	15	63	51
n03100240_37.JPEG	0	12	63	55
n03100240_38.JPEG	0	12	63	56
n03100240_39.JPEG	0	30	63	61
n03100240_40.JPEG	0	3	63	63
n03100240_41.JPEG	0	16	63	47
n03100240_42.JPEG	0	16	63	60
n03100240_43.JPEG	0	15	63	57
n03100240_44.JPEG	0	16	63	49
n03100240_45.JPEG	0	23	63	48
n03100240_46.JPEG	9	25	53	54
n03100240_47.JPEG	0	14	63	57
n03100240_48.JPEG	3	14	63	56
n03100240_49.JPEG	1	33	63	58
n03100240_50.JPEG	0	15	63	45
n03100240_51.JPEG	14	19	57	54
n03100240_52.JPEG	0	33	63	63
n03100240_53.JPEG	0	5	63	42
n03100240_54.JPEG	0	16	63	53
n03100240_55.JPEG	0	20	63	62
n03100240_56.JPEG	0	11	63	62
n03100240_57.JPEG	0	5	63	53
n03100240_58.JPEG	0	4	63	58
n03100240_59.JPEG	16	26	63	56
n03100240_60.JPEG	14	15	38	25
n03100240_61.JPEG	0	15	63	55
n03100240_62.JPEG	9	17	63	63
n03100240_63.JPEG	0	13	63	48
n03100240_64.JPEG	0	34	63	56
n03100240_65.JPEG	0	24	63	49
n03100240_66.JPEG	0	24	63	59
n03100240_67.JPEG	31	27	63	46
n03100240_68.JPEG	0	33	63	63
n03100240_69.JPEG	0	18	63	48
n03100240_70.JPEG	0	1	63	63
n03100240_71.JPEG	0	13	63	52
n03100240_72.JPEG	8	35	62	56
n03100240_73.JPEG	0	30	63	55
n03100240_74.JPEG	0	32	31	55
n03100240_75.JPEG	0	17	63	59
n03100240_76.JPEG	0	15	63	51
n03100240_77.JPEG	0	1	63	62
n03100240_78.JPEG	0	16	63	56
n03100240_79.JPEG	0	23	63	54
n03100240_80.JPEG	0	9	63	54
n03100240_81.JPEG	0	20	63	55
n03100240_82.JPEG	0	9	63	54
n03100240_83.JPEG	0	11	62	57
n03100240_84.JPEG	0	23	63	54
n03100240_85.JPEG	0	7	63	60
n03100240_86.JPEG	0	21	63	58
n03100240_87.JPEG	0	21	63	48
n03100240_88.JPEG	0	22	63	59
n03100240_89.JPEG	0	5	63	60
n03100240_90.JPEG	0	12	63	58
n03100240_91.JPEG	0	19	63	60
n03100240_92.JPEG	0	6	59	50
n03100240_93.JPEG	0	17	63	62
n03100240_94.JPEG	31	28	63	59
n03100240_95.JPEG	0	17	63	57
n03100240_96.JPEG	0	20	63	58
n03100240_97.JPEG	0	14	53	46
n03100240_98.JPEG	2	22	63	56
n03100240_99.JPEG	0	13	63	62
n03100240_100.JPEG	0	2	63	63
n03100240_101.JPEG	2	20	63	58
n03100240_102.JPEG	0	9	52	57
n03100240_103.JPEG	0	10	63	57
n03100240_104.JPEG	0	29	63	56
n03100240_105.JPEG	0	35	63	61
n03100240_106.JPEG	0	4	63	61
n03100240_107.JPEG	0	2	63	61
n03100240_108.JPEG	0	13	63	47
n03100240_109.JPEG	0	3	63	61
n03100240_110.JPEG	0	22	63	61
n03100240_111.JPEG	0	16	63	59
n03100240_112.JPEG	2	24	63	51
n03100240_113.JPEG	0	29	63	56
n03100240_114.JPEG	0	24	63	58
n03100240_115.JPEG	0	16	63	53
n03100240_116.JPEG	0	17	63	56
n03100240_117.JPEG	3	28	32	48
n03100240_118.JPEG	0	4	63	62
n03100240_119.JPEG	1	21	63	63
n03100240_120.JPEG	12	26	63	55
n03100240_121.JPEG	0	18	63	55
n03100240_122.JPEG	0	17	63	61
n03100240_123.JPEG	0	4	63	61
n03100240_124.JPEG	0	4	63	50
n03100240_125.JPEG	0	12	63	54
n03100240_126.JPEG	0	9	63	52
n03100240_127.JPEG	1	28	63	47
n03100240_128.JPEG	0	15	63	57
n03100240_129.JPEG	0	17	63	53
n03100240_130.JPEG	0	1	63	63
n03100240_131.JPEG	0	16	63	59
n03100240_132.JPEG	0	1	63	63
n03100240_133.JPEG	0	17	63	59
n03100240_134.JPEG	0	11	63	49
n03100240_135.JPEG	0	11	63	57
n03100240_136.JPEG	0	6	63	57
n03100240_137.JPEG	0	15	63	63
n03100240_138.JPEG	0	41	56	57
n03100240_139.JPEG	0	21	63	56
n03100240_140.JPEG	0	3	63	59
n03100240_141.JPEG	0	17	63	46
n03100240_142.JPEG	0	6	63	60
n03100240_143.JPEG	0	12	63	54
n03100240_144.JPEG	0	9	63	56
n03100240_145.JPEG	0	7	63	61
n03100240_146.JPEG	0	9	62	57
n03100240_147.JPEG	0	9	63	63
n03100240_148.JPEG	0	31	63	63
n03100240_149.JPEG	0	22	58	53
n03100240_150.JPEG	0	17	63	62
n03100240_151.JPEG	0	22	63	54
n03100240_152.JPEG	2	13	60	54
n03100240_153.JPEG	4	35	63	63
n03100240_154.JPEG	7	19	58	49
n03100240_155.JPEG	0	17	63	55
n03100240_156.JPEG	0	0	63	63
n03100240_157.JPEG	0	20	63	43
n03100240_158.JPEG	0	10	63	58
n03100240_159.JPEG	0	2	63	59
n03100240_160.JPEG	0	11	63	57
n03100240_161.JPEG	0	14	63	52
n03100240_162.JPEG	0	14	63	56
n03100240_163.JPEG	0	11	63	44
n03100240_164.JPEG	0	5	63	55
n03100240_165.JPEG	0	11	63	56
n03100240_166.JPEG	0	11	63	60
n03100240_167.JPEG	0	1	63	63
n03100240_168.JPEG	0	13	63	37
n03100240_169.JPEG	0	11	63	62
n03100240_170.JPEG	0	11	63	48
n03100240_171.JPEG	2	23	62	53
n03100240_172.JPEG	13	43	55	62
n03100240_173.JPEG	3	14	60	55
n03100240_174.JPEG	0	24	63	54
n03100240_175.JPEG	0	14	63	58
n03100240_176.JPEG	0	6	63	55
n03100240_177.JPEG	0	28	63	54
n03100240_178.JPEG	0	15	63	54
n03100240_179.JPEG	0	5	63	59
n03100240_180.JPEG	0	4	63	63
n03100240_181.JPEG	0	20	63	61
n03100240_182.JPEG	0	4	63	63
n03100240_183.JPEG	0	2	63	63
n03100240_184.JPEG	1	25	63	58
n03100240_185.JPEG	3	5	62	52
n03100240_186.JPEG	0	3	63	61
n03100240_187.JPEG	0	5	63	56
n03100240_188.JPEG	11	27	63	63
n03100240_189.JPEG	0	12	63	59
n03100240_190.JPEG	0	7	63	61
n03100240_191.JPEG	0	20	57	39
n03100240_192.JPEG	0	10	63	55
n03100240_193.JPEG	0	19	63	62
n03100240_194.JPEG	1	16	63	60
n03100240_195.JPEG	0	2	63	60
n03100240_196.JPEG	0	24	51	43
n03100240_197.JPEG	0	2	63	62
n03100240_198.JPEG	0	12	63	62
n03100240_199.JPEG	0	0	63	63
n03100240_200.JPEG	0	16	63	61
n03100240_201.JPEG	0	4	63	63
n03100240_202.JPEG	6	10	63	50
n03100240_203.JPEG	0	4	63	63
n03100240_204.JPEG	6	33	63	62
n03100240_205.JPEG	0	4	63	62
n03100240_206.JPEG	0	10	63	57
n03100240_207.JPEG	0	5	63	62
n03100240_208.JPEG	0	18	63	58
n03100240_209.JPEG	0	12	63	58
n03100240_210.JPEG	0	10	63	58
n03100240_211.JPEG	0	9	63	62
n03100240_212.JPEG	8	17	55	51
n03100240_213.JPEG	0	18	63	60
n03100240_214.JPEG	0	28	63	55
n03100240_215.JPEG	0	14	63	53
n03100240_216.JPEG	0	23	63	59
n03100240_217.JPEG	0	14	63	62
n03100240_218.JPEG	0	29	63	63
n03100240_219.JPEG	0	3	63	63
n03100240_220.JPEG	0	15	63	51
n03100240_221.JPEG	0	27	63	48
n03100240_222.JPEG	9	20	43	27
n03100240_223.JPEG	0	13	63	55
n03100240_224.JPEG	0	4	63	63
n03100240_225.JPEG	0	13	63	49
n03100240_226.JPEG	0	0	60	42
n03100240_227.JPEG	0	15	63	56
n03100240_228.JPEG	0	25	63	52
n03100240_229.JPEG	3	8	63	59
n03100240_230.JPEG	0	11	63	54
n03100240_231.JPEG	0	4	63	56
n03100240_232.JPEG	0	17	63	46
n03100240_233.JPEG	0	19	63	61
n03100240_234.JPEG	10	15	57	47
n03100240_235.JPEG	0	13	63	62
n03100240_236.JPEG	0	5	63	47
n03100240_237.JPEG	11	25	63	55
n03100240_238.JPEG	0	27	63	55
n03100240_239.JPEG	0	1	63	63
n03100240_240.JPEG	0	9	63	59
n03100240_241.JPEG	0	12	63	49
n03100240_242.JPEG	0	17	63	56
n03100240_243.JPEG	5	24	61	47
n03100240_244.JPEG	0	26	63	47
n03100240_245.JPEG	0	21	63	58
n03100240_246.JPEG	0	29	63	63
n03100240_247.JPEG	21	20	63	33
n03100240_248.JPEG	2	16	59	52
n03100240_249.JPEG	0	8	63	48
n03100240_250.JPEG	0	17	63	54
n03100240_251.JPEG	0	23	63	61
n03100240_252.JPEG	0	25	60	58
n03100240_253.JPEG	7	18	57	47
n03100240_254.JPEG	0	21	60	45
n03100240_255.JPEG	7	18	63	55
n03100240_256.JPEG	0	21	63	44
n03100240_257.JPEG	0	26	63	57
n03100240_258.JPEG	3	20	61	47
n03100240_259.JPEG	0	20	63	52
n03100240_260.JPEG	0	14	63	58
n03100240_261.JPEG	0	15	63	54
n03100240_262.JPEG	0	15	63	48
n03100240_263.JPEG	0	12	63	50
n03100240_264.JPEG	0	20	63	60
n03100240_265.JPEG	0	21	63	53
n03100240_266.JPEG	0	16	63	55
n03100240_267.JPEG	14	37	61	54
n03100240_268.JPEG	10	5	57	14
n03100240_269.JPEG	0	14	63	55
n03100240_270.JPEG	0	25	63	55
n03100240_271.JPEG	0	20	63	63
n03100240_272.JPEG	0	1	63	63
n03100240_273.JPEG	13	22	63	63
n03100240_274.JPEG	0	9	63	58
n03100240_275.JPEG	0	0	63	63
n03100240_276.JPEG	0	11	63	48
n03100240_277.JPEG	12	22	63	47
n03100240_278.JPEG	0	7	63	56
n03100240_279.JPEG	13	40	50	52
n03100240_280.JPEG	0	7	63	58
n03100240_281.JPEG	0	18	63	53
n03100240_282.JPEG	4	7	62	51
n03100240_283.JPEG	7	34	63	53
n03100240_284.JPEG	0	18	63	57
n03100240_285.JPEG	0	24	63	55
n03100240_286.JPEG	0	9	63	51
n03100240_287.JPEG	0	15	63	49
n03100240_288.JPEG	0	20	63	46
n03100240_289.JPEG	0	10	63	56
n03100240_290.JPEG	0	13	63	54
n03100240_291.JPEG	0	2	63	63
n03100240_292.JPEG	0	18	60	52
n03100240_293.JPEG	0	16	63	59
n03100240_294.JPEG	0	21	63	48
n03100240_295.JPEG	0	0	63	63
n03100240_296.JPEG	0	3	63	58
n03100240_297.JPEG	6	0	63	63
n03100240_298.JPEG	0	5	63	59
n03100240_299.JPEG	9	9	62	61
n03100240_300.JPEG	0	9	63	63
n03100240_301.JPEG	0	7	63	57
n03100240_302.JPEG	0	1	63	63
n03100240_303.JPEG	0	12	63	59
n03100240_304.JPEG	0	6	63	59
n03100240_305.JPEG	1	19	63	61
n03100240_306.JPEG	3	19	63	61
n03100240_307.JPEG	0	12	63	48
n03100240_308.JPEG	0	25	63	63
n03100240_309.JPEG	0	13	63	58
n03100240_310.JPEG	0	19	52	55
n03100240_311.JPEG	0	15	63	62
n03100240_312.JPEG	0	8	63	57
n03100240_313.JPEG	0	21	63	59
n03100240_314.JPEG	0	9	63	63
n03100240_315.JPEG	0	10	55	48
n03100240_316.JPEG	9	14	63	59
n03100240_317.JPEG	0	13	63	56
n03100240_318.JPEG	0	1	63	63
n03100240_319.JPEG	0	14	63	57
n03100240_320.JPEG	0	16	63	63
n03100240_321.JPEG	0	27	49	46
n03100240_322.JPEG	13	25	60	53
n03100240_323.JPEG	0	18	61	62
n03100240_324.JPEG	0	19	63	54
n03100240_325.JPEG	0	1	63	63
n03100240_326.JPEG	0	13	63	56
n03100240_327.JPEG	0	13	63	39
n03100240_328.JPEG	0	22	63	51
n03100240_329.JPEG	0	2	63	48
n03100240_330.JPEG	1	7	63	51
n03100240_331.JPEG	0	0	63	63
n03100240_332.JPEG	0	42	53	59
n03100240_333.JPEG	0	2	63	53
n03100240_334.JPEG	0	21	63	63
n03100240_335.JPEG	0	12	63	58
n03100240_336.JPEG	0	14	63	57
n03100240_337.JPEG	0	37	63	63
n03100240_338.JPEG	0	18	63	62
n03100240_339.JPEG	0	14	63	48
n03100240_340.JPEG	2	19	63	52
n03100240_341.JPEG	0	19	63	61
n03100240_342.JPEG	25	35	63	57
n03100240_343.JPEG	0	6	63	63
n03100240_344.JPEG	30	30	61	46
n03100240_345.JPEG	0	16	63	58
n03100240_346.JPEG	0	6	63	55
n03100240_347.JPEG	0	1	63	63
n03100240_348.JPEG	0	25	63	59
n03100240_349.JPEG	0	22	63	61
n03100240_350.JPEG	0	14	63	63
n03100240_351.JPEG	0	8	63	49
n03100240_352.JPEG	0	16	63	44
n03100240_353.JPEG	0	10	63	60
n03100240_354.JPEG	0	27	63	61
n03100240_355.JPEG	0	4	63	60
n03100240_356.JPEG	10	41	53	60
n03100240_357.JPEG	0	15	63	54
n03100240_358.JPEG	25	30	63	50
n03100240_359.JPEG	0	25	63	54
n03100240_360.JPEG	0	21	63	63
n03100240_361.JPEG	0	12	63	59
n03100240_362.JPEG	0	13	63	60
n03100240_363.JPEG	0	16	63	49
n03100240_364.JPEG	0	23	63	57
n03100240_365.JPEG	0	1	63	63
n03100240_366.JPEG	0	22	63	61
n03100240_367.JPEG	0	20	63	57
n03100240_368.JPEG	0	11	63	56
n03100240_369.JPEG	0	10	63	53
n03100240_370.JPEG	0	11	63	58
n03100240_371.JPEG	0	15	63	47
n03100240_372.JPEG	0	28	63	55
n03100240_373.JPEG	0	17	63	58
n03100240_374.JPEG	0	16	63	51
n03100240_375.JPEG	0	26	63	59
n03100240_376.JPEG	20	9	63	44
n03100240_377.JPEG	0	17	63	57
n03100240_378.JPEG	0	28	63	60
n03100240_379.JPEG	0	0	63	63
n03100240_380.JPEG	0	1	63	63
n03100240_381.JPEG	0	5	63	62
n03100240_382.JPEG	0	2	63	57
n03100240_383.JPEG	0	5	63	61
n03100240_384.JPEG	0	17	63	52
n03100240_385.JPEG	0	28	63	55
n03100240_386.JPEG	0	8	63	48
n03100240_387.JPEG	5	16	63	46
n03100240_388.JPEG	2	37	57	56
n03100240_389.JPEG	0	16	63	59
n03100240_390.JPEG	0	15	60	62
n03100240_391.JPEG	16	63	63	63
n03100240_392.JPEG	0	17	63	60
n03100240_393.JPEG	8	18	54	55
n03100240_394.JPEG	0	26	63	61
n03100240_395.JPEG	3	27	55	60
n03100240_396.JPEG	0	4	63	63
n03100240_397.JPEG	0	13	63	62
n03100240_398.JPEG	0	0	63	63
n03100240_399.JPEG	0	0	63	63
n03100240_400.JPEG	0	18	63	57
n03100240_401.JPEG	0	12	59	54
n03100240_402.JPEG	0	14	63	42
n03100240_403.JPEG	0	5	63	58
n03100240_404.JPEG	0	19	63	62
n03100240_405.JPEG	2	14	63	50
n03100240_406.JPEG	0	19	43	49
n03100240_407.JPEG	0	9	62	57
n03100240_408.JPEG	0	19	63	52
n03100240_409.JPEG	9	44	45	61
n03100240_410.JPEG	0	27	58	60
n03100240_411.JPEG	0	17	60	52
n03100240_412.JPEG	0	9	63	60
n03100240_413.JPEG	0	15	63	61
n03100240_414.JPEG	3	25	63	54
n03100240_415.JPEG	0	21	51	56
n03100240_416.JPEG	0	16	63	60
n03100240_417.JPEG	9	20	60	50
n03100240_418.JPEG	0	5	63	59
n03100240_419.JPEG	0	22	63	49
n03100240_420.JPEG	0	11	63	53
n03100240_421.JPEG	0	10	63	59
n03100240_422.JPEG	0	30	63	60
n03100240_423.JPEG	0	23	63	54
n03100240_424.JPEG	0	3	63	61
n03100240_425.JPEG	0	5	63	58
n03100240_426.JPEG	1	34	63	60
n03100240_427.JPEG	0	6	63	63
n03100240_428.JPEG	0	15	63	63
n03100240_429.JPEG	0	31	63	56
n03100240_430.JPEG	0	20	63	62
n03100240_431.JPEG	0	15	63	63
n03100240_432.JPEG	2	19	52	55
n03100240_433.JPEG	0	3	63	56
n03100240_434.JPEG	0	8	63	54
n03100240_435.JPEG	3	19	63	56
n03100240_436.JPEG	0	7	63	55
n03100240_437.JPEG	0	8	63	59
n03100240_438.JPEG	0	2	63	63
n03100240_439.JPEG	0	17	63	62
n03100240_440.JPEG	0	1	63	63
n03100240_441.JPEG	0	4	63	60
n03100240_442.JPEG	0	23	63	47
n03100240_443.JPEG	0	5	63	58
n03100240_444.JPEG	0	5	63	58
n03100240_445.JPEG	0	30	63	47
n03100240_446.JPEG	0	7	63	57
n03100240_447.JPEG	0	20	63	63
n03100240_448.JPEG	0	25	63	54
n03100240_449.JPEG	0	25	63	51
n03100240_450.JPEG	0	7	63	58
n03100240_451.JPEG	0	2	63	63
n03100240_452.JPEG	0	2	63	62
n03100240_453.JPEG	0	20	63	52
n03100240_454.JPEG	0	1	63	63
n03100240_455.JPEG	0	1	63	63
n03100240_456.JPEG	0	30	63	63
n03100240_457.JPEG	0	5	63	58
n03100240_458.JPEG	0	12	63	61
n03100240_459.JPEG	0	20	63	63
n03100240_460.JPEG	1	20	63	43
n03100240_461.JPEG	0	13	63	59
n03100240_462.JPEG	0	2	63	63
n03100240_463.JPEG	0	17	63	47
n03100240_464.JPEG	0	0	63	63
n03100240_465.JPEG	0	2	63	56
n03100240_466.JPEG	0	17	63	56
n03100240_467.JPEG	9	25	63	55
n03100240_468.JPEG	0	19	63	60
n03100240_469.JPEG	0	7	63	56
n03100240_470.JPEG	0	5	63	61
n03100240_471.JPEG	0	31	63	53
n03100240_472.JPEG	0	8	63	63
n03100240_473.JPEG	0	18	63	51
n03100240_474.JPEG	0	23	63	44
n03100240_475.JPEG	0	22	63	59
n03100240_476.JPEG	1	0	63	61
n03100240_477.JPEG	0	5	63	58
n03100240_478.JPEG	0	13	63	63
n03100240_479.JPEG	1	34	63	56
n03100240_480.JPEG	2	15	63	61
n03100240_481.JPEG	0	18	63	53
n03100240_482.JPEG	0	19	63	61
n03100240_483.JPEG	3	27	59	49
n03100240_484.JPEG	0	8	63	58
n03100240_485.JPEG	0	20	63	51
n03100240_486.JPEG	0	1	63	63
n03100240_487.JPEG	0	10	63	46
n03100240_488.JPEG	0	16	63	60
n03100240_489.JPEG	0	2	61	63
n03100240_490.JPEG	0	7	63	56
n03100240_491.JPEG	0	23	63	54
n03100240_492.JPEG	0	11	63	53
n03100240_493.JPEG	0	3	63	55
n03100240_494.JPEG	0	18	63	49
n03100240_495.JPEG	0	11	63	63
n03100240_496.JPEG	0	32	63	54
n03100240_497.JPEG	5	28	56	54
n03100240_498.JPEG	0	34	50	56
n03100240_499.JPEG	0	9	63	45
