n04456115_0.JPEG	13	8	29	34
n04456115_1.JPEG	13	0	20	26
n04456115_2.JPEG	12	5	23	48
n04456115_3.JPEG	26	20	30	60
n04456115_4.JPEG	35	15	49	60
n04456115_5.JPEG	6	0	18	48
n04456115_6.JPEG	20	3	30	55
n04456115_7.JPEG	24	0	38	59
n04456115_8.JPEG	23	21	45	25
n04456115_9.JPEG	19	0	23	24
n04456115_10.JPEG	44	0	51	63
n04456115_11.JPEG	4	32	45	63
n04456115_12.JPEG	13	26	31	63
n04456115_13.JPEG	31	14	35	54
n04456115_14.JPEG	16	3	23	51
n04456115_15.JPEG	5	0	20	63
n04456115_16.JPEG	24	0	27	18
n04456115_17.JPEG	55	10	63	39
n04456115_18.JPEG	12	13	31	55
n04456115_19.JPEG	18	13	35	48
n04456115_20.JPEG	8	0	51	63
n04456115_21.JPEG	11	0	21	36
n04456115_22.JPEG	47	36	63	63
n04456115_23.JPEG	28	1	58	63
n04456115_24.JPEG	9	10	23	44
n04456115_25.JPEG	22	18	31	45
n04456115_26.JPEG	10	11	53	63
n04456115_27.JPEG	23	3	44	63
n04456115_28.JPEG	22	0	29	22
n04456115_29.JPEG	41	15	63	63
n04456115_30.JPEG	12	0	22	63
n04456115_31.JPEG	13	1	23	38
n04456115_32.JPEG	42	23	49	46
n04456115_33.JPEG	26	19	38	63
n04456115_34.JPEG	49	0	59	63
n04456115_35.JPEG	30	9	52	62
n04456115_36.JPEG	17	0	26	22
n04456115_37.JPEG	12	0	41	63
n04456115_38.JPEG	31	0	43	63
n04456115_39.JPEG	7	0	53	63
n04456115_40.JPEG	11	0	51	63
n04456115_41.JPEG	10	29	63	52
n04456115_42.JPEG	34	16	42	33
n04456115_43.JPEG	0	9	62	49
n04456115_44.JPEG	14	0	25	27
n04456115_45.JPEG	51	0	59	43
n04456115_46.JPEG	12	8	28	45
n04456115_47.JPEG	42	0	55	29
n04456115_48.JPEG	4	0	17	45
n04456115_49.JPEG	4	0	20	33
n04456115_50.JPEG	21	1	29	63
n04456115_51.JPEG	26	0	37	58
n04456115_52.JPEG	25	0	52	63
n04456115_53.JPEG	22	3	29	37
n04456115_54.JPEG	12	0	29	59
n04456115_55.JPEG	38	0	46	37
n04456115_56.JPEG	19	7	47	62
n04456115_57.JPEG	37	12	48	61
n04456115_58.JPEG	36	13	41	30
n04456115_59.JPEG	24	9	34	42
n04456115_60.JPEG	23	15	30	44
n04456115_61.JPEG	1	8	61	63
n04456115_62.JPEG	36	15	52	61
n04456115_63.JPEG	45	8	56	32
n04456115_64.JPEG	27	0	34	48
n04456115_65.JPEG	44	0	59	33
n04456115_66.JPEG	6	0	16	51
n04456115_67.JPEG	12	4	25	49
n04456115_68.JPEG	24	21	34	43
n04456115_69.JPEG	12	19	26	49
n04456115_70.JPEG	23	18	43	49
n04456115_71.JPEG	29	12	36	49
n04456115_72.JPEG	4	40	49	48
n04456115_73.JPEG	24	19	29	36
n04456115_74.JPEG	12	0	21	63
n04456115_75.JPEG	21	24	42	31
n04456115_76.JPEG	7	0	18	61
n04456115_77.JPEG	32	11	41	45
n04456115_78.JPEG	11	0	22	20
n04456115_79.JPEG	34	0	43	11
n04456115_80.JPEG	15	0	20	15
n04456115_81.JPEG	0	10	62	52
n04456115_82.JPEG	50	0	54	20
n04456115_83.JPEG	8	12	16	27
n04456115_84.JPEG	54	0	61	43
n04456115_85.JPEG	13	1	21	53
n04456115_86.JPEG	0	15	25	63
n04456115_87.JPEG	11	20	25	42
n04456115_88.JPEG	25	22	39	58
n04456115_89.JPEG	51	13	56	35
n04456115_90.JPEG	22	0	35	19
n04456115_91.JPEG	1	32	26	63
n04456115_92.JPEG	22	13	48	61
n04456115_93.JPEG	11	0	18	50
n04456115_94.JPEG	34	28	43	57
n04456115_95.JPEG	9	9	18	63
n04456115_96.JPEG	19	4	32	46
n04456115_97.JPEG	8	0	18	45
n04456115_98.JPEG	22	0	30	37
n04456115_99.JPEG	0	6	63	59
n04456115_100.JPEG	22	9	25	34
n04456115_101.JPEG	0	0	32	63
n04456115_102.JPEG	33	9	48	55
n04456115_103.JPEG	27	12	43	63
n04456115_104.JPEG	13	0	26	63
n04456115_105.JPEG	32	22	34	36
n04456115_106.JPEG	21	11	33	63
n04456115_107.JPEG	13	0	27	56
n04456115_108.JPEG	27	0	35	9
n04456115_109.JPEG	0	7	63	63
n04456115_110.JPEG	39	3	53	47
n04456115_111.JPEG	39	15	62	43
n04456115_112.JPEG	37	15	43	63
n04456115_113.JPEG	46	11	63	63
n04456115_114.JPEG	0	5	53	63
n04456115_115.JPEG	15	0	21	24
n04456115_116.JPEG	28	9	36	63
n04456115_117.JPEG	28	0	39	19
n04456115_118.JPEG	9	35	37	43
n04456115_119.JPEG	39	9	46	41
n04456115_120.JPEG	21	18	28	34
n04456115_121.JPEG	19	29	40	48
n04456115_122.JPEG	36	0	63	28
n04456115_123.JPEG	1	14	63	57
n04456115_124.JPEG	23	25	31	35
n04456115_125.JPEG	9	4	59	59
n04456115_126.JPEG	49	17	63	63
n04456115_127.JPEG	5	0	17	30
n04456115_128.JPEG	29	0	39	63
n04456115_129.JPEG	39	9	44	27
n04456115_130.JPEG	21	0	44	63
n04456115_131.JPEG	9	0	45	63
n04456115_132.JPEG	12	0	20	27
n04456115_133.JPEG	25	19	30	58
n04456115_134.JPEG	25	48	36	63
n04456115_135.JPEG	5	16	12	50
n04456115_136.JPEG	30	0	63	20
n04456115_137.JPEG	17	0	29	48
n04456115_138.JPEG	48	5	61	48
n04456115_139.JPEG	24	1	32	57
n04456115_140.JPEG	29	1	39	41
n04456115_141.JPEG	36	0	44	5
n04456115_142.JPEG	9	16	26	63
n04456115_143.JPEG	26	5	30	40
n04456115_144.JPEG	27	11	38	33
n04456115_145.JPEG	9	0	24	18
n04456115_146.JPEG	30	0	35	44
n04456115_147.JPEG	4	0	13	38
n04456115_148.JPEG	32	19	35	53
n04456115_149.JPEG	11	20	23	60
n04456115_150.JPEG	16	2	48	63
n04456115_151.JPEG	0	12	63	60
n04456115_152.JPEG	13	0	23	55
n04456115_153.JPEG	7	9	19	21
n04456115_154.JPEG	21	6	30	41
n04456115_155.JPEG	34	19	40	46
n04456115_156.JPEG	0	12	9	63
n04456115_157.JPEG	37	7	62	63
n04456115_158.JPEG	0	1	0	63
n04456115_159.JPEG	2	5	6	23
n04456115_160.JPEG	18	0	42	59
n04456115_161.JPEG	33	27	37	35
n04456115_162.JPEG	18	5	39	43
n04456115_163.JPEG	27	1	42	25
n04456115_164.JPEG	12	5	22	43
n04456115_165.JPEG	3	11	11	32
n04456115_166.JPEG	53	5	62	63
n04456115_167.JPEG	59	1	63	48
n04456115_168.JPEG	39	0	54	45
n04456115_169.JPEG	31	14	39	42
n04456115_170.JPEG	19	2	31	31
n04456115_171.JPEG	42	6	63	63
n04456115_172.JPEG	0	2	22	55
n04456115_173.JPEG	13	13	25	63
n04456115_174.JPEG	29	0	44	63
n04456115_175.JPEG	24	0	39	41
n04456115_176.JPEG	13	1	25	63
n04456115_177.JPEG	25	3	53	37
n04456115_178.JPEG	54	0	63	23
n04456115_179.JPEG	25	40	34	63
n04456115_180.JPEG	31	2	33	16
n04456115_181.JPEG	7	6	29	52
n04456115_182.JPEG	0	20	63	52
n04456115_183.JPEG	19	16	22	28
n04456115_184.JPEG	29	13	45	39
n04456115_185.JPEG	23	0	42	38
n04456115_186.JPEG	25	14	36	63
n04456115_187.JPEG	21	5	32	42
n04456115_188.JPEG	35	1	41	33
n04456115_189.JPEG	8	0	30	53
n04456115_190.JPEG	9	10	18	45
n04456115_191.JPEG	26	9	34	41
n04456115_192.JPEG	4	0	23	63
n04456115_193.JPEG	46	1	54	53
n04456115_194.JPEG	4	2	63	63
n04456115_195.JPEG	47	1	60	60
n04456115_196.JPEG	0	0	14	63
n04456115_197.JPEG	12	0	31	50
n04456115_198.JPEG	12	17	22	48
n04456115_199.JPEG	33	5	38	24
n04456115_200.JPEG	11	9	18	29
n04456115_201.JPEG	41	13	51	33
n04456115_202.JPEG	17	7	44	63
n04456115_203.JPEG	11	0	29	37
n04456115_204.JPEG	21	2	32	52
n04456115_205.JPEG	24	5	44	63
n04456115_206.JPEG	5	0	19	45
n04456115_207.JPEG	21	20	49	58
n04456115_208.JPEG	17	13	46	45
n04456115_209.JPEG	43	24	57	46
n04456115_210.JPEG	5	0	23	63
n04456115_211.JPEG	22	19	37	39
n04456115_212.JPEG	52	15	59	27
n04456115_213.JPEG	10	5	25	45
n04456115_214.JPEG	39	0	57	62
n04456115_215.JPEG	34	21	46	42
n04456115_216.JPEG	29	2	40	26
n04456115_217.JPEG	20	0	44	42
n04456115_218.JPEG	24	9	36	39
n04456115_219.JPEG	15	9	23	22
n04456115_220.JPEG	26	4	50	63
n04456115_221.JPEG	11	7	17	35
n04456115_222.JPEG	17	0	33	62
n04456115_223.JPEG	3	0	13	32
n04456115_224.JPEG	0	30	17	63
n04456115_225.JPEG	12	1	18	23
n04456115_226.JPEG	7	1	17	32
n04456115_227.JPEG	26	21	45	60
n04456115_228.JPEG	0	35	48	63
n04456115_229.JPEG	47	34	63	63
n04456115_230.JPEG	0	13	13	63
n04456115_231.JPEG	7	13	17	41
n04456115_232.JPEG	26	29	29	39
n04456115_233.JPEG	22	1	33	43
n04456115_234.JPEG	31	13	39	41
n04456115_235.JPEG	0	4	63	63
n04456115_236.JPEG	2	5	8	46
n04456115_237.JPEG	0	0	6	26
n04456115_238.JPEG	46	0	54	47
n04456115_239.JPEG	24	0	29	24
n04456115_240.JPEG	24	5	40	41
n04456115_241.JPEG	24	8	55	55
n04456115_242.JPEG	24	0	62	63
n04456115_243.JPEG	7	11	16	53
n04456115_244.JPEG	39	3	53	63
n04456115_245.JPEG	17	8	53	63
n04456115_246.JPEG	6	0	23	53
n04456115_247.JPEG	42	0	55	32
n04456115_248.JPEG	43	26	44	32
n04456115_249.JPEG	22	15	49	63
n04456115_250.JPEG	29	16	48	56
n04456115_251.JPEG	45	4	63	54
n04456115_252.JPEG	37	14	46	38
n04456115_253.JPEG	7	0	26	41
n04456115_254.JPEG	45	26	54	39
n04456115_255.JPEG	27	0	36	63
n04456115_256.JPEG	28	10	38	41
n04456115_257.JPEG	8	0	19	47
n04456115_258.JPEG	19	0	25	32
n04456115_259.JPEG	0	13	35	48
n04456115_260.JPEG	12	0	21	51
n04456115_261.JPEG	25	0	32	34
n04456115_262.JPEG	37	13	48	57
n04456115_263.JPEG	30	16	41	42
n04456115_264.JPEG	16	24	39	41
n04456115_265.JPEG	23	24	25	36
n04456115_266.JPEG	49	7	55	60
n04456115_267.JPEG	56	20	63	53
n04456115_268.JPEG	3	6	13	48
n04456115_269.JPEG	47	15	55	46
n04456115_270.JPEG	23	1	34	31
n04456115_271.JPEG	23	16	26	26
n04456115_272.JPEG	25	12	31	56
n04456115_273.JPEG	7	1	18	63
n04456115_274.JPEG	7	5	15	48
n04456115_275.JPEG	16	16	49	40
n04456115_276.JPEG	18	0	44	63
n04456115_277.JPEG	17	0	55	63
n04456115_278.JPEG	17	0	39	63
n04456115_279.JPEG	12	1	20	21
n04456115_280.JPEG	31	0	40	27
n04456115_281.JPEG	17	25	25	40
n04456115_282.JPEG	26	15	37	63
n04456115_283.JPEG	2	17	62	48
n04456115_284.JPEG	16	32	21	36
n04456115_285.JPEG	9	2	63	63
n04456115_286.JPEG	4	2	14	59
n04456115_287.JPEG	33	10	41	34
n04456115_288.JPEG	18	13	23	31
n04456115_289.JPEG	23	5	33	43
n04456115_290.JPEG	10	0	24	63
n04456115_291.JPEG	10	0	18	54
n04456115_292.JPEG	46	10	49	29
n04456115_293.JPEG	16	0	24	44
n04456115_294.JPEG	22	2	34	41
n04456115_295.JPEG	24	18	36	54
n04456115_296.JPEG	11	0	23	22
n04456115_297.JPEG	19	0	33	63
n04456115_298.JPEG	22	0	39	56
n04456115_299.JPEG	46	4	55	18
n04456115_300.JPEG	11	12	55	63
n04456115_301.JPEG	0	24	2	63
n04456115_302.JPEG	40	17	48	32
n04456115_303.JPEG	10	0	17	42
n04456115_304.JPEG	24	17	31	58
n04456115_305.JPEG	0	1	36	59
n04456115_306.JPEG	4	5	14	63
n04456115_307.JPEG	28	27	33	41
n04456115_308.JPEG	5	1	16	39
n04456115_309.JPEG	24	0	32	33
n04456115_310.JPEG	8	8	30	63
n04456115_311.JPEG	23	10	41	63
n04456115_312.JPEG	19	13	31	36
n04456115_313.JPEG	17	0	27	40
n04456115_314.JPEG	27	5	32	24
n04456115_315.JPEG	20	9	37	36
n04456115_316.JPEG	7	13	24	63
n04456115_317.JPEG	11	0	17	22
n04456115_318.JPEG	16	14	40	40
n04456115_319.JPEG	33	5	40	29
n04456115_320.JPEG	4	7	10	41
n04456115_321.JPEG	24	0	40	26
n04456115_322.JPEG	23	37	29	63
n04456115_323.JPEG	13	28	17	33
n04456115_324.JPEG	0	7	10	28
n04456115_325.JPEG	20	9	27	36
n04456115_326.JPEG	39	9	46	33
n04456115_327.JPEG	23	7	30	43
n04456115_328.JPEG	5	17	63	63
n04456115_329.JPEG	0	23	60	41
n04456115_330.JPEG	6	17	12	53
n04456115_331.JPEG	25	14	30	23
n04456115_332.JPEG	38	0	46	61
n04456115_333.JPEG	23	0	46	63
n04456115_334.JPEG	24	13	27	18
n04456115_335.JPEG	19	9	49	27
n04456115_336.JPEG	5	0	25	43
n04456115_337.JPEG	17	0	23	24
n04456115_338.JPEG	32	26	50	63
n04456115_339.JPEG	28	0	40	63
n04456115_340.JPEG	18	0	56	63
n04456115_341.JPEG	7	0	14	51
n04456115_342.JPEG	34	41	41	55
n04456115_343.JPEG	15	0	21	53
n04456115_344.JPEG	36	15	43	55
n04456115_345.JPEG	0	6	11	35
n04456115_346.JPEG	10	4	15	13
n04456115_347.JPEG	12	0	23	43
n04456115_348.JPEG	23	1	28	28
n04456115_349.JPEG	44	6	53	35
n04456115_350.JPEG	53	1	63	43
n04456115_351.JPEG	17	0	22	31
n04456115_352.JPEG	5	4	13	26
n04456115_353.JPEG	13	0	19	26
n04456115_354.JPEG	39	0	51	52
n04456115_355.JPEG	5	4	34	63
n04456115_356.JPEG	49	11	63	26
n04456115_357.JPEG	19	0	42	63
n04456115_358.JPEG	0	4	3	45
n04456115_359.JPEG	13	0	23	63
n04456115_360.JPEG	17	0	23	23
n04456115_361.JPEG	7	12	23	58
n04456115_362.JPEG	35	27	55	55
n04456115_363.JPEG	16	15	32	39
n04456115_364.JPEG	21	14	37	33
n04456115_365.JPEG	20	2	37	40
n04456115_366.JPEG	22	0	28	34
n04456115_367.JPEG	28	0	51	63
n04456115_368.JPEG	24	17	33	39
n04456115_369.JPEG	46	2	51	41
n04456115_370.JPEG	18	4	30	63
n04456115_371.JPEG	25	37	43	40
n04456115_372.JPEG	10	15	55	42
n04456115_373.JPEG	13	11	20	44
n04456115_374.JPEG	13	0	22	24
n04456115_375.JPEG	29	8	42	63
n04456115_376.JPEG	7	9	15	60
n04456115_377.JPEG	29	1	36	28
n04456115_378.JPEG	35	54	50	63
n04456115_379.JPEG	26	3	39	62
n04456115_380.JPEG	0	3	21	51
n04456115_381.JPEG	19	0	35	56
n04456115_382.JPEG	4	0	18	8
n04456115_383.JPEG	9	11	59	60
n04456115_384.JPEG	0	8	40	55
n04456115_385.JPEG	63	25	63	63
n04456115_386.JPEG	36	19	49	30
n04456115_387.JPEG	25	13	36	63
n04456115_388.JPEG	35	17	40	46
n04456115_389.JPEG	27	4	44	63
n04456115_390.JPEG	13	26	45	63
n04456115_391.JPEG	29	6	35	34
n04456115_392.JPEG	25	11	34	56
n04456115_393.JPEG	15	0	20	29
n04456115_394.JPEG	23	10	34	59
n04456115_395.JPEG	4	0	21	55
n04456115_396.JPEG	8	0	26	63
n04456115_397.JPEG	22	11	30	57
n04456115_398.JPEG	50	5	56	55
n04456115_399.JPEG	41	0	63	45
n04456115_400.JPEG	27	1	36	33
n04456115_401.JPEG	0	16	7	63
n04456115_402.JPEG	21	0	44	63
n04456115_403.JPEG	38	7	63	46
n04456115_404.JPEG	40	2	45	20
n04456115_405.JPEG	24	0	28	14
n04456115_406.JPEG	6	0	15	58
n04456115_407.JPEG	29	5	57	63
n04456115_408.JPEG	14	0	20	38
n04456115_409.JPEG	10	9	25	63
n04456115_410.JPEG	22	1	25	28
n04456115_411.JPEG	39	3	53	39
n04456115_412.JPEG	12	24	53	63
n04456115_413.JPEG	25	8	39	60
n04456115_414.JPEG	30	10	33	40
n04456115_415.JPEG	22	0	47	63
n04456115_416.JPEG	13	10	24	63
n04456115_417.JPEG	0	11	8	52
n04456115_418.JPEG	7	0	19	37
n04456115_419.JPEG	5	7	20	55
n04456115_420.JPEG	36	0	44	36
n04456115_421.JPEG	2	22	63	63
n04456115_422.JPEG	40	2	47	42
n04456115_423.JPEG	31	21	40	49
n04456115_424.JPEG	26	2	31	37
n04456115_425.JPEG	26	13	40	60
n04456115_426.JPEG	9	4	15	22
n04456115_427.JPEG	57	7	61	41
n04456115_428.JPEG	20	0	25	24
n04456115_429.JPEG	40	5	47	63
n04456115_430.JPEG	21	9	30	37
n04456115_431.JPEG	14	8	27	40
n04456115_432.JPEG	26	0	50	63
n04456115_433.JPEG	7	0	15	36
n04456115_434.JPEG	17	25	61	60
n04456115_435.JPEG	31	23	34	49
n04456115_436.JPEG	43	0	58	61
n04456115_437.JPEG	2	5	20	56
n04456115_438.JPEG	8	0	16	47
n04456115_439.JPEG	6	2	14	29
n04456115_440.JPEG	18	10	30	44
n04456115_441.JPEG	0	16	5	30
n04456115_442.JPEG	13	14	39	55
n04456115_443.JPEG	2	0	18	50
n04456115_444.JPEG	29	4	63	63
n04456115_445.JPEG	6	10	29	52
n04456115_446.JPEG	40	0	49	10
n04456115_447.JPEG	31	24	34	47
n04456115_448.JPEG	26	0	31	17
n04456115_449.JPEG	47	18	61	63
n04456115_450.JPEG	42	16	44	23
n04456115_451.JPEG	11	0	25	55
n04456115_452.JPEG	9	0	63	63
n04456115_453.JPEG	49	10	55	31
n04456115_454.JPEG	5	26	28	63
n04456115_455.JPEG	4	0	15	63
n04456115_456.JPEG	25	14	28	34
n04456115_457.JPEG	31	15	35	24
n04456115_458.JPEG	8	2	18	57
n04456115_459.JPEG	24	6	39	39
n04456115_460.JPEG	18	38	42	63
n04456115_461.JPEG	31	25	42	56
n04456115_462.JPEG	55	0	62	44
n04456115_463.JPEG	9	7	39	43
n04456115_464.JPEG	33	5	44	42
n04456115_465.JPEG	26	21	32	55
n04456115_466.JPEG	9	0	19	45
n04456115_467.JPEG	16	0	42	63
n04456115_468.JPEG	10	0	24	41
n04456115_469.JPEG	18	0	47	38
n04456115_470.JPEG	37	3	47	33
n04456115_471.JPEG	19	10	46	63
n04456115_472.JPEG	17	29	27	36
n04456115_473.JPEG	20	25	33	63
n04456115_474.JPEG	10	0	40	59
n04456115_475.JPEG	40	0	48	21
n04456115_476.JPEG	3	11	6	32
n04456115_477.JPEG	18	22	27	59
n04456115_478.JPEG	6	23	12	44
n04456115_479.JPEG	20	0	26	36
n04456115_480.JPEG	24	0	32	52
n04456115_481.JPEG	18	10	31	35
n04456115_482.JPEG	39	17	63	63
n04456115_483.JPEG	6	18	12	38
n04456115_484.JPEG	41	9	44	22
n04456115_485.JPEG	15	0	22	21
n04456115_486.JPEG	2	8	58	63
n04456115_487.JPEG	25	16	28	36
n04456115_488.JPEG	48	2	59	61
n04456115_489.JPEG	28	0	36	50
n04456115_490.JPEG	25	26	47	51
n04456115_491.JPEG	18	0	20	24
n04456115_492.JPEG	54	0	59	44
n04456115_493.JPEG	8	19	30	63
n04456115_494.JPEG	2	0	16	48
n04456115_495.JPEG	53	3	60	34
n04456115_496.JPEG	47	0	62	53
n04456115_497.JPEG	16	24	28	63
n04456115_498.JPEG	34	27	47	49
n04456115_499.JPEG	22	8	26	30
