n02268443_0.JPEG	0	0	63	63
n02268443_1.JPEG	0	16	63	63
n02268443_2.JPEG	4	24	61	60
n02268443_3.JPEG	0	0	63	63
n02268443_4.JPEG	0	6	63	60
n02268443_5.JPEG	0	15	63	57
n02268443_6.JPEG	4	8	63	55
n02268443_7.JPEG	7	1	63	63
n02268443_8.JPEG	6	23	57	56
n02268443_9.JPEG	11	5	55	44
n02268443_10.JPEG	0	7	63	60
n02268443_11.JPEG	0	31	40	54
n02268443_12.JPEG	0	24	62	43
n02268443_13.JPEG	6	16	62	55
n02268443_14.JPEG	3	3	63	57
n02268443_15.JPEG	10	20	40	41
n02268443_16.JPEG	0	10	63	57
n02268443_17.JPEG	1	0	62	63
n02268443_18.JPEG	2	0	58	63
n02268443_19.JPEG	0	9	46	60
n02268443_20.JPEG	0	6	60	61
n02268443_21.JPEG	8	16	41	51
n02268443_22.JPEG	0	9	63	61
n02268443_23.JPEG	3	13	34	41
n02268443_24.JPEG	0	14	55	63
n02268443_25.JPEG	6	11	63	54
n02268443_26.JPEG	0	1	63	63
n02268443_27.JPEG	9	5	63	57
n02268443_28.JPEG	0	14	61	60
n02268443_29.JPEG	5	0	63	48
n02268443_30.JPEG	0	16	63	54
n02268443_31.JPEG	0	0	63	61
n02268443_32.JPEG	4	20	55	51
n02268443_33.JPEG	0	30	34	55
n02268443_34.JPEG	3	3	51	62
n02268443_35.JPEG	0	26	35	43
n02268443_36.JPEG	0	11	63	49
n02268443_37.JPEG	8	18	48	60
n02268443_38.JPEG	0	3	63	62
n02268443_39.JPEG	16	2	63	63
n02268443_40.JPEG	6	18	63	63
n02268443_41.JPEG	0	0	61	63
n02268443_42.JPEG	39	14	58	48
n02268443_43.JPEG	10	20	63	45
n02268443_44.JPEG	0	1	63	63
n02268443_45.JPEG	10	0	63	63
n02268443_46.JPEG	0	1	63	63
n02268443_47.JPEG	0	13	63	63
n02268443_48.JPEG	12	17	63	54
n02268443_49.JPEG	0	4	63	63
n02268443_50.JPEG	11	25	42	50
n02268443_51.JPEG	11	18	63	63
n02268443_52.JPEG	0	30	55	46
n02268443_53.JPEG	15	27	33	52
n02268443_54.JPEG	8	5	55	56
n02268443_55.JPEG	0	4	63	53
n02268443_56.JPEG	0	2	63	46
n02268443_57.JPEG	4	0	52	63
n02268443_58.JPEG	0	2	62	52
n02268443_59.JPEG	0	24	63	54
n02268443_60.JPEG	0	13	63	52
n02268443_61.JPEG	15	23	55	37
n02268443_62.JPEG	0	26	63	56
n02268443_63.JPEG	0	10	63	54
n02268443_64.JPEG	0	1	63	63
n02268443_65.JPEG	0	0	63	63
n02268443_66.JPEG	0	14	35	40
n02268443_67.JPEG	0	15	63	63
n02268443_68.JPEG	0	5	63	58
n02268443_69.JPEG	0	4	63	62
n02268443_70.JPEG	7	4	51	59
n02268443_71.JPEG	1	1	63	61
n02268443_72.JPEG	0	0	63	63
n02268443_73.JPEG	37	26	52	44
n02268443_74.JPEG	0	9	47	54
n02268443_75.JPEG	3	0	52	63
n02268443_76.JPEG	0	14	55	50
n02268443_77.JPEG	18	14	51	47
n02268443_78.JPEG	18	6	53	26
n02268443_79.JPEG	0	2	53	59
n02268443_80.JPEG	4	13	42	30
n02268443_81.JPEG	0	22	63	59
n02268443_82.JPEG	13	21	47	37
n02268443_83.JPEG	8	6	57	49
n02268443_84.JPEG	0	1	30	51
n02268443_85.JPEG	0	18	63	63
n02268443_86.JPEG	0	15	58	54
n02268443_87.JPEG	10	6	44	62
n02268443_88.JPEG	6	13	63	57
n02268443_89.JPEG	0	21	63	51
n02268443_90.JPEG	0	11	56	50
n02268443_91.JPEG	2	7	54	53
n02268443_92.JPEG	9	2	52	62
n02268443_93.JPEG	0	5	63	63
n02268443_94.JPEG	0	8	63	46
n02268443_95.JPEG	0	9	61	48
n02268443_96.JPEG	0	2	60	60
n02268443_97.JPEG	0	12	63	63
n02268443_98.JPEG	0	11	63	50
n02268443_99.JPEG	28	20	43	45
n02268443_100.JPEG	0	6	63	61
n02268443_101.JPEG	0	2	63	63
n02268443_102.JPEG	0	0	63	63
n02268443_103.JPEG	2	0	59	63
n02268443_104.JPEG	6	7	63	39
n02268443_105.JPEG	9	11	63	59
n02268443_106.JPEG	24	22	63	55
n02268443_107.JPEG	0	6	15	40
n02268443_108.JPEG	1	11	62	45
n02268443_109.JPEG	3	2	58	63
n02268443_110.JPEG	9	15	63	50
n02268443_111.JPEG	0	10	57	59
n02268443_112.JPEG	3	7	21	39
n02268443_113.JPEG	0	1	63	60
n02268443_114.JPEG	15	6	57	63
n02268443_115.JPEG	0	15	63	63
n02268443_116.JPEG	0	4	52	50
n02268443_117.JPEG	0	0	63	63
n02268443_118.JPEG	38	12	56	47
n02268443_119.JPEG	1	15	63	52
n02268443_120.JPEG	18	15	41	32
n02268443_121.JPEG	31	3	63	63
n02268443_122.JPEG	15	14	27	55
n02268443_123.JPEG	4	24	52	63
n02268443_124.JPEG	0	14	63	63
n02268443_125.JPEG	0	9	63	53
n02268443_126.JPEG	0	6	41	27
n02268443_127.JPEG	7	8	54	29
n02268443_128.JPEG	0	19	63	43
n02268443_129.JPEG	15	12	63	52
n02268443_130.JPEG	9	0	56	63
n02268443_131.JPEG	0	0	63	25
n02268443_132.JPEG	8	0	55	62
n02268443_133.JPEG	0	3	43	58
n02268443_134.JPEG	4	10	44	48
n02268443_135.JPEG	0	22	63	63
n02268443_136.JPEG	2	23	63	50
n02268443_137.JPEG	0	13	63	49
n02268443_138.JPEG	5	1	63	59
n02268443_139.JPEG	0	3	63	59
n02268443_140.JPEG	0	6	63	63
n02268443_141.JPEG	21	23	54	63
n02268443_142.JPEG	4	10	63	57
n02268443_143.JPEG	0	12	57	61
n02268443_144.JPEG	32	18	55	48
n02268443_145.JPEG	0	1	63	63
n02268443_146.JPEG	4	12	56	47
n02268443_147.JPEG	0	6	63	50
n02268443_148.JPEG	6	34	57	63
n02268443_149.JPEG	0	18	63	47
n02268443_150.JPEG	18	5	63	62
n02268443_151.JPEG	5	9	63	60
n02268443_152.JPEG	0	12	63	60
n02268443_153.JPEG	0	5	63	60
n02268443_154.JPEG	2	12	63	45
n02268443_155.JPEG	0	18	63	54
n02268443_156.JPEG	18	17	63	48
n02268443_157.JPEG	6	8	63	54
n02268443_158.JPEG	20	12	55	53
n02268443_159.JPEG	0	0	63	63
n02268443_160.JPEG	10	23	63	41
n02268443_161.JPEG	0	5	63	63
n02268443_162.JPEG	3	14	63	50
n02268443_163.JPEG	3	0	62	49
n02268443_164.JPEG	8	19	59	52
n02268443_165.JPEG	16	13	62	62
n02268443_166.JPEG	11	1	63	54
n02268443_167.JPEG	0	22	28	56
n02268443_168.JPEG	0	15	63	36
n02268443_169.JPEG	0	12	59	55
n02268443_170.JPEG	0	0	63	62
n02268443_171.JPEG	2	10	47	63
n02268443_172.JPEG	1	14	63	51
n02268443_173.JPEG	0	7	63	63
n02268443_174.JPEG	0	4	63	63
n02268443_175.JPEG	10	29	51	43
n02268443_176.JPEG	23	20	63	51
n02268443_177.JPEG	31	13	37	37
n02268443_178.JPEG	0	16	63	59
n02268443_179.JPEG	0	5	61	58
n02268443_180.JPEG	2	2	60	63
n02268443_181.JPEG	0	0	63	63
n02268443_182.JPEG	0	11	63	58
n02268443_183.JPEG	0	0	54	63
n02268443_184.JPEG	0	3	63	62
n02268443_185.JPEG	0	7	63	51
n02268443_186.JPEG	3	0	59	63
n02268443_187.JPEG	31	20	46	38
n02268443_188.JPEG	0	11	63	52
n02268443_189.JPEG	0	9	63	60
n02268443_190.JPEG	0	5	63	63
n02268443_191.JPEG	0	13	43	35
n02268443_192.JPEG	12	14	50	41
n02268443_193.JPEG	5	7	63	50
n02268443_194.JPEG	8	15	36	32
n02268443_195.JPEG	7	2	63	61
n02268443_196.JPEG	7	2	59	41
n02268443_197.JPEG	8	1	62	62
n02268443_198.JPEG	17	24	51	35
n02268443_199.JPEG	0	2	63	60
n02268443_200.JPEG	0	18	63	63
n02268443_201.JPEG	14	15	63	48
n02268443_202.JPEG	0	3	63	63
n02268443_203.JPEG	33	26	63	52
n02268443_204.JPEG	7	21	51	42
n02268443_205.JPEG	0	1	63	61
n02268443_206.JPEG	4	25	59	63
n02268443_207.JPEG	0	15	63	57
n02268443_208.JPEG	7	13	62	48
n02268443_209.JPEG	11	23	44	50
n02268443_210.JPEG	0	5	63	62
n02268443_211.JPEG	13	12	60	56
n02268443_212.JPEG	0	0	58	63
n02268443_213.JPEG	0	7	63	55
n02268443_214.JPEG	3	2	63	63
n02268443_215.JPEG	0	5	63	54
n02268443_216.JPEG	1	0	61	63
n02268443_217.JPEG	0	36	57	59
n02268443_218.JPEG	0	13	63	62
n02268443_219.JPEG	11	6	54	48
n02268443_220.JPEG	0	10	41	63
n02268443_221.JPEG	0	8	63	58
n02268443_222.JPEG	3	0	62	63
n02268443_223.JPEG	1	14	61	38
n02268443_224.JPEG	0	6	63	63
n02268443_225.JPEG	0	15	63	58
n02268443_226.JPEG	0	12	63	42
n02268443_227.JPEG	0	9	63	61
n02268443_228.JPEG	0	0	63	63
n02268443_229.JPEG	0	7	63	47
n02268443_230.JPEG	0	4	51	45
n02268443_231.JPEG	0	1	63	63
n02268443_232.JPEG	13	16	55	48
n02268443_233.JPEG	27	7	39	56
n02268443_234.JPEG	0	17	62	54
n02268443_235.JPEG	3	10	63	49
n02268443_236.JPEG	0	23	37	56
n02268443_237.JPEG	2	0	49	51
n02268443_238.JPEG	7	21	48	47
n02268443_239.JPEG	0	9	46	63
n02268443_240.JPEG	13	14	59	54
n02268443_241.JPEG	0	8	59	53
n02268443_242.JPEG	0	0	63	63
n02268443_243.JPEG	20	15	63	55
n02268443_244.JPEG	17	16	38	37
n02268443_245.JPEG	3	5	63	46
n02268443_246.JPEG	0	0	63	63
n02268443_247.JPEG	0	2	63	43
n02268443_248.JPEG	0	10	63	57
n02268443_249.JPEG	28	10	56	55
n02268443_250.JPEG	0	0	63	63
n02268443_251.JPEG	7	8	63	57
n02268443_252.JPEG	13	10	49	39
n02268443_253.JPEG	14	21	52	40
n02268443_254.JPEG	0	9	63	59
n02268443_255.JPEG	0	15	61	50
n02268443_256.JPEG	4	21	44	44
n02268443_257.JPEG	2	12	62	50
n02268443_258.JPEG	1	2	63	63
n02268443_259.JPEG	0	11	63	57
n02268443_260.JPEG	0	0	63	47
n02268443_261.JPEG	0	0	57	63
n02268443_262.JPEG	0	4	43	39
n02268443_263.JPEG	13	25	52	46
n02268443_264.JPEG	12	0	40	63
n02268443_265.JPEG	8	12	58	61
n02268443_266.JPEG	0	9	63	58
n02268443_267.JPEG	0	11	56	51
n02268443_268.JPEG	6	5	54	57
n02268443_269.JPEG	1	0	63	63
n02268443_270.JPEG	0	16	53	53
n02268443_271.JPEG	32	3	63	48
n02268443_272.JPEG	0	12	63	53
n02268443_273.JPEG	24	27	51	35
n02268443_274.JPEG	6	12	43	46
n02268443_275.JPEG	0	2	54	48
n02268443_276.JPEG	5	5	50	29
n02268443_277.JPEG	3	21	63	63
n02268443_278.JPEG	0	7	63	61
n02268443_279.JPEG	0	4	63	61
n02268443_280.JPEG	2	12	48	47
n02268443_281.JPEG	0	2	53	63
n02268443_282.JPEG	3	0	63	42
n02268443_283.JPEG	20	11	56	54
n02268443_284.JPEG	0	9	63	63
n02268443_285.JPEG	41	20	58	38
n02268443_286.JPEG	3	6	60	63
n02268443_287.JPEG	0	1	63	63
n02268443_288.JPEG	5	13	50	42
n02268443_289.JPEG	0	3	63	63
n02268443_290.JPEG	0	10	63	58
n02268443_291.JPEG	14	27	63	41
n02268443_292.JPEG	12	9	44	34
n02268443_293.JPEG	0	1	63	63
n02268443_294.JPEG	1	0	63	63
n02268443_295.JPEG	0	0	63	63
n02268443_296.JPEG	0	13	63	59
n02268443_297.JPEG	17	10	54	32
n02268443_298.JPEG	2	35	30	53
n02268443_299.JPEG	0	19	63	54
n02268443_300.JPEG	2	5	50	50
n02268443_301.JPEG	1	1	63	62
n02268443_302.JPEG	0	6	63	58
n02268443_303.JPEG	33	2	63	49
n02268443_304.JPEG	0	7	56	63
n02268443_305.JPEG	0	4	52	63
n02268443_306.JPEG	22	6	62	62
n02268443_307.JPEG	0	22	63	52
n02268443_308.JPEG	5	8	61	54
n02268443_309.JPEG	5	19	63	61
n02268443_310.JPEG	9	0	59	48
n02268443_311.JPEG	0	4	63	59
n02268443_312.JPEG	0	7	42	50
n02268443_313.JPEG	0	0	63	60
n02268443_314.JPEG	0	7	63	60
n02268443_315.JPEG	0	2	62	58
n02268443_316.JPEG	4	14	61	53
n02268443_317.JPEG	0	1	63	63
n02268443_318.JPEG	8	0	60	63
n02268443_319.JPEG	4	0	63	63
n02268443_320.JPEG	15	4	46	36
n02268443_321.JPEG	0	4	63	46
n02268443_322.JPEG	0	3	63	54
n02268443_323.JPEG	0	20	63	60
n02268443_324.JPEG	10	7	63	59
n02268443_325.JPEG	11	12	43	40
n02268443_326.JPEG	0	7	63	63
n02268443_327.JPEG	0	3	63	47
n02268443_328.JPEG	0	7	54	61
n02268443_329.JPEG	5	16	63	55
n02268443_330.JPEG	0	17	63	60
n02268443_331.JPEG	2	11	46	27
n02268443_332.JPEG	0	8	63	53
n02268443_333.JPEG	0	1	63	63
n02268443_334.JPEG	9	6	58	38
n02268443_335.JPEG	0	9	63	54
n02268443_336.JPEG	4	13	58	58
n02268443_337.JPEG	11	6	59	43
n02268443_338.JPEG	0	21	63	57
n02268443_339.JPEG	5	14	62	42
n02268443_340.JPEG	15	8	62	53
n02268443_341.JPEG	0	2	63	63
n02268443_342.JPEG	0	5	63	63
n02268443_343.JPEG	4	8	54	53
n02268443_344.JPEG	0	7	63	57
n02268443_345.JPEG	0	2	63	58
n02268443_346.JPEG	0	19	63	63
n02268443_347.JPEG	0	16	55	63
n02268443_348.JPEG	0	6	58	50
n02268443_349.JPEG	13	22	53	45
n02268443_350.JPEG	3	19	62	45
n02268443_351.JPEG	18	17	42	43
n02268443_352.JPEG	4	4	59	35
n02268443_353.JPEG	0	7	63	46
n02268443_354.JPEG	18	24	48	46
n02268443_355.JPEG	2	20	61	41
n02268443_356.JPEG	16	19	51	37
n02268443_357.JPEG	0	1	63	63
n02268443_358.JPEG	0	4	63	62
n02268443_359.JPEG	7	4	63	47
n02268443_360.JPEG	0	0	63	63
n02268443_361.JPEG	0	4	63	59
n02268443_362.JPEG	26	21	49	34
n02268443_363.JPEG	0	2	63	62
n02268443_364.JPEG	0	10	63	54
n02268443_365.JPEG	10	23	63	63
n02268443_366.JPEG	0	18	42	35
n02268443_367.JPEG	8	0	57	26
n02268443_368.JPEG	0	10	63	56
n02268443_369.JPEG	0	12	32	52
n02268443_370.JPEG	0	1	63	58
n02268443_371.JPEG	0	0	49	60
n02268443_372.JPEG	4	8	62	61
n02268443_373.JPEG	8	29	56	61
n02268443_374.JPEG	10	11	50	45
n02268443_375.JPEG	0	0	63	63
n02268443_376.JPEG	0	0	63	63
n02268443_377.JPEG	2	28	63	63
n02268443_378.JPEG	10	1	63	58
n02268443_379.JPEG	0	11	63	60
n02268443_380.JPEG	6	5	63	53
n02268443_381.JPEG	17	5	63	27
n02268443_382.JPEG	0	0	63	63
n02268443_383.JPEG	0	17	53	52
n02268443_384.JPEG	0	6	63	63
n02268443_385.JPEG	5	11	56	50
n02268443_386.JPEG	15	5	62	58
n02268443_387.JPEG	0	9	63	47
n02268443_388.JPEG	22	25	48	41
n02268443_389.JPEG	0	0	63	63
n02268443_390.JPEG	0	4	53	63
n02268443_391.JPEG	5	0	54	63
n02268443_392.JPEG	0	0	56	63
n02268443_393.JPEG	9	18	54	40
n02268443_394.JPEG	0	16	62	49
n02268443_395.JPEG	0	12	63	56
n02268443_396.JPEG	5	4	55	43
n02268443_397.JPEG	4	5	59	63
n02268443_398.JPEG	14	24	56	38
n02268443_399.JPEG	11	18	55	42
n02268443_400.JPEG	2	4	61	50
n02268443_401.JPEG	7	2	53	37
n02268443_402.JPEG	15	3	62	63
n02268443_403.JPEG	4	7	56	60
n02268443_404.JPEG	0	8	63	63
n02268443_405.JPEG	0	16	63	58
n02268443_406.JPEG	5	5	61	60
n02268443_407.JPEG	16	3	63	58
n02268443_408.JPEG	0	24	46	54
n02268443_409.JPEG	1	0	63	63
n02268443_410.JPEG	24	10	63	48
n02268443_411.JPEG	0	4	63	63
n02268443_412.JPEG	0	6	63	61
n02268443_413.JPEG	6	0	57	43
n02268443_414.JPEG	0	3	63	63
n02268443_415.JPEG	2	18	63	43
n02268443_416.JPEG	0	7	63	63
n02268443_417.JPEG	1	0	63	63
n02268443_418.JPEG	0	2	63	63
n02268443_419.JPEG	14	11	56	54
n02268443_420.JPEG	9	8	63	54
n02268443_421.JPEG	0	10	63	39
n02268443_422.JPEG	0	23	63	44
n02268443_423.JPEG	0	13	56	63
n02268443_424.JPEG	5	6	61	57
n02268443_425.JPEG	0	12	63	56
n02268443_426.JPEG	17	10	63	26
n02268443_427.JPEG	5	4	57	60
n02268443_428.JPEG	0	10	60	52
n02268443_429.JPEG	0	0	63	63
n02268443_430.JPEG	3	1	63	62
n02268443_431.JPEG	10	11	55	49
n02268443_432.JPEG	3	20	56	63
n02268443_433.JPEG	16	18	53	41
n02268443_434.JPEG	5	9	63	61
n02268443_435.JPEG	0	7	63	63
n02268443_436.JPEG	0	8	63	63
n02268443_437.JPEG	0	5	60	58
n02268443_438.JPEG	0	8	63	63
n02268443_439.JPEG	0	17	58	63
n02268443_440.JPEG	0	5	63	63
n02268443_441.JPEG	2	15	63	51
n02268443_442.JPEG	9	27	38	57
n02268443_443.JPEG	0	12	55	29
n02268443_444.JPEG	1	23	49	63
n02268443_445.JPEG	0	14	51	53
n02268443_446.JPEG	3	8	61	63
n02268443_447.JPEG	0	15	61	56
n02268443_448.JPEG	8	8	39	41
n02268443_449.JPEG	10	23	44	52
n02268443_450.JPEG	4	2	59	52
n02268443_451.JPEG	0	1	63	63
n02268443_452.JPEG	0	0	63	63
n02268443_453.JPEG	0	8	63	63
n02268443_454.JPEG	8	2	62	57
n02268443_455.JPEG	7	4	63	50
n02268443_456.JPEG	0	1	63	63
n02268443_457.JPEG	30	16	37	35
n02268443_458.JPEG	7	3	63	53
n02268443_459.JPEG	0	0	63	63
n02268443_460.JPEG	0	0	63	63
n02268443_461.JPEG	0	10	63	39
n02268443_462.JPEG	0	32	49	49
n02268443_463.JPEG	3	2	63	47
n02268443_464.JPEG	11	15	60	63
n02268443_465.JPEG	0	17	63	52
n02268443_466.JPEG	0	0	63	54
n02268443_467.JPEG	0	0	63	63
n02268443_468.JPEG	11	10	63	57
n02268443_469.JPEG	0	2	63	63
n02268443_470.JPEG	0	16	63	55
n02268443_471.JPEG	7	5	45	51
n02268443_472.JPEG	13	3	63	54
n02268443_473.JPEG	0	10	63	59
n02268443_474.JPEG	0	23	63	63
n02268443_475.JPEG	0	3	63	37
n02268443_476.JPEG	0	8	63	58
n02268443_477.JPEG	14	12	49	39
n02268443_478.JPEG	0	24	45	38
n02268443_479.JPEG	0	0	63	54
n02268443_480.JPEG	0	0	63	63
n02268443_481.JPEG	0	0	63	63
n02268443_482.JPEG	11	43	59	63
n02268443_483.JPEG	17	10	63	48
n02268443_484.JPEG	10	20	62	60
n02268443_485.JPEG	0	0	63	63
n02268443_486.JPEG	18	10	63	51
n02268443_487.JPEG	7	2	63	52
n02268443_488.JPEG	3	7	53	58
n02268443_489.JPEG	17	3	63	34
n02268443_490.JPEG	0	2	51	48
n02268443_491.JPEG	1	2	58	52
n02268443_492.JPEG	2	16	62	53
n02268443_493.JPEG	0	4	63	60
n02268443_494.JPEG	0	6	63	63
n02268443_495.JPEG	4	5	63	59
n02268443_496.JPEG	0	19	63	54
n02268443_497.JPEG	2	17	52	37
n02268443_498.JPEG	12	10	54	47
n02268443_499.JPEG	0	1	63	55
