n02999410_0.JPEG	0	0	44	63
n02999410_1.JPEG	18	0	56	56
n02999410_2.JPEG	26	0	63	20
n02999410_3.JPEG	32	4	63	63
n02999410_4.JPEG	0	13	63	63
n02999410_5.JPEG	0	0	63	63
n02999410_6.JPEG	0	13	63	63
n02999410_7.JPEG	15	0	23	63
n02999410_8.JPEG	0	0	63	63
n02999410_9.JPEG	0	11	61	57
n02999410_10.JPEG	0	6	63	47
n02999410_11.JPEG	0	0	63	63
n02999410_12.JPEG	26	26	51	41
n02999410_13.JPEG	12	0	49	63
n02999410_14.JPEG	0	1	63	63
n02999410_15.JPEG	3	18	63	57
n02999410_16.JPEG	7	5	63	63
n02999410_17.JPEG	7	0	43	40
n02999410_18.JPEG	5	3	62	63
n02999410_19.JPEG	5	0	24	63
n02999410_20.JPEG	4	15	61	59
n02999410_21.JPEG	0	5	63	47
n02999410_22.JPEG	1	16	18	26
n02999410_23.JPEG	8	22	63	55
n02999410_24.JPEG	18	4	48	63
n02999410_25.JPEG	1	0	62	63
n02999410_26.JPEG	15	16	63	41
n02999410_27.JPEG	1	27	63	63
n02999410_28.JPEG	0	1	63	63
n02999410_29.JPEG	0	20	55	63
n02999410_30.JPEG	0	0	63	63
n02999410_31.JPEG	0	0	37	23
n02999410_32.JPEG	30	12	63	38
n02999410_33.JPEG	0	5	63	59
n02999410_34.JPEG	0	26	63	36
n02999410_35.JPEG	42	16	55	26
n02999410_36.JPEG	0	0	63	63
n02999410_37.JPEG	25	14	38	54
n02999410_38.JPEG	23	0	38	63
n02999410_39.JPEG	30	17	63	41
n02999410_40.JPEG	2	0	62	63
n02999410_41.JPEG	47	1	63	63
n02999410_42.JPEG	0	13	63	41
n02999410_43.JPEG	12	0	45	63
n02999410_44.JPEG	11	1	61	63
n02999410_45.JPEG	3	0	63	63
n02999410_46.JPEG	12	1	63	63
n02999410_47.JPEG	25	0	63	63
n02999410_48.JPEG	0	19	63	50
n02999410_49.JPEG	0	10	63	18
n02999410_50.JPEG	6	0	63	63
n02999410_51.JPEG	0	5	63	60
n02999410_52.JPEG	0	7	63	63
n02999410_53.JPEG	0	17	63	63
n02999410_54.JPEG	29	0	44	63
n02999410_55.JPEG	18	8	47	63
n02999410_56.JPEG	0	23	63	46
n02999410_57.JPEG	0	0	63	63
n02999410_58.JPEG	0	11	63	48
n02999410_59.JPEG	8	0	41	63
n02999410_60.JPEG	0	6	63	53
n02999410_61.JPEG	13	29	53	61
n02999410_62.JPEG	0	1	63	63
n02999410_63.JPEG	7	18	58	63
n02999410_64.JPEG	0	0	63	63
n02999410_65.JPEG	0	0	63	63
n02999410_66.JPEG	18	0	51	63
n02999410_67.JPEG	0	0	63	63
n02999410_68.JPEG	0	1	63	63
n02999410_69.JPEG	0	36	63	47
n02999410_70.JPEG	27	25	63	38
n02999410_71.JPEG	0	12	63	47
n02999410_72.JPEG	0	0	63	43
n02999410_73.JPEG	0	0	63	42
n02999410_74.JPEG	0	19	63	43
n02999410_75.JPEG	0	8	63	63
n02999410_76.JPEG	0	0	60	63
n02999410_77.JPEG	0	4	59	44
n02999410_78.JPEG	26	0	38	63
n02999410_79.JPEG	0	21	63	46
n02999410_80.JPEG	11	0	54	63
n02999410_81.JPEG	2	10	63	47
n02999410_82.JPEG	3	4	63	16
n02999410_83.JPEG	6	14	56	56
n02999410_84.JPEG	0	0	12	63
n02999410_85.JPEG	0	16	41	59
n02999410_86.JPEG	7	0	54	28
n02999410_87.JPEG	29	19	63	52
n02999410_88.JPEG	13	0	21	63
n02999410_89.JPEG	0	0	54	63
n02999410_90.JPEG	0	10	61	63
n02999410_91.JPEG	0	9	63	43
n02999410_92.JPEG	0	5	63	63
n02999410_93.JPEG	0	0	63	50
n02999410_94.JPEG	0	24	63	63
n02999410_95.JPEG	1	0	63	61
n02999410_96.JPEG	6	0	60	63
n02999410_97.JPEG	0	16	63	54
n02999410_98.JPEG	0	1	63	63
n02999410_99.JPEG	28	0	32	42
n02999410_100.JPEG	0	9	63	57
n02999410_101.JPEG	0	6	63	63
n02999410_102.JPEG	0	1	63	63
n02999410_103.JPEG	3	0	63	63
n02999410_104.JPEG	9	0	57	63
n02999410_105.JPEG	0	0	63	54
n02999410_106.JPEG	10	11	51	63
n02999410_107.JPEG	0	4	63	63
n02999410_108.JPEG	23	0	34	63
n02999410_109.JPEG	10	2	55	63
n02999410_110.JPEG	0	0	63	63
n02999410_111.JPEG	0	24	63	47
n02999410_112.JPEG	0	0	60	63
n02999410_113.JPEG	0	0	63	45
n02999410_114.JPEG	1	0	62	63
n02999410_115.JPEG	0	0	63	63
n02999410_116.JPEG	5	15	56	53
n02999410_117.JPEG	22	12	63	63
n02999410_118.JPEG	36	2	58	63
n02999410_119.JPEG	0	8	63	55
n02999410_120.JPEG	50	3	63	63
n02999410_121.JPEG	12	8	53	63
n02999410_122.JPEG	0	23	63	38
n02999410_123.JPEG	10	11	60	42
n02999410_124.JPEG	0	0	63	63
n02999410_125.JPEG	0	18	63	63
n02999410_126.JPEG	0	21	63	63
n02999410_127.JPEG	0	0	63	63
n02999410_128.JPEG	22	14	63	63
n02999410_129.JPEG	0	0	63	63
n02999410_130.JPEG	0	16	40	63
n02999410_131.JPEG	9	29	30	63
n02999410_132.JPEG	8	0	63	63
n02999410_133.JPEG	19	0	44	58
n02999410_134.JPEG	0	5	61	39
n02999410_135.JPEG	0	0	63	57
n02999410_136.JPEG	0	11	63	63
n02999410_137.JPEG	23	0	56	63
n02999410_138.JPEG	0	0	47	63
n02999410_139.JPEG	17	0	43	63
n02999410_140.JPEG	0	0	48	51
n02999410_141.JPEG	0	8	63	44
n02999410_142.JPEG	5	0	63	63
n02999410_143.JPEG	14	0	37	63
n02999410_144.JPEG	0	29	63	54
n02999410_145.JPEG	14	0	56	63
n02999410_146.JPEG	9	0	47	63
n02999410_147.JPEG	0	0	63	56
n02999410_148.JPEG	0	0	63	63
n02999410_149.JPEG	0	2	63	63
n02999410_150.JPEG	0	0	63	63
n02999410_151.JPEG	6	6	63	50
n02999410_152.JPEG	0	2	63	62
n02999410_153.JPEG	42	1	60	39
n02999410_154.JPEG	14	0	32	61
n02999410_155.JPEG	1	0	63	11
n02999410_156.JPEG	0	0	63	63
n02999410_157.JPEG	23	1	60	63
n02999410_158.JPEG	9	3	19	63
n02999410_159.JPEG	0	20	41	63
n02999410_160.JPEG	24	0	54	63
n02999410_161.JPEG	20	0	48	63
n02999410_162.JPEG	5	0	57	63
n02999410_163.JPEG	0	0	61	40
n02999410_164.JPEG	1	4	63	61
n02999410_165.JPEG	20	0	63	63
n02999410_166.JPEG	3	0	62	63
n02999410_167.JPEG	10	0	15	46
n02999410_168.JPEG	0	21	58	60
n02999410_169.JPEG	1	0	58	63
n02999410_170.JPEG	4	0	60	63
n02999410_171.JPEG	0	18	63	63
n02999410_172.JPEG	37	0	51	63
n02999410_173.JPEG	8	0	52	63
n02999410_174.JPEG	20	1	45	56
n02999410_175.JPEG	3	9	63	55
n02999410_176.JPEG	0	6	63	53
n02999410_177.JPEG	36	44	52	60
n02999410_178.JPEG	13	19	57	59
n02999410_179.JPEG	0	20	63	42
n02999410_180.JPEG	0	0	63	63
n02999410_181.JPEG	0	10	63	62
n02999410_182.JPEG	0	12	63	60
n02999410_183.JPEG	0	11	63	56
n02999410_184.JPEG	14	42	62	63
n02999410_185.JPEG	21	22	49	34
n02999410_186.JPEG	0	30	63	63
n02999410_187.JPEG	0	1	63	63
n02999410_188.JPEG	7	4	52	63
n02999410_189.JPEG	9	47	45	59
n02999410_190.JPEG	34	0	59	63
n02999410_191.JPEG	0	0	63	40
n02999410_192.JPEG	0	9	63	63
n02999410_193.JPEG	0	0	63	55
n02999410_194.JPEG	10	3	58	44
n02999410_195.JPEG	5	0	15	63
n02999410_196.JPEG	0	12	63	63
n02999410_197.JPEG	0	38	18	63
n02999410_198.JPEG	5	0	53	63
n02999410_199.JPEG	6	12	63	55
n02999410_200.JPEG	1	3	63	63
n02999410_201.JPEG	18	0	42	63
n02999410_202.JPEG	17	18	37	63
n02999410_203.JPEG	0	28	63	39
n02999410_204.JPEG	0	8	63	61
n02999410_205.JPEG	0	5	63	51
n02999410_206.JPEG	0	19	63	62
n02999410_207.JPEG	0	1	63	63
n02999410_208.JPEG	0	0	63	63
n02999410_209.JPEG	0	31	51	54
n02999410_210.JPEG	0	2	63	44
n02999410_211.JPEG	0	0	63	56
n02999410_212.JPEG	1	1	22	63
n02999410_213.JPEG	0	0	61	63
n02999410_214.JPEG	6	0	63	63
n02999410_215.JPEG	0	23	63	40
n02999410_216.JPEG	0	4	63	63
n02999410_217.JPEG	0	8	63	41
n02999410_218.JPEG	36	0	51	63
n02999410_219.JPEG	0	2	63	57
n02999410_220.JPEG	0	3	63	48
n02999410_221.JPEG	0	2	63	57
n02999410_222.JPEG	16	1	53	63
n02999410_223.JPEG	0	0	63	63
n02999410_224.JPEG	6	0	18	63
n02999410_225.JPEG	0	1	63	63
n02999410_226.JPEG	0	2	55	46
n02999410_227.JPEG	3	0	56	63
n02999410_228.JPEG	27	0	34	63
n02999410_229.JPEG	0	9	63	59
n02999410_230.JPEG	0	15	63	38
n02999410_231.JPEG	9	27	56	63
n02999410_232.JPEG	0	1	63	63
n02999410_233.JPEG	0	26	22	61
n02999410_234.JPEG	0	0	63	59
n02999410_235.JPEG	7	0	63	63
n02999410_236.JPEG	9	0	63	63
n02999410_237.JPEG	31	12	63	62
n02999410_238.JPEG	18	0	36	63
n02999410_239.JPEG	35	0	53	1
n02999410_240.JPEG	0	20	59	63
n02999410_241.JPEG	0	7	63	57
n02999410_242.JPEG	11	0	55	63
n02999410_243.JPEG	1	23	63	62
n02999410_244.JPEG	2	1	63	58
n02999410_245.JPEG	28	2	51	63
n02999410_246.JPEG	4	22	49	63
n02999410_247.JPEG	0	13	63	47
n02999410_248.JPEG	12	24	63	33
n02999410_249.JPEG	0	0	63	63
n02999410_250.JPEG	0	6	63	63
n02999410_251.JPEG	19	18	22	63
n02999410_252.JPEG	0	0	63	63
n02999410_253.JPEG	0	23	63	44
n02999410_254.JPEG	17	0	53	63
n02999410_255.JPEG	3	7	62	59
n02999410_256.JPEG	0	4	49	63
n02999410_257.JPEG	0	2	62	63
n02999410_258.JPEG	10	0	49	63
n02999410_259.JPEG	26	0	37	63
n02999410_260.JPEG	11	11	63	33
n02999410_261.JPEG	0	2	63	62
n02999410_262.JPEG	0	32	63	53
n02999410_263.JPEG	0	1	63	63
n02999410_264.JPEG	0	0	62	63
n02999410_265.JPEG	19	0	38	43
n02999410_266.JPEG	0	3	63	62
n02999410_267.JPEG	0	0	63	63
n02999410_268.JPEG	19	2	61	57
n02999410_269.JPEG	1	0	63	63
n02999410_270.JPEG	0	8	63	40
n02999410_271.JPEG	25	1	57	21
n02999410_272.JPEG	31	33	63	63
n02999410_273.JPEG	0	7	63	63
n02999410_274.JPEG	10	5	63	55
n02999410_275.JPEG	18	7	28	45
n02999410_276.JPEG	0	14	63	41
n02999410_277.JPEG	0	4	63	58
n02999410_278.JPEG	0	9	60	63
n02999410_279.JPEG	1	0	63	63
n02999410_280.JPEG	7	0	58	63
n02999410_281.JPEG	0	17	63	63
n02999410_282.JPEG	1	5	63	63
n02999410_283.JPEG	1	0	48	63
n02999410_284.JPEG	9	17	63	42
n02999410_285.JPEG	2	0	54	63
n02999410_286.JPEG	20	0	63	63
n02999410_287.JPEG	0	0	63	63
n02999410_288.JPEG	22	19	63	55
n02999410_289.JPEG	4	12	54	63
n02999410_290.JPEG	10	6	60	62
n02999410_291.JPEG	0	16	63	57
n02999410_292.JPEG	15	0	58	63
n02999410_293.JPEG	18	17	44	57
n02999410_294.JPEG	0	1	63	63
n02999410_295.JPEG	5	2	57	63
n02999410_296.JPEG	2	21	63	44
n02999410_297.JPEG	0	14	63	47
n02999410_298.JPEG	0	4	63	60
n02999410_299.JPEG	24	0	59	63
n02999410_300.JPEG	0	0	63	54
n02999410_301.JPEG	0	17	24	49
n02999410_302.JPEG	0	0	51	63
n02999410_303.JPEG	15	0	63	63
n02999410_304.JPEG	14	1	42	29
n02999410_305.JPEG	6	0	40	63
n02999410_306.JPEG	0	0	63	63
n02999410_307.JPEG	0	19	35	63
n02999410_308.JPEG	0	8	63	41
n02999410_309.JPEG	12	0	54	63
n02999410_310.JPEG	0	0	63	63
n02999410_311.JPEG	0	26	63	37
n02999410_312.JPEG	0	0	63	63
n02999410_313.JPEG	0	31	50	47
n02999410_314.JPEG	13	0	63	63
n02999410_315.JPEG	29	0	46	63
n02999410_316.JPEG	7	12	52	34
n02999410_317.JPEG	18	1	53	62
n02999410_318.JPEG	0	8	63	56
n02999410_319.JPEG	0	0	63	63
n02999410_320.JPEG	7	0	55	30
n02999410_321.JPEG	29	0	51	63
n02999410_322.JPEG	34	1	39	63
n02999410_323.JPEG	23	31	46	63
n02999410_324.JPEG	0	0	63	63
n02999410_325.JPEG	0	4	63	63
n02999410_326.JPEG	0	0	63	52
n02999410_327.JPEG	0	8	63	63
n02999410_328.JPEG	0	1	63	63
n02999410_329.JPEG	7	10	56	49
n02999410_330.JPEG	0	20	63	63
n02999410_331.JPEG	19	0	63	54
n02999410_332.JPEG	1	3	63	63
n02999410_333.JPEG	0	0	63	57
n02999410_334.JPEG	45	32	52	54
n02999410_335.JPEG	8	10	49	63
n02999410_336.JPEG	0	19	63	44
n02999410_337.JPEG	11	0	38	63
n02999410_338.JPEG	0	0	63	63
n02999410_339.JPEG	0	3	63	63
n02999410_340.JPEG	0	0	63	63
n02999410_341.JPEG	2	10	60	55
n02999410_342.JPEG	0	0	63	63
n02999410_343.JPEG	46	0	61	63
n02999410_344.JPEG	0	22	63	63
n02999410_345.JPEG	2	6	59	42
n02999410_346.JPEG	0	0	63	63
n02999410_347.JPEG	0	0	63	63
n02999410_348.JPEG	27	0	42	51
n02999410_349.JPEG	0	36	63	63
n02999410_350.JPEG	0	0	63	63
n02999410_351.JPEG	25	0	44	63
n02999410_352.JPEG	0	3	63	63
n02999410_353.JPEG	0	12	63	37
n02999410_354.JPEG	21	1	36	63
n02999410_355.JPEG	0	23	63	42
n02999410_356.JPEG	9	20	63	60
n02999410_357.JPEG	8	4	63	51
n02999410_358.JPEG	20	12	63	46
n02999410_359.JPEG	0	0	63	63
n02999410_360.JPEG	0	1	63	63
n02999410_361.JPEG	0	28	63	45
n02999410_362.JPEG	2	0	63	63
n02999410_363.JPEG	23	0	35	63
n02999410_364.JPEG	0	17	63	42
n02999410_365.JPEG	0	0	63	63
n02999410_366.JPEG	0	7	45	52
n02999410_367.JPEG	1	0	62	63
n02999410_368.JPEG	9	1	63	63
n02999410_369.JPEG	20	0	28	63
n02999410_370.JPEG	4	4	33	63
n02999410_371.JPEG	0	1	63	47
n02999410_372.JPEG	23	0	34	63
n02999410_373.JPEG	0	1	63	26
n02999410_374.JPEG	24	0	42	63
n02999410_375.JPEG	13	20	53	46
n02999410_376.JPEG	0	0	63	32
n02999410_377.JPEG	0	1	63	63
n02999410_378.JPEG	0	0	31	29
n02999410_379.JPEG	0	15	63	40
n02999410_380.JPEG	0	61	63	63
n02999410_381.JPEG	17	26	48	62
n02999410_382.JPEG	0	1	63	63
n02999410_383.JPEG	49	0	63	49
n02999410_384.JPEG	0	9	63	22
n02999410_385.JPEG	3	0	63	18
n02999410_386.JPEG	0	0	63	63
n02999410_387.JPEG	0	16	63	43
n02999410_388.JPEG	0	0	59	63
n02999410_389.JPEG	10	9	48	63
n02999410_390.JPEG	0	1	63	63
n02999410_391.JPEG	0	0	63	63
n02999410_392.JPEG	0	1	63	63
n02999410_393.JPEG	19	0	38	63
n02999410_394.JPEG	0	5	63	62
n02999410_395.JPEG	19	0	47	63
n02999410_396.JPEG	0	2	63	63
n02999410_397.JPEG	17	50	63	63
n02999410_398.JPEG	0	19	63	38
n02999410_399.JPEG	1	22	63	44
n02999410_400.JPEG	0	5	63	43
n02999410_401.JPEG	10	0	15	63
n02999410_402.JPEG	27	0	59	63
n02999410_403.JPEG	0	9	63	52
n02999410_404.JPEG	0	35	63	56
n02999410_405.JPEG	22	1	44	63
n02999410_406.JPEG	0	1	63	63
n02999410_407.JPEG	0	1	33	23
n02999410_408.JPEG	11	1	30	62
n02999410_409.JPEG	0	1	63	63
n02999410_410.JPEG	0	26	63	63
n02999410_411.JPEG	0	5	63	35
n02999410_412.JPEG	5	0	31	63
n02999410_413.JPEG	4	0	35	63
n02999410_414.JPEG	16	0	52	63
n02999410_415.JPEG	0	0	63	63
n02999410_416.JPEG	0	0	63	52
n02999410_417.JPEG	11	0	49	63
n02999410_418.JPEG	0	17	63	49
n02999410_419.JPEG	1	0	63	63
n02999410_420.JPEG	6	0	63	63
n02999410_421.JPEG	0	26	63	55
n02999410_422.JPEG	5	0	63	63
n02999410_423.JPEG	1	2	63	48
n02999410_424.JPEG	7	2	34	63
n02999410_425.JPEG	0	0	63	60
n02999410_426.JPEG	1	34	25	58
n02999410_427.JPEG	0	0	54	41
n02999410_428.JPEG	0	23	54	63
n02999410_429.JPEG	25	1	35	39
n02999410_430.JPEG	23	0	63	63
n02999410_431.JPEG	12	0	49	37
n02999410_432.JPEG	0	7	63	63
n02999410_433.JPEG	4	6	21	63
n02999410_434.JPEG	12	0	51	63
n02999410_435.JPEG	27	1	37	63
n02999410_436.JPEG	0	1	63	54
n02999410_437.JPEG	32	19	34	48
n02999410_438.JPEG	0	0	41	63
n02999410_439.JPEG	23	4	42	39
n02999410_440.JPEG	0	1	63	63
n02999410_441.JPEG	0	0	63	63
n02999410_442.JPEG	19	0	52	56
n02999410_443.JPEG	0	30	63	59
n02999410_444.JPEG	0	18	63	63
n02999410_445.JPEG	5	0	63	59
n02999410_446.JPEG	8	0	63	63
n02999410_447.JPEG	0	9	63	61
n02999410_448.JPEG	0	22	63	50
n02999410_449.JPEG	10	20	51	54
n02999410_450.JPEG	0	0	63	63
n02999410_451.JPEG	14	0	45	56
n02999410_452.JPEG	3	0	62	63
n02999410_453.JPEG	5	0	63	63
n02999410_454.JPEG	6	0	63	63
n02999410_455.JPEG	0	0	63	63
n02999410_456.JPEG	0	0	63	63
n02999410_457.JPEG	0	0	63	42
n02999410_458.JPEG	22	3	55	42
n02999410_459.JPEG	10	18	53	24
n02999410_460.JPEG	0	1	63	63
n02999410_461.JPEG	0	1	63	57
n02999410_462.JPEG	0	0	63	63
n02999410_463.JPEG	23	0	36	63
n02999410_464.JPEG	0	1	18	23
n02999410_465.JPEG	1	2	62	43
n02999410_466.JPEG	23	0	42	63
n02999410_467.JPEG	9	13	15	46
n02999410_468.JPEG	0	16	63	61
n02999410_469.JPEG	0	1	63	62
n02999410_470.JPEG	9	9	63	51
n02999410_471.JPEG	0	17	63	51
n02999410_472.JPEG	0	0	63	63
n02999410_473.JPEG	0	0	62	61
n02999410_474.JPEG	29	4	45	63
n02999410_475.JPEG	18	18	63	57
n02999410_476.JPEG	29	10	41	34
n02999410_477.JPEG	19	12	42	63
n02999410_478.JPEG	0	7	63	25
n02999410_479.JPEG	1	0	63	63
n02999410_480.JPEG	0	4	63	45
n02999410_481.JPEG	0	0	63	63
n02999410_482.JPEG	23	0	47	63
n02999410_483.JPEG	0	16	63	49
n02999410_484.JPEG	57	1	63	37
n02999410_485.JPEG	4	0	56	63
n02999410_486.JPEG	0	0	28	27
n02999410_487.JPEG	0	0	63	60
n02999410_488.JPEG	0	0	63	63
n02999410_489.JPEG	24	18	57	50
n02999410_490.JPEG	9	0	60	63
n02999410_491.JPEG	19	0	59	45
n02999410_492.JPEG	0	18	63	47
n02999410_493.JPEG	0	0	33	63
n02999410_494.JPEG	6	0	49	63
n02999410_495.JPEG	20	0	44	54
n02999410_496.JPEG	33	0	54	63
n02999410_497.JPEG	22	0	50	63
n02999410_498.JPEG	0	14	63	63
n02999410_499.JPEG	0	0	63	53
