n07873807_0.JPEG	0	6	63	61
n07873807_1.JPEG	0	39	63	63
n07873807_2.JPEG	0	3	63	56
n07873807_3.JPEG	0	13	63	58
n07873807_4.JPEG	0	10	63	63
n07873807_5.JPEG	1	0	63	63
n07873807_6.JPEG	0	14	63	60
n07873807_7.JPEG	0	8	63	49
n07873807_8.JPEG	0	1	63	63
n07873807_9.JPEG	0	3	63	63
n07873807_10.JPEG	0	9	63	63
n07873807_11.JPEG	0	2	63	61
n07873807_12.JPEG	14	17	63	63
n07873807_13.JPEG	0	12	63	63
n07873807_14.JPEG	0	9	63	63
n07873807_15.JPEG	0	4	63	61
n07873807_16.JPEG	0	1	63	63
n07873807_17.JPEG	0	4	63	59
n07873807_18.JPEG	5	2	61	59
n07873807_19.JPEG	8	3	54	61
n07873807_20.JPEG	0	4	62	60
n07873807_21.JPEG	0	4	63	63
n07873807_22.JPEG	0	6	63	62
n07873807_23.JPEG	0	1	63	63
n07873807_24.JPEG	0	0	63	63
n07873807_25.JPEG	0	6	58	58
n07873807_26.JPEG	0	1	63	63
n07873807_27.JPEG	0	0	63	63
n07873807_28.JPEG	0	1	63	63
n07873807_29.JPEG	3	19	63	63
n07873807_30.JPEG	0	0	63	63
n07873807_31.JPEG	0	3	63	63
n07873807_32.JPEG	0	14	63	60
n07873807_33.JPEG	0	1	63	61
n07873807_34.JPEG	0	10	63	52
n07873807_35.JPEG	0	4	63	63
n07873807_36.JPEG	0	1	63	63
n07873807_37.JPEG	0	8	62	62
n07873807_38.JPEG	0	1	63	63
n07873807_39.JPEG	8	17	63	57
n07873807_40.JPEG	0	2	63	63
n07873807_41.JPEG	0	2	63	63
n07873807_42.JPEG	1	9	63	63
n07873807_43.JPEG	0	2	59	60
n07873807_44.JPEG	0	6	63	63
n07873807_45.JPEG	4	3	63	57
n07873807_46.JPEG	0	4	63	63
n07873807_47.JPEG	0	1	63	63
n07873807_48.JPEG	0	15	63	58
n07873807_49.JPEG	0	1	63	63
n07873807_50.JPEG	1	3	55	63
n07873807_51.JPEG	6	10	63	60
n07873807_52.JPEG	4	8	58	63
n07873807_53.JPEG	0	1	63	63
n07873807_54.JPEG	18	16	56	54
n07873807_55.JPEG	0	5	63	63
n07873807_56.JPEG	0	8	63	46
n07873807_57.JPEG	0	1	63	62
n07873807_58.JPEG	22	8	63	55
n07873807_59.JPEG	0	3	63	62
n07873807_60.JPEG	0	0	63	63
n07873807_61.JPEG	1	11	63	63
n07873807_62.JPEG	0	0	63	63
n07873807_63.JPEG	0	21	63	63
n07873807_64.JPEG	0	10	63	56
n07873807_65.JPEG	0	9	63	63
n07873807_66.JPEG	0	4	63	63
n07873807_67.JPEG	0	2	63	63
n07873807_68.JPEG	0	15	63	62
n07873807_69.JPEG	0	5	63	63
n07873807_70.JPEG	0	6	60	60
n07873807_71.JPEG	0	0	56	59
n07873807_72.JPEG	0	1	63	63
n07873807_73.JPEG	0	1	63	63
n07873807_74.JPEG	4	21	60	55
n07873807_75.JPEG	0	0	63	63
n07873807_76.JPEG	0	5	62	55
n07873807_77.JPEG	2	13	62	56
n07873807_78.JPEG	0	20	63	63
n07873807_79.JPEG	2	18	63	62
n07873807_80.JPEG	0	7	63	60
n07873807_81.JPEG	0	8	63	63
n07873807_82.JPEG	0	2	63	59
n07873807_83.JPEG	0	1	63	63
n07873807_84.JPEG	1	7	63	58
n07873807_85.JPEG	0	5	63	63
n07873807_86.JPEG	0	1	63	63
n07873807_87.JPEG	2	7	63	63
n07873807_88.JPEG	0	1	63	63
n07873807_89.JPEG	0	1	63	63
n07873807_90.JPEG	0	1	63	63
n07873807_91.JPEG	0	1	63	63
n07873807_92.JPEG	0	0	63	56
n07873807_93.JPEG	0	9	63	61
n07873807_94.JPEG	0	3	63	63
n07873807_95.JPEG	0	9	63	61
n07873807_96.JPEG	0	3	63	53
n07873807_97.JPEG	0	13	62	59
n07873807_98.JPEG	0	13	63	60
n07873807_99.JPEG	0	2	63	63
n07873807_100.JPEG	0	3	63	42
n07873807_101.JPEG	0	0	63	63
n07873807_102.JPEG	0	8	63	62
n07873807_103.JPEG	0	12	62	55
n07873807_104.JPEG	0	36	44	63
n07873807_105.JPEG	0	6	63	63
n07873807_106.JPEG	28	16	63	52
n07873807_107.JPEG	0	0	63	62
n07873807_108.JPEG	0	9	63	44
n07873807_109.JPEG	0	1	63	63
n07873807_110.JPEG	0	0	63	63
n07873807_111.JPEG	0	2	63	63
n07873807_112.JPEG	0	37	63	63
n07873807_113.JPEG	0	1	63	59
n07873807_114.JPEG	2	16	54	51
n07873807_115.JPEG	0	5	63	59
n07873807_116.JPEG	0	2	63	59
n07873807_117.JPEG	0	20	63	60
n07873807_118.JPEG	0	3	63	60
n07873807_119.JPEG	5	4	42	52
n07873807_120.JPEG	0	16	63	60
n07873807_121.JPEG	0	0	63	63
n07873807_122.JPEG	4	20	62	53
n07873807_123.JPEG	0	0	63	63
n07873807_124.JPEG	0	20	63	60
n07873807_125.JPEG	0	0	63	63
n07873807_126.JPEG	0	37	63	63
n07873807_127.JPEG	0	10	63	57
n07873807_128.JPEG	0	1	63	63
n07873807_129.JPEG	0	10	63	61
n07873807_130.JPEG	0	17	63	61
n07873807_131.JPEG	0	4	61	63
n07873807_132.JPEG	0	4	63	63
n07873807_133.JPEG	4	7	63	52
n07873807_134.JPEG	2	34	63	63
n07873807_135.JPEG	0	0	63	63
n07873807_136.JPEG	0	10	63	56
n07873807_137.JPEG	11	13	58	51
n07873807_138.JPEG	6	2	63	63
n07873807_139.JPEG	1	5	62	60
n07873807_140.JPEG	0	17	61	59
n07873807_141.JPEG	0	16	63	62
n07873807_142.JPEG	14	21	63	59
n07873807_143.JPEG	0	28	63	63
n07873807_144.JPEG	0	10	63	62
n07873807_145.JPEG	3	10	53	60
n07873807_146.JPEG	5	4	58	58
n07873807_147.JPEG	0	3	63	60
n07873807_148.JPEG	0	6	63	50
n07873807_149.JPEG	0	0	63	63
n07873807_150.JPEG	0	1	63	63
n07873807_151.JPEG	0	4	63	63
n07873807_152.JPEG	0	9	63	50
n07873807_153.JPEG	0	6	63	61
n07873807_154.JPEG	6	0	63	63
n07873807_155.JPEG	9	0	63	63
n07873807_156.JPEG	0	0	63	63
n07873807_157.JPEG	9	11	63	49
n07873807_158.JPEG	16	45	62	63
n07873807_159.JPEG	1	2	63	62
n07873807_160.JPEG	0	8	63	57
n07873807_161.JPEG	0	9	63	63
n07873807_162.JPEG	0	10	63	58
n07873807_163.JPEG	18	0	63	21
n07873807_164.JPEG	0	4	63	62
n07873807_165.JPEG	0	1	59	62
n07873807_166.JPEG	0	39	47	63
n07873807_167.JPEG	0	1	63	63
n07873807_168.JPEG	0	0	63	63
n07873807_169.JPEG	0	30	63	62
n07873807_170.JPEG	0	4	63	62
n07873807_171.JPEG	5	7	63	63
n07873807_172.JPEG	0	5	63	63
n07873807_173.JPEG	0	0	63	59
n07873807_174.JPEG	0	2	63	63
n07873807_175.JPEG	16	0	63	63
n07873807_176.JPEG	0	1	63	56
n07873807_177.JPEG	0	0	63	63
n07873807_178.JPEG	1	0	63	63
n07873807_179.JPEG	0	1	61	63
n07873807_180.JPEG	0	0	63	63
n07873807_181.JPEG	0	4	63	62
n07873807_182.JPEG	0	1	63	63
n07873807_183.JPEG	0	33	63	63
n07873807_184.JPEG	0	3	63	62
n07873807_185.JPEG	2	19	63	63
n07873807_186.JPEG	0	5	63	62
n07873807_187.JPEG	0	0	63	63
n07873807_188.JPEG	0	1	63	63
n07873807_189.JPEG	0	0	63	63
n07873807_190.JPEG	0	9	63	62
n07873807_191.JPEG	0	8	63	58
n07873807_192.JPEG	13	29	63	58
n07873807_193.JPEG	0	11	63	58
n07873807_194.JPEG	0	1	62	50
n07873807_195.JPEG	1	35	61	63
n07873807_196.JPEG	0	8	63	58
n07873807_197.JPEG	0	0	63	63
n07873807_198.JPEG	0	16	51	63
n07873807_199.JPEG	0	17	29	51
n07873807_200.JPEG	2	6	63	59
n07873807_201.JPEG	0	5	63	45
n07873807_202.JPEG	0	2	63	63
n07873807_203.JPEG	0	3	63	63
n07873807_204.JPEG	0	19	63	63
n07873807_205.JPEG	0	11	63	63
n07873807_206.JPEG	0	0	63	63
n07873807_207.JPEG	2	4	62	59
n07873807_208.JPEG	0	8	63	63
n07873807_209.JPEG	6	1	63	63
n07873807_210.JPEG	0	2	63	52
n07873807_211.JPEG	24	30	39	63
n07873807_212.JPEG	0	5	63	57
n07873807_213.JPEG	0	8	63	57
n07873807_214.JPEG	0	5	63	61
n07873807_215.JPEG	0	4	63	63
n07873807_216.JPEG	11	36	63	63
n07873807_217.JPEG	0	6	63	60
n07873807_218.JPEG	20	0	63	58
n07873807_219.JPEG	0	1	63	63
n07873807_220.JPEG	0	0	63	63
n07873807_221.JPEG	0	12	63	59
n07873807_222.JPEG	0	5	63	58
n07873807_223.JPEG	0	1	63	63
n07873807_224.JPEG	0	9	63	45
n07873807_225.JPEG	0	2	63	63
n07873807_226.JPEG	0	0	63	63
n07873807_227.JPEG	1	14	63	63
n07873807_228.JPEG	33	36	63	51
n07873807_229.JPEG	0	2	63	63
n07873807_230.JPEG	0	0	63	63
n07873807_231.JPEG	7	24	63	54
n07873807_232.JPEG	0	11	63	63
n07873807_233.JPEG	2	3	63	62
n07873807_234.JPEG	0	4	63	54
n07873807_235.JPEG	0	5	63	63
n07873807_236.JPEG	0	1	63	58
n07873807_237.JPEG	6	19	63	50
n07873807_238.JPEG	0	10	63	59
n07873807_239.JPEG	0	6	63	62
n07873807_240.JPEG	6	28	60	54
n07873807_241.JPEG	0	2	63	61
n07873807_242.JPEG	1	7	55	63
n07873807_243.JPEG	0	0	63	63
n07873807_244.JPEG	0	1	63	63
n07873807_245.JPEG	0	4	63	61
n07873807_246.JPEG	5	10	60	63
n07873807_247.JPEG	0	17	63	63
n07873807_248.JPEG	3	0	60	57
n07873807_249.JPEG	0	16	63	53
n07873807_250.JPEG	0	5	63	58
n07873807_251.JPEG	0	0	22	51
n07873807_252.JPEG	8	22	55	57
n07873807_253.JPEG	0	7	63	57
n07873807_254.JPEG	0	2	63	62
n07873807_255.JPEG	19	35	47	45
n07873807_256.JPEG	0	1	63	63
n07873807_257.JPEG	0	23	63	61
n07873807_258.JPEG	3	10	61	58
n07873807_259.JPEG	15	12	62	54
n07873807_260.JPEG	0	10	63	57
n07873807_261.JPEG	1	29	62	63
n07873807_262.JPEG	0	5	63	63
n07873807_263.JPEG	2	10	63	61
n07873807_264.JPEG	0	1	63	59
n07873807_265.JPEG	0	10	63	58
n07873807_266.JPEG	1	5	63	63
n07873807_267.JPEG	0	0	63	63
n07873807_268.JPEG	0	13	63	63
n07873807_269.JPEG	0	13	63	63
n07873807_270.JPEG	0	16	63	63
n07873807_271.JPEG	0	1	63	63
n07873807_272.JPEG	4	3	63	61
n07873807_273.JPEG	0	0	63	63
n07873807_274.JPEG	0	7	63	60
n07873807_275.JPEG	11	23	63	51
n07873807_276.JPEG	3	3	63	58
n07873807_277.JPEG	0	0	42	54
n07873807_278.JPEG	0	16	63	59
n07873807_279.JPEG	0	3	63	59
n07873807_280.JPEG	2	7	63	56
n07873807_281.JPEG	0	11	63	60
n07873807_282.JPEG	0	9	63	63
n07873807_283.JPEG	0	2	63	60
n07873807_284.JPEG	0	1	63	63
n07873807_285.JPEG	0	15	63	57
n07873807_286.JPEG	0	2	63	58
n07873807_287.JPEG	0	0	63	63
n07873807_288.JPEG	0	3	63	63
n07873807_289.JPEG	0	0	63	63
n07873807_290.JPEG	0	4	63	63
n07873807_291.JPEG	0	4	63	63
n07873807_292.JPEG	3	10	63	52
n07873807_293.JPEG	0	15	63	63
n07873807_294.JPEG	0	0	63	63
n07873807_295.JPEG	0	16	63	59
n07873807_296.JPEG	0	1	63	60
n07873807_297.JPEG	0	6	63	62
n07873807_298.JPEG	0	1	63	60
n07873807_299.JPEG	0	5	63	63
n07873807_300.JPEG	0	7	63	63
n07873807_301.JPEG	0	0	63	63
n07873807_302.JPEG	0	14	63	63
n07873807_303.JPEG	0	3	55	63
n07873807_304.JPEG	0	36	63	63
n07873807_305.JPEG	0	2	63	62
n07873807_306.JPEG	0	0	63	62
n07873807_307.JPEG	3	11	63	62
n07873807_308.JPEG	0	6	63	58
n07873807_309.JPEG	0	5	63	58
n07873807_310.JPEG	21	42	55	58
n07873807_311.JPEG	0	3	59	62
n07873807_312.JPEG	5	6	63	61
n07873807_313.JPEG	7	26	63	56
n07873807_314.JPEG	0	3	49	55
n07873807_315.JPEG	0	7	63	61
n07873807_316.JPEG	0	0	63	63
n07873807_317.JPEG	0	0	63	59
n07873807_318.JPEG	0	10	63	63
n07873807_319.JPEG	0	2	63	60
n07873807_320.JPEG	0	2	63	63
n07873807_321.JPEG	0	10	63	55
n07873807_322.JPEG	0	7	63	56
n07873807_323.JPEG	0	0	63	63
n07873807_324.JPEG	1	0	63	59
n07873807_325.JPEG	14	39	57	48
n07873807_326.JPEG	3	5	62	63
n07873807_327.JPEG	0	16	63	44
n07873807_328.JPEG	0	0	63	63
n07873807_329.JPEG	1	10	63	59
n07873807_330.JPEG	0	4	63	61
n07873807_331.JPEG	0	1	61	62
n07873807_332.JPEG	0	5	63	60
n07873807_333.JPEG	0	41	63	63
n07873807_334.JPEG	0	8	63	61
n07873807_335.JPEG	0	1	63	57
n07873807_336.JPEG	0	0	50	57
n07873807_337.JPEG	1	3	63	55
n07873807_338.JPEG	0	4	63	58
n07873807_339.JPEG	0	3	63	63
n07873807_340.JPEG	0	24	63	63
n07873807_341.JPEG	0	2	63	63
n07873807_342.JPEG	0	4	63	59
n07873807_343.JPEG	0	2	63	63
n07873807_344.JPEG	0	40	63	63
n07873807_345.JPEG	0	4	63	63
n07873807_346.JPEG	0	13	63	60
n07873807_347.JPEG	0	0	63	62
n07873807_348.JPEG	0	11	63	63
n07873807_349.JPEG	0	5	47	63
n07873807_350.JPEG	0	12	47	63
n07873807_351.JPEG	0	6	63	63
n07873807_352.JPEG	9	28	63	63
n07873807_353.JPEG	11	25	44	42
n07873807_354.JPEG	0	11	63	59
n07873807_355.JPEG	0	1	63	63
n07873807_356.JPEG	0	5	58	60
n07873807_357.JPEG	4	13	43	53
n07873807_358.JPEG	4	6	63	54
n07873807_359.JPEG	0	1	63	63
n07873807_360.JPEG	0	10	63	53
n07873807_361.JPEG	0	16	63	56
n07873807_362.JPEG	0	6	63	61
n07873807_363.JPEG	0	8	63	56
n07873807_364.JPEG	0	0	63	63
n07873807_365.JPEG	25	0	61	13
n07873807_366.JPEG	0	1	63	63
n07873807_367.JPEG	0	1	63	63
n07873807_368.JPEG	0	0	63	63
n07873807_369.JPEG	0	17	56	63
n07873807_370.JPEG	33	1	63	63
n07873807_371.JPEG	0	11	32	34
n07873807_372.JPEG	0	1	63	62
n07873807_373.JPEG	0	12	63	59
n07873807_374.JPEG	0	10	63	52
n07873807_375.JPEG	0	2	63	61
n07873807_376.JPEG	6	13	63	55
n07873807_377.JPEG	0	32	63	63
n07873807_378.JPEG	0	13	62	52
n07873807_379.JPEG	0	47	63	63
n07873807_380.JPEG	0	3	63	59
n07873807_381.JPEG	0	0	63	63
n07873807_382.JPEG	1	20	56	62
n07873807_383.JPEG	6	5	63	56
n07873807_384.JPEG	0	4	63	63
n07873807_385.JPEG	0	0	63	63
n07873807_386.JPEG	0	15	63	62
n07873807_387.JPEG	0	3	59	63
n07873807_388.JPEG	0	5	63	63
n07873807_389.JPEG	0	17	63	51
n07873807_390.JPEG	1	23	63	63
n07873807_391.JPEG	0	2	63	63
n07873807_392.JPEG	0	0	63	63
n07873807_393.JPEG	0	8	63	63
n07873807_394.JPEG	0	4	63	62
n07873807_395.JPEG	0	5	62	63
n07873807_396.JPEG	0	7	63	63
n07873807_397.JPEG	0	0	63	63
n07873807_398.JPEG	5	1	63	63
n07873807_399.JPEG	0	1	63	62
n07873807_400.JPEG	0	11	63	63
n07873807_401.JPEG	0	1	63	63
n07873807_402.JPEG	0	8	63	52
n07873807_403.JPEG	0	13	63	61
n07873807_404.JPEG	0	40	63	63
n07873807_405.JPEG	0	21	63	60
n07873807_406.JPEG	0	1	63	63
n07873807_407.JPEG	0	2	63	62
n07873807_408.JPEG	5	2	53	63
n07873807_409.JPEG	24	6	61	26
n07873807_410.JPEG	1	31	63	63
n07873807_411.JPEG	0	40	63	63
n07873807_412.JPEG	0	3	63	63
n07873807_413.JPEG	0	1	63	63
n07873807_414.JPEG	0	4	63	63
n07873807_415.JPEG	0	0	63	63
n07873807_416.JPEG	0	4	63	51
n07873807_417.JPEG	0	0	63	63
n07873807_418.JPEG	0	8	63	63
n07873807_419.JPEG	0	2	63	45
n07873807_420.JPEG	0	0	63	63
n07873807_421.JPEG	2	8	63	62
n07873807_422.JPEG	0	0	63	63
n07873807_423.JPEG	0	0	63	63
n07873807_424.JPEG	0	3	63	63
n07873807_425.JPEG	3	7	60	61
n07873807_426.JPEG	2	3	63	62
n07873807_427.JPEG	0	2	63	62
n07873807_428.JPEG	0	6	63	62
n07873807_429.JPEG	1	3	59	60
n07873807_430.JPEG	0	2	63	61
n07873807_431.JPEG	7	6	63	57
n07873807_432.JPEG	0	1	63	63
n07873807_433.JPEG	0	6	63	55
n07873807_434.JPEG	0	3	63	63
n07873807_435.JPEG	0	20	21	29
n07873807_436.JPEG	0	14	63	59
n07873807_437.JPEG	0	0	63	63
n07873807_438.JPEG	0	13	63	63
n07873807_439.JPEG	2	14	63	63
n07873807_440.JPEG	0	0	63	63
n07873807_441.JPEG	3	37	63	58
n07873807_442.JPEG	0	10	63	61
n07873807_443.JPEG	0	1	63	63
n07873807_444.JPEG	1	0	63	63
n07873807_445.JPEG	0	1	63	63
n07873807_446.JPEG	0	6	63	59
n07873807_447.JPEG	0	8	54	60
n07873807_448.JPEG	0	0	63	63
n07873807_449.JPEG	0	0	63	63
n07873807_450.JPEG	0	4	63	60
n07873807_451.JPEG	1	3	55	58
n07873807_452.JPEG	1	0	63	63
n07873807_453.JPEG	0	6	63	54
n07873807_454.JPEG	0	7	63	61
n07873807_455.JPEG	0	19	63	63
n07873807_456.JPEG	19	25	60	56
n07873807_457.JPEG	0	5	63	63
n07873807_458.JPEG	0	8	63	60
n07873807_459.JPEG	0	4	63	62
n07873807_460.JPEG	0	13	60	52
n07873807_461.JPEG	0	8	63	59
n07873807_462.JPEG	12	28	63	37
n07873807_463.JPEG	0	5	63	60
n07873807_464.JPEG	1	11	63	63
n07873807_465.JPEG	0	13	49	55
n07873807_466.JPEG	0	14	63	53
n07873807_467.JPEG	1	14	63	63
n07873807_468.JPEG	0	7	63	58
n07873807_469.JPEG	0	7	58	60
n07873807_470.JPEG	0	2	63	62
n07873807_471.JPEG	4	42	46	63
n07873807_472.JPEG	0	6	63	56
n07873807_473.JPEG	0	0	63	63
n07873807_474.JPEG	0	0	63	63
n07873807_475.JPEG	0	7	63	57
n07873807_476.JPEG	0	1	63	63
n07873807_477.JPEG	0	5	63	63
n07873807_478.JPEG	0	15	63	53
n07873807_479.JPEG	0	4	63	60
n07873807_480.JPEG	0	3	63	63
n07873807_481.JPEG	0	7	63	63
n07873807_482.JPEG	0	9	63	60
n07873807_483.JPEG	0	0	63	63
n07873807_484.JPEG	1	5	63	56
n07873807_485.JPEG	0	14	49	37
n07873807_486.JPEG	0	4	63	54
n07873807_487.JPEG	0	10	63	63
n07873807_488.JPEG	0	6	63	63
n07873807_489.JPEG	0	12	63	59
n07873807_490.JPEG	0	9	63	56
n07873807_491.JPEG	0	2	63	60
n07873807_492.JPEG	0	6	63	60
n07873807_493.JPEG	1	0	63	63
n07873807_494.JPEG	0	16	63	63
n07873807_495.JPEG	0	1	63	63
n07873807_496.JPEG	26	6	63	49
n07873807_497.JPEG	20	24	49	42
n07873807_498.JPEG	0	17	61	58
n07873807_499.JPEG	0	6	63	60
