n03977966_0.JPEG	0	18	63	45
n03977966_1.JPEG	11	15	63	55
n03977966_2.JPEG	0	5	63	60
n03977966_3.JPEG	10	18	57	63
n03977966_4.JPEG	0	19	63	55
n03977966_5.JPEG	0	9	63	58
n03977966_6.JPEG	2	12	55	63
n03977966_7.JPEG	3	14	45	61
n03977966_8.JPEG	0	8	63	56
n03977966_9.JPEG	6	15	56	59
n03977966_10.JPEG	0	15	63	49
n03977966_11.JPEG	0	13	63	51
n03977966_12.JPEG	6	19	57	63
n03977966_13.JPEG	0	7	63	60
n03977966_14.JPEG	0	8	63	61
n03977966_15.JPEG	6	12	48	50
n03977966_16.JPEG	13	14	63	49
n03977966_17.JPEG	0	10	63	53
n03977966_18.JPEG	0	6	63	56
n03977966_19.JPEG	5	2	63	58
n03977966_20.JPEG	0	18	63	56
n03977966_21.JPEG	0	1	63	63
n03977966_22.JPEG	0	15	63	56
n03977966_23.JPEG	0	7	63	58
n03977966_24.JPEG	0	16	63	63
n03977966_25.JPEG	0	16	63	52
n03977966_26.JPEG	0	16	63	57
n03977966_27.JPEG	0	11	63	53
n03977966_28.JPEG	25	6	63	51
n03977966_29.JPEG	0	7	63	56
n03977966_30.JPEG	0	8	63	62
n03977966_31.JPEG	0	10	63	56
n03977966_32.JPEG	20	17	61	53
n03977966_33.JPEG	2	7	63	59
n03977966_34.JPEG	4	17	63	48
n03977966_35.JPEG	4	28	63	58
n03977966_36.JPEG	0	15	63	55
n03977966_37.JPEG	31	32	63	58
n03977966_38.JPEG	0	3	63	59
n03977966_39.JPEG	0	16	63	51
n03977966_40.JPEG	0	19	63	52
n03977966_41.JPEG	27	35	48	45
n03977966_42.JPEG	6	8	57	60
n03977966_43.JPEG	8	2	63	55
n03977966_44.JPEG	0	2	63	61
n03977966_45.JPEG	0	2	63	60
n03977966_46.JPEG	0	21	57	49
n03977966_47.JPEG	0	10	63	54
n03977966_48.JPEG	0	17	63	57
n03977966_49.JPEG	0	8	63	63
n03977966_50.JPEG	0	17	63	50
n03977966_51.JPEG	1	0	56	54
n03977966_52.JPEG	40	23	62	51
n03977966_53.JPEG	5	19	61	58
n03977966_54.JPEG	10	43	50	61
n03977966_55.JPEG	0	3	63	63
n03977966_56.JPEG	0	2	63	63
n03977966_57.JPEG	0	2	63	58
n03977966_58.JPEG	0	19	63	53
n03977966_59.JPEG	0	10	63	62
n03977966_60.JPEG	4	11	63	49
n03977966_61.JPEG	10	21	43	52
n03977966_62.JPEG	0	5	63	53
n03977966_63.JPEG	18	15	63	54
n03977966_64.JPEG	21	19	63	50
n03977966_65.JPEG	4	13	63	58
n03977966_66.JPEG	0	5	63	62
n03977966_67.JPEG	0	8	62	58
n03977966_68.JPEG	0	4	63	63
n03977966_69.JPEG	0	5	63	63
n03977966_70.JPEG	0	4	63	56
n03977966_71.JPEG	3	5	63	54
n03977966_72.JPEG	0	8	63	56
n03977966_73.JPEG	0	0	63	63
n03977966_74.JPEG	0	1	63	63
n03977966_75.JPEG	0	13	63	56
n03977966_76.JPEG	1	7	63	57
n03977966_77.JPEG	9	9	63	42
n03977966_78.JPEG	0	10	63	55
n03977966_79.JPEG	0	3	63	56
n03977966_80.JPEG	0	14	63	63
n03977966_81.JPEG	27	21	62	51
n03977966_82.JPEG	1	8	62	61
n03977966_83.JPEG	0	13	63	50
n03977966_84.JPEG	12	22	58	41
n03977966_85.JPEG	0	1	63	63
n03977966_86.JPEG	0	6	63	63
n03977966_87.JPEG	16	14	51	53
n03977966_88.JPEG	13	23	52	61
n03977966_89.JPEG	0	11	63	55
n03977966_90.JPEG	0	1	63	63
n03977966_91.JPEG	0	13	63	56
n03977966_92.JPEG	3	30	33	61
n03977966_93.JPEG	0	10	63	63
n03977966_94.JPEG	0	21	46	49
n03977966_95.JPEG	9	3	63	63
n03977966_96.JPEG	0	2	63	58
n03977966_97.JPEG	0	13	63	63
n03977966_98.JPEG	0	10	63	59
n03977966_99.JPEG	0	16	63	54
n03977966_100.JPEG	12	19	61	42
n03977966_101.JPEG	8	9	63	52
n03977966_102.JPEG	0	13	63	48
n03977966_103.JPEG	0	6	63	47
n03977966_104.JPEG	0	7	63	58
n03977966_105.JPEG	0	25	63	49
n03977966_106.JPEG	16	27	50	57
n03977966_107.JPEG	0	2	63	63
n03977966_108.JPEG	0	1	63	63
n03977966_109.JPEG	1	9	63	56
n03977966_110.JPEG	2	8	59	61
n03977966_111.JPEG	5	4	63	60
n03977966_112.JPEG	0	9	63	51
n03977966_113.JPEG	0	13	63	62
n03977966_114.JPEG	0	11	63	46
n03977966_115.JPEG	0	3	63	61
n03977966_116.JPEG	0	13	63	61
n03977966_117.JPEG	8	16	50	42
n03977966_118.JPEG	0	4	63	62
n03977966_119.JPEG	0	13	63	60
n03977966_120.JPEG	0	13	63	51
n03977966_121.JPEG	0	10	63	53
n03977966_122.JPEG	0	11	63	59
n03977966_123.JPEG	12	3	56	55
n03977966_124.JPEG	0	17	63	61
n03977966_125.JPEG	28	24	55	38
n03977966_126.JPEG	0	0	63	63
n03977966_127.JPEG	0	0	63	63
n03977966_128.JPEG	0	1	62	63
n03977966_129.JPEG	2	11	63	47
n03977966_130.JPEG	0	18	62	48
n03977966_131.JPEG	7	18	63	46
n03977966_132.JPEG	0	10	63	54
n03977966_133.JPEG	6	24	63	49
n03977966_134.JPEG	0	26	63	63
n03977966_135.JPEG	0	0	63	49
n03977966_136.JPEG	1	25	63	59
n03977966_137.JPEG	3	21	52	45
n03977966_138.JPEG	0	12	63	52
n03977966_139.JPEG	0	2	63	60
n03977966_140.JPEG	0	0	63	49
n03977966_141.JPEG	0	11	41	63
n03977966_142.JPEG	0	3	63	62
n03977966_143.JPEG	0	22	39	61
n03977966_144.JPEG	0	5	63	59
n03977966_145.JPEG	3	20	47	46
n03977966_146.JPEG	0	13	63	56
n03977966_147.JPEG	0	7	58	63
n03977966_148.JPEG	1	21	63	57
n03977966_149.JPEG	13	24	61	52
n03977966_150.JPEG	0	12	63	59
n03977966_151.JPEG	0	17	63	52
n03977966_152.JPEG	0	1	63	60
n03977966_153.JPEG	2	19	61	52
n03977966_154.JPEG	0	20	60	58
n03977966_155.JPEG	0	14	63	52
n03977966_156.JPEG	0	2	63	59
n03977966_157.JPEG	4	7	63	59
n03977966_158.JPEG	4	20	52	52
n03977966_159.JPEG	1	7	63	59
n03977966_160.JPEG	4	10	62	59
n03977966_161.JPEG	0	1	63	63
n03977966_162.JPEG	0	19	63	63
n03977966_163.JPEG	21	22	39	42
n03977966_164.JPEG	0	12	63	55
n03977966_165.JPEG	0	20	63	57
n03977966_166.JPEG	0	19	63	54
n03977966_167.JPEG	0	1	63	62
n03977966_168.JPEG	0	8	63	54
n03977966_169.JPEG	0	26	29	55
n03977966_170.JPEG	3	14	63	42
n03977966_171.JPEG	0	6	63	63
n03977966_172.JPEG	8	31	53	54
n03977966_173.JPEG	15	8	63	39
n03977966_174.JPEG	16	12	57	34
n03977966_175.JPEG	4	1	63	62
n03977966_176.JPEG	0	9	63	45
n03977966_177.JPEG	39	18	63	43
n03977966_178.JPEG	0	6	63	46
n03977966_179.JPEG	3	20	63	47
n03977966_180.JPEG	4	4	62	54
n03977966_181.JPEG	0	18	63	63
n03977966_182.JPEG	0	8	63	55
n03977966_183.JPEG	12	17	63	50
n03977966_184.JPEG	0	12	63	60
n03977966_185.JPEG	0	2	63	63
n03977966_186.JPEG	0	17	63	53
n03977966_187.JPEG	27	20	63	44
n03977966_188.JPEG	0	4	63	60
n03977966_189.JPEG	17	34	63	63
n03977966_190.JPEG	0	19	63	53
n03977966_191.JPEG	0	18	63	63
n03977966_192.JPEG	6	12	63	51
n03977966_193.JPEG	0	1	63	63
n03977966_194.JPEG	0	9	63	58
n03977966_195.JPEG	0	10	63	59
n03977966_196.JPEG	0	2	63	60
n03977966_197.JPEG	27	29	63	63
n03977966_198.JPEG	0	10	63	57
n03977966_199.JPEG	0	8	63	61
n03977966_200.JPEG	9	1	63	63
n03977966_201.JPEG	16	16	63	51
n03977966_202.JPEG	0	10	40	60
n03977966_203.JPEG	0	1	63	62
n03977966_204.JPEG	0	12	63	50
n03977966_205.JPEG	0	14	63	54
n03977966_206.JPEG	34	0	63	63
n03977966_207.JPEG	3	5	62	53
n03977966_208.JPEG	29	20	63	63
n03977966_209.JPEG	0	20	63	45
n03977966_210.JPEG	13	21	63	50
n03977966_211.JPEG	0	13	63	56
n03977966_212.JPEG	0	3	63	59
n03977966_213.JPEG	0	1	63	63
n03977966_214.JPEG	0	6	63	55
n03977966_215.JPEG	28	21	63	49
n03977966_216.JPEG	1	12	63	63
n03977966_217.JPEG	0	2	63	63
n03977966_218.JPEG	0	6	63	55
n03977966_219.JPEG	13	11	50	62
n03977966_220.JPEG	0	19	63	55
n03977966_221.JPEG	0	10	63	58
n03977966_222.JPEG	0	12	63	63
n03977966_223.JPEG	12	7	56	57
n03977966_224.JPEG	0	1	63	63
n03977966_225.JPEG	14	1	63	63
n03977966_226.JPEG	0	12	63	63
n03977966_227.JPEG	0	6	63	61
n03977966_228.JPEG	0	12	63	54
n03977966_229.JPEG	8	14	63	49
n03977966_230.JPEG	0	8	63	60
n03977966_231.JPEG	27	14	63	51
n03977966_232.JPEG	20	18	63	53
n03977966_233.JPEG	0	13	63	51
n03977966_234.JPEG	0	4	61	61
n03977966_235.JPEG	0	10	63	55
n03977966_236.JPEG	9	33	44	48
n03977966_237.JPEG	0	4	63	63
n03977966_238.JPEG	0	2	63	61
n03977966_239.JPEG	0	10	63	60
n03977966_240.JPEG	4	4	61	63
n03977966_241.JPEG	1	5	63	59
n03977966_242.JPEG	3	4	59	51
n03977966_243.JPEG	0	17	63	63
n03977966_244.JPEG	0	12	63	55
n03977966_245.JPEG	11	30	59	59
n03977966_246.JPEG	0	14	63	47
n03977966_247.JPEG	9	14	63	55
n03977966_248.JPEG	0	7	63	58
n03977966_249.JPEG	0	21	63	49
n03977966_250.JPEG	0	9	63	62
n03977966_251.JPEG	0	14	59	51
n03977966_252.JPEG	5	18	63	59
n03977966_253.JPEG	0	6	61	54
n03977966_254.JPEG	24	19	63	49
n03977966_255.JPEG	0	10	63	59
n03977966_256.JPEG	0	8	63	52
n03977966_257.JPEG	0	8	63	57
n03977966_258.JPEG	0	11	63	56
n03977966_259.JPEG	0	10	63	46
n03977966_260.JPEG	0	3	63	63
n03977966_261.JPEG	24	20	57	40
n03977966_262.JPEG	0	22	63	56
n03977966_263.JPEG	42	18	59	35
n03977966_264.JPEG	0	0	63	62
n03977966_265.JPEG	0	16	57	55
n03977966_266.JPEG	11	24	62	48
n03977966_267.JPEG	0	2	63	63
n03977966_268.JPEG	0	18	63	54
n03977966_269.JPEG	5	1	55	61
n03977966_270.JPEG	23	19	63	51
n03977966_271.JPEG	0	16	63	57
n03977966_272.JPEG	0	18	63	57
n03977966_273.JPEG	1	9	63	52
n03977966_274.JPEG	0	1	63	63
n03977966_275.JPEG	0	15	63	63
n03977966_276.JPEG	0	15	63	50
n03977966_277.JPEG	0	20	63	56
n03977966_278.JPEG	0	19	63	63
n03977966_279.JPEG	14	22	48	37
n03977966_280.JPEG	6	23	63	49
n03977966_281.JPEG	0	5	63	60
n03977966_282.JPEG	0	4	63	55
n03977966_283.JPEG	0	7	63	62
n03977966_284.JPEG	5	1	63	63
n03977966_285.JPEG	4	12	41	46
n03977966_286.JPEG	12	6	50	50
n03977966_287.JPEG	0	13	63	56
n03977966_288.JPEG	22	18	41	45
n03977966_289.JPEG	0	18	63	54
n03977966_290.JPEG	0	9	63	57
n03977966_291.JPEG	5	19	56	55
n03977966_292.JPEG	0	8	63	56
n03977966_293.JPEG	0	0	63	63
n03977966_294.JPEG	0	9	63	56
n03977966_295.JPEG	0	14	63	56
n03977966_296.JPEG	9	0	60	60
n03977966_297.JPEG	0	16	63	59
n03977966_298.JPEG	0	7	37	61
n03977966_299.JPEG	0	2	63	63
n03977966_300.JPEG	0	0	59	54
n03977966_301.JPEG	25	2	63	49
n03977966_302.JPEG	0	10	63	57
n03977966_303.JPEG	0	14	63	60
n03977966_304.JPEG	18	25	50	53
n03977966_305.JPEG	22	12	63	50
n03977966_306.JPEG	0	0	63	63
n03977966_307.JPEG	0	21	63	53
n03977966_308.JPEG	0	9	63	61
n03977966_309.JPEG	0	9	63	61
n03977966_310.JPEG	0	8	63	55
n03977966_311.JPEG	4	12	63	55
n03977966_312.JPEG	0	8	63	61
n03977966_313.JPEG	0	21	63	55
n03977966_314.JPEG	0	20	63	57
n03977966_315.JPEG	0	11	61	51
n03977966_316.JPEG	7	32	63	63
n03977966_317.JPEG	20	17	63	60
n03977966_318.JPEG	38	0	63	49
n03977966_319.JPEG	0	13	63	50
n03977966_320.JPEG	8	12	52	61
n03977966_321.JPEG	0	16	62	53
n03977966_322.JPEG	0	5	55	63
n03977966_323.JPEG	13	14	54	54
n03977966_324.JPEG	0	4	63	62
n03977966_325.JPEG	0	0	63	63
n03977966_326.JPEG	3	14	63	56
n03977966_327.JPEG	0	4	63	59
n03977966_328.JPEG	0	8	63	60
n03977966_329.JPEG	0	12	63	56
n03977966_330.JPEG	1	13	63	54
n03977966_331.JPEG	7	5	50	53
n03977966_332.JPEG	1	7	63	59
n03977966_333.JPEG	0	12	63	50
n03977966_334.JPEG	0	3	63	63
n03977966_335.JPEG	0	10	63	58
n03977966_336.JPEG	0	23	29	48
n03977966_337.JPEG	0	1	63	63
n03977966_338.JPEG	0	19	63	48
n03977966_339.JPEG	0	7	63	58
n03977966_340.JPEG	0	11	63	58
n03977966_341.JPEG	0	16	63	57
n03977966_342.JPEG	6	24	54	48
n03977966_343.JPEG	0	17	63	46
n03977966_344.JPEG	15	1	63	63
n03977966_345.JPEG	24	13	63	42
n03977966_346.JPEG	0	16	61	47
n03977966_347.JPEG	25	23	53	46
n03977966_348.JPEG	9	16	60	49
n03977966_349.JPEG	0	15	63	56
n03977966_350.JPEG	0	5	63	59
n03977966_351.JPEG	0	13	63	63
n03977966_352.JPEG	0	14	63	56
n03977966_353.JPEG	8	40	31	60
n03977966_354.JPEG	28	2	63	48
n03977966_355.JPEG	0	8	63	63
n03977966_356.JPEG	0	13	63	50
n03977966_357.JPEG	0	11	63	63
n03977966_358.JPEG	0	16	63	48
n03977966_359.JPEG	0	11	63	60
n03977966_360.JPEG	19	21	63	54
n03977966_361.JPEG	0	6	63	58
n03977966_362.JPEG	0	14	63	61
n03977966_363.JPEG	0	0	63	61
n03977966_364.JPEG	0	16	63	63
n03977966_365.JPEG	0	12	63	57
n03977966_366.JPEG	19	21	58	48
n03977966_367.JPEG	0	0	63	63
n03977966_368.JPEG	7	14	63	54
n03977966_369.JPEG	0	7	63	60
n03977966_370.JPEG	0	12	63	58
n03977966_371.JPEG	0	17	58	59
n03977966_372.JPEG	1	27	56	53
n03977966_373.JPEG	0	15	62	54
n03977966_374.JPEG	0	17	63	44
n03977966_375.JPEG	0	14	30	33
n03977966_376.JPEG	0	15	63	63
n03977966_377.JPEG	0	5	60	56
n03977966_378.JPEG	2	20	63	61
n03977966_379.JPEG	2	17	63	58
n03977966_380.JPEG	7	18	61	58
n03977966_381.JPEG	6	24	52	43
n03977966_382.JPEG	0	23	63	59
n03977966_383.JPEG	0	6	63	62
n03977966_384.JPEG	0	1	63	58
n03977966_385.JPEG	9	5	63	54
n03977966_386.JPEG	0	10	63	63
n03977966_387.JPEG	35	30	58	45
n03977966_388.JPEG	0	3	63	59
n03977966_389.JPEG	0	0	63	63
n03977966_390.JPEG	0	17	63	51
n03977966_391.JPEG	0	6	63	60
n03977966_392.JPEG	0	16	63	62
n03977966_393.JPEG	9	12	53	54
n03977966_394.JPEG	0	2	63	63
n03977966_395.JPEG	0	10	52	36
n03977966_396.JPEG	7	1	63	62
n03977966_397.JPEG	2	13	63	60
n03977966_398.JPEG	1	4	60	63
n03977966_399.JPEG	0	18	63	52
n03977966_400.JPEG	0	25	45	57
n03977966_401.JPEG	0	10	63	58
n03977966_402.JPEG	9	26	44	54
n03977966_403.JPEG	0	10	63	57
n03977966_404.JPEG	0	1	63	63
n03977966_405.JPEG	11	10	20	23
n03977966_406.JPEG	0	0	63	63
n03977966_407.JPEG	21	0	63	63
n03977966_408.JPEG	0	18	63	52
n03977966_409.JPEG	0	4	63	60
n03977966_410.JPEG	1	16	63	62
n03977966_411.JPEG	6	3	61	63
n03977966_412.JPEG	22	19	54	37
n03977966_413.JPEG	0	24	18	45
n03977966_414.JPEG	3	20	58	48
n03977966_415.JPEG	27	31	63	54
n03977966_416.JPEG	2	23	61	52
n03977966_417.JPEG	0	5	61	56
n03977966_418.JPEG	0	4	62	56
n03977966_419.JPEG	0	9	63	57
n03977966_420.JPEG	1	18	40	59
n03977966_421.JPEG	0	10	63	58
n03977966_422.JPEG	0	0	63	63
n03977966_423.JPEG	0	13	63	49
n03977966_424.JPEG	0	2	63	58
n03977966_425.JPEG	0	4	63	57
n03977966_426.JPEG	0	9	63	59
n03977966_427.JPEG	0	7	63	59
n03977966_428.JPEG	0	22	49	54
n03977966_429.JPEG	0	0	63	63
n03977966_430.JPEG	0	14	63	58
n03977966_431.JPEG	0	19	60	51
n03977966_432.JPEG	0	9	56	63
n03977966_433.JPEG	2	0	63	63
n03977966_434.JPEG	0	3	63	63
n03977966_435.JPEG	0	12	63	50
n03977966_436.JPEG	3	17	61	51
n03977966_437.JPEG	1	14	63	53
n03977966_438.JPEG	0	17	63	45
n03977966_439.JPEG	4	18	63	49
n03977966_440.JPEG	0	13	63	51
n03977966_441.JPEG	0	11	14	44
n03977966_442.JPEG	0	3	48	56
n03977966_443.JPEG	0	1	63	58
n03977966_444.JPEG	0	7	63	54
n03977966_445.JPEG	5	5	63	54
n03977966_446.JPEG	0	0	63	63
n03977966_447.JPEG	0	2	63	61
n03977966_448.JPEG	0	10	63	43
n03977966_449.JPEG	3	12	63	48
n03977966_450.JPEG	0	10	63	62
n03977966_451.JPEG	0	3	63	63
n03977966_452.JPEG	0	12	63	51
n03977966_453.JPEG	6	8	62	56
n03977966_454.JPEG	2	14	53	55
n03977966_455.JPEG	0	14	63	51
n03977966_456.JPEG	0	14	63	56
n03977966_457.JPEG	9	14	63	63
n03977966_458.JPEG	0	0	63	61
n03977966_459.JPEG	0	1	63	63
n03977966_460.JPEG	0	14	63	60
n03977966_461.JPEG	6	18	63	53
n03977966_462.JPEG	0	11	63	42
n03977966_463.JPEG	0	7	63	63
n03977966_464.JPEG	0	3	63	56
n03977966_465.JPEG	0	13	63	63
n03977966_466.JPEG	0	20	60	55
n03977966_467.JPEG	0	3	63	57
n03977966_468.JPEG	0	18	63	54
n03977966_469.JPEG	0	13	53	47
n03977966_470.JPEG	0	12	63	55
n03977966_471.JPEG	0	1	63	63
n03977966_472.JPEG	0	1	63	62
n03977966_473.JPEG	3	0	60	63
n03977966_474.JPEG	0	6	63	55
n03977966_475.JPEG	0	14	63	61
n03977966_476.JPEG	0	17	31	49
n03977966_477.JPEG	17	6	53	47
n03977966_478.JPEG	0	8	63	60
n03977966_479.JPEG	0	14	62	59
n03977966_480.JPEG	2	13	63	53
n03977966_481.JPEG	0	16	63	62
n03977966_482.JPEG	0	7	63	54
n03977966_483.JPEG	0	10	63	56
n03977966_484.JPEG	0	14	63	53
n03977966_485.JPEG	0	13	63	53
n03977966_486.JPEG	7	6	63	57
n03977966_487.JPEG	0	16	52	46
n03977966_488.JPEG	0	9	63	60
n03977966_489.JPEG	0	16	63	53
n03977966_490.JPEG	19	24	63	57
n03977966_491.JPEG	0	8	63	57
n03977966_492.JPEG	2	19	63	58
n03977966_493.JPEG	0	5	63	61
n03977966_494.JPEG	0	19	61	54
n03977966_495.JPEG	0	4	63	62
n03977966_496.JPEG	3	1	63	63
n03977966_497.JPEG	0	6	63	54
n03977966_498.JPEG	2	9	56	49
n03977966_499.JPEG	0	7	63	58
