n03814639_0.JPEG	15	30	36	58
n03814639_1.JPEG	14	31	39	55
n03814639_2.JPEG	26	30	43	40
n03814639_3.JPEG	5	4	60	60
n03814639_4.JPEG	0	3	63	63
n03814639_5.JPEG	47	11	63	24
n03814639_6.JPEG	31	23	48	38
n03814639_7.JPEG	16	27	38	39
n03814639_8.JPEG	0	8	21	60
n03814639_9.JPEG	12	29	51	63
n03814639_10.JPEG	16	19	37	42
n03814639_11.JPEG	33	42	55	63
n03814639_12.JPEG	16	34	49	56
n03814639_13.JPEG	0	4	63	63
n03814639_14.JPEG	19	13	63	55
n03814639_15.JPEG	38	33	63	55
n03814639_16.JPEG	19	19	33	35
n03814639_17.JPEG	48	30	63	54
n03814639_18.JPEG	19	41	35	53
n03814639_19.JPEG	26	21	45	38
n03814639_20.JPEG	5	6	56	61
n03814639_21.JPEG	21	26	36	43
n03814639_22.JPEG	0	6	63	63
n03814639_23.JPEG	30	0	43	6
n03814639_24.JPEG	9	23	22	33
n03814639_25.JPEG	1	37	63	57
n03814639_26.JPEG	1	32	30	61
n03814639_27.JPEG	15	36	50	63
n03814639_28.JPEG	27	14	40	24
n03814639_29.JPEG	40	31	44	33
n03814639_30.JPEG	19	30	48	60
n03814639_31.JPEG	31	32	63	54
n03814639_32.JPEG	12	23	54	63
n03814639_33.JPEG	20	31	46	49
n03814639_34.JPEG	35	30	43	37
n03814639_35.JPEG	16	41	41	63
n03814639_36.JPEG	10	26	41	54
n03814639_37.JPEG	23	25	51	45
n03814639_38.JPEG	29	20	52	39
n03814639_39.JPEG	0	26	49	63
n03814639_40.JPEG	23	30	39	44
n03814639_41.JPEG	55	28	63	48
n03814639_42.JPEG	26	10	39	23
n03814639_43.JPEG	7	33	19	40
n03814639_44.JPEG	13	42	52	63
n03814639_45.JPEG	18	29	44	47
n03814639_46.JPEG	0	38	17	63
n03814639_47.JPEG	7	21	14	30
n03814639_48.JPEG	27	33	40	45
n03814639_49.JPEG	34	33	44	41
n03814639_50.JPEG	14	5	23	13
n03814639_51.JPEG	41	2	63	56
n03814639_52.JPEG	26	8	38	18
n03814639_53.JPEG	22	25	35	36
n03814639_54.JPEG	29	7	38	15
n03814639_55.JPEG	20	25	44	63
n03814639_56.JPEG	20	30	53	59
n03814639_57.JPEG	52	23	63	42
n03814639_58.JPEG	27	4	38	14
n03814639_59.JPEG	18	29	47	63
n03814639_60.JPEG	37	8	52	20
n03814639_61.JPEG	34	5	41	11
n03814639_62.JPEG	1	21	63	63
n03814639_63.JPEG	34	22	54	41
n03814639_64.JPEG	14	26	24	35
n03814639_65.JPEG	25	31	37	43
n03814639_66.JPEG	42	21	60	40
n03814639_67.JPEG	0	0	54	28
n03814639_68.JPEG	14	29	45	63
n03814639_69.JPEG	33	16	53	35
n03814639_70.JPEG	29	28	45	44
n03814639_71.JPEG	33	9	40	16
n03814639_72.JPEG	17	25	41	50
n03814639_73.JPEG	18	30	52	63
n03814639_74.JPEG	18	24	28	33
n03814639_75.JPEG	0	1	20	61
n03814639_76.JPEG	29	24	35	28
n03814639_77.JPEG	0	6	63	61
n03814639_78.JPEG	27	36	36	43
n03814639_79.JPEG	31	24	46	38
n03814639_80.JPEG	37	32	49	45
n03814639_81.JPEG	11	30	54	55
n03814639_82.JPEG	0	4	63	58
n03814639_83.JPEG	44	30	54	40
n03814639_84.JPEG	14	31	53	63
n03814639_85.JPEG	32	0	42	6
n03814639_86.JPEG	29	21	46	41
n03814639_87.JPEG	7	23	15	30
n03814639_88.JPEG	26	31	46	47
n03814639_89.JPEG	18	35	28	47
n03814639_90.JPEG	15	42	44	63
n03814639_91.JPEG	28	38	49	56
n03814639_92.JPEG	16	20	39	39
n03814639_93.JPEG	31	38	63	63
n03814639_94.JPEG	1	7	63	60
n03814639_95.JPEG	13	29	39	47
n03814639_96.JPEG	26	26	59	50
n03814639_97.JPEG	17	30	25	35
n03814639_98.JPEG	1	17	10	26
n03814639_99.JPEG	38	43	57	60
n03814639_100.JPEG	22	18	49	43
n03814639_101.JPEG	13	22	32	46
n03814639_102.JPEG	8	11	36	33
n03814639_103.JPEG	4	24	45	55
n03814639_104.JPEG	37	26	63	53
n03814639_105.JPEG	0	2	63	63
n03814639_106.JPEG	6	40	44	63
n03814639_107.JPEG	14	34	50	58
n03814639_108.JPEG	7	17	27	30
n03814639_109.JPEG	23	18	28	21
n03814639_110.JPEG	21	21	36	32
n03814639_111.JPEG	54	15	63	39
n03814639_112.JPEG	26	23	46	37
n03814639_113.JPEG	31	14	47	31
n03814639_114.JPEG	9	26	25	39
n03814639_115.JPEG	21	21	51	53
n03814639_116.JPEG	25	12	63	62
n03814639_117.JPEG	46	2	63	15
n03814639_118.JPEG	27	13	40	26
n03814639_119.JPEG	12	28	25	47
n03814639_120.JPEG	29	21	41	34
n03814639_121.JPEG	51	42	63	63
n03814639_122.JPEG	56	22	63	37
n03814639_123.JPEG	0	43	16	63
n03814639_124.JPEG	35	30	50	41
n03814639_125.JPEG	11	32	56	63
n03814639_126.JPEG	32	30	51	54
n03814639_127.JPEG	21	29	43	55
n03814639_128.JPEG	9	0	30	16
n03814639_129.JPEG	19	6	36	19
n03814639_130.JPEG	20	25	30	33
n03814639_131.JPEG	29	25	44	37
n03814639_132.JPEG	35	36	51	48
n03814639_133.JPEG	29	30	39	38
n03814639_134.JPEG	33	35	55	54
n03814639_135.JPEG	11	31	45	63
n03814639_136.JPEG	24	15	49	47
n03814639_137.JPEG	38	27	63	52
n03814639_138.JPEG	13	33	47	63
n03814639_139.JPEG	4	2	60	63
n03814639_140.JPEG	21	35	47	63
n03814639_141.JPEG	27	36	53	53
n03814639_142.JPEG	15	17	27	28
n03814639_143.JPEG	49	25	63	35
n03814639_144.JPEG	47	26	61	34
n03814639_145.JPEG	2	26	39	45
n03814639_146.JPEG	20	18	42	40
n03814639_147.JPEG	42	26	54	40
n03814639_148.JPEG	30	29	42	41
n03814639_149.JPEG	15	18	56	50
n03814639_150.JPEG	29	24	42	37
n03814639_151.JPEG	16	33	35	53
n03814639_152.JPEG	30	16	44	30
n03814639_153.JPEG	3	0	62	27
n03814639_154.JPEG	0	27	53	63
n03814639_155.JPEG	24	32	45	52
n03814639_156.JPEG	29	26	50	44
n03814639_157.JPEG	0	13	29	63
n03814639_158.JPEG	2	1	62	61
n03814639_159.JPEG	33	8	52	22
n03814639_160.JPEG	15	27	48	61
n03814639_161.JPEG	38	30	57	54
n03814639_162.JPEG	34	20	53	38
n03814639_163.JPEG	33	25	44	31
n03814639_164.JPEG	38	17	47	27
n03814639_165.JPEG	0	22	11	30
n03814639_166.JPEG	0	4	63	61
n03814639_167.JPEG	0	3	63	61
n03814639_168.JPEG	21	24	38	45
n03814639_169.JPEG	5	21	45	59
n03814639_170.JPEG	36	35	48	43
n03814639_171.JPEG	3	27	19	43
n03814639_172.JPEG	22	13	28	19
n03814639_173.JPEG	1	15	6	19
n03814639_174.JPEG	9	27	32	44
n03814639_175.JPEG	35	22	44	33
n03814639_176.JPEG	22	17	41	40
n03814639_177.JPEG	26	24	47	40
n03814639_178.JPEG	25	14	45	32
n03814639_179.JPEG	12	40	33	59
n03814639_180.JPEG	51	23	63	41
n03814639_181.JPEG	7	32	56	58
n03814639_182.JPEG	18	26	53	56
n03814639_183.JPEG	26	32	35	39
n03814639_184.JPEG	16	36	33	56
n03814639_185.JPEG	2	9	63	52
n03814639_186.JPEG	0	2	63	62
n03814639_187.JPEG	35	32	52	42
n03814639_188.JPEG	19	26	42	45
n03814639_189.JPEG	23	32	38	44
n03814639_190.JPEG	18	12	33	26
n03814639_191.JPEG	13	31	54	63
n03814639_192.JPEG	27	38	63	63
n03814639_193.JPEG	15	45	46	60
n03814639_194.JPEG	2	5	35	33
n03814639_195.JPEG	26	19	48	35
n03814639_196.JPEG	1	5	62	59
n03814639_197.JPEG	13	26	34	45
n03814639_198.JPEG	26	15	40	22
n03814639_199.JPEG	11	29	36	57
n03814639_200.JPEG	40	28	53	44
n03814639_201.JPEG	2	7	63	57
n03814639_202.JPEG	25	23	43	38
n03814639_203.JPEG	23	35	44	50
n03814639_204.JPEG	5	18	37	39
n03814639_205.JPEG	29	16	41	25
n03814639_206.JPEG	29	31	39	46
n03814639_207.JPEG	5	23	27	50
n03814639_208.JPEG	0	33	33	63
n03814639_209.JPEG	21	34	43	51
n03814639_210.JPEG	26	34	43	54
n03814639_211.JPEG	20	9	49	18
n03814639_212.JPEG	4	0	60	63
n03814639_213.JPEG	0	27	25	43
n03814639_214.JPEG	16	5	49	36
n03814639_215.JPEG	24	27	50	54
n03814639_216.JPEG	30	33	63	59
n03814639_217.JPEG	5	30	9	34
n03814639_218.JPEG	27	26	40	35
n03814639_219.JPEG	29	40	48	50
n03814639_220.JPEG	28	12	40	23
n03814639_221.JPEG	43	37	63	55
n03814639_222.JPEG	32	41	46	52
n03814639_223.JPEG	39	30	50	38
n03814639_224.JPEG	16	44	53	63
n03814639_225.JPEG	21	23	39	47
n03814639_226.JPEG	0	16	51	60
n03814639_227.JPEG	47	13	61	29
n03814639_228.JPEG	19	19	38	33
n03814639_229.JPEG	16	16	32	29
n03814639_230.JPEG	3	0	59	63
n03814639_231.JPEG	21	45	51	63
n03814639_232.JPEG	7	25	26	41
n03814639_233.JPEG	20	30	39	46
n03814639_234.JPEG	5	31	29	45
n03814639_235.JPEG	31	31	43	40
n03814639_236.JPEG	46	24	58	34
n03814639_237.JPEG	2	29	40	53
n03814639_238.JPEG	10	32	57	60
n03814639_239.JPEG	14	25	55	63
n03814639_240.JPEG	0	35	37	63
n03814639_241.JPEG	21	32	47	63
n03814639_242.JPEG	0	3	63	56
n03814639_243.JPEG	15	43	52	63
n03814639_244.JPEG	24	22	38	34
n03814639_245.JPEG	11	35	49	63
n03814639_246.JPEG	13	28	26	39
n03814639_247.JPEG	17	36	43	58
n03814639_248.JPEG	0	29	18	52
n03814639_249.JPEG	17	37	44	57
n03814639_250.JPEG	37	29	50	39
n03814639_251.JPEG	0	11	63	63
n03814639_252.JPEG	27	2	39	11
n03814639_253.JPEG	1	31	29	62
n03814639_254.JPEG	21	35	40	51
n03814639_255.JPEG	9	37	28	57
n03814639_256.JPEG	25	5	35	14
n03814639_257.JPEG	37	37	56	55
n03814639_258.JPEG	43	31	48	36
n03814639_259.JPEG	0	9	63	45
n03814639_260.JPEG	13	43	36	60
n03814639_261.JPEG	52	21	62	34
n03814639_262.JPEG	11	33	46	59
n03814639_263.JPEG	30	22	46	32
n03814639_264.JPEG	0	37	51	63
n03814639_265.JPEG	17	17	49	56
n03814639_266.JPEG	25	27	31	36
n03814639_267.JPEG	20	38	51	62
n03814639_268.JPEG	20	17	42	36
n03814639_269.JPEG	27	43	45	63
n03814639_270.JPEG	38	32	51	43
n03814639_271.JPEG	0	5	63	61
n03814639_272.JPEG	22	41	44	63
n03814639_273.JPEG	18	28	58	63
n03814639_274.JPEG	20	35	51	63
n03814639_275.JPEG	23	26	52	52
n03814639_276.JPEG	21	15	63	63
n03814639_277.JPEG	23	32	45	46
n03814639_278.JPEG	14	22	58	63
n03814639_279.JPEG	21	27	55	61
n03814639_280.JPEG	9	14	35	40
n03814639_281.JPEG	0	0	63	63
n03814639_282.JPEG	3	3	60	39
n03814639_283.JPEG	12	39	46	63
n03814639_284.JPEG	26	23	40	38
n03814639_285.JPEG	29	23	42	40
n03814639_286.JPEG	17	17	48	56
n03814639_287.JPEG	12	23	25	38
n03814639_288.JPEG	10	25	26	38
n03814639_289.JPEG	9	21	53	63
n03814639_290.JPEG	19	26	41	48
n03814639_291.JPEG	17	25	56	63
n03814639_292.JPEG	18	15	49	44
n03814639_293.JPEG	35	10	46	21
n03814639_294.JPEG	9	13	30	28
n03814639_295.JPEG	5	28	39	61
n03814639_296.JPEG	11	4	63	63
n03814639_297.JPEG	1	0	62	63
n03814639_298.JPEG	0	4	63	59
n03814639_299.JPEG	34	18	53	42
n03814639_300.JPEG	0	5	63	60
n03814639_301.JPEG	0	0	63	63
n03814639_302.JPEG	32	43	63	62
n03814639_303.JPEG	39	36	63	59
n03814639_304.JPEG	0	4	63	61
n03814639_305.JPEG	25	11	45	30
n03814639_306.JPEG	5	4	63	57
n03814639_307.JPEG	17	37	42	59
n03814639_308.JPEG	36	16	57	34
n03814639_309.JPEG	23	37	38	49
n03814639_310.JPEG	19	17	45	44
n03814639_311.JPEG	34	37	56	50
n03814639_312.JPEG	41	24	63	51
n03814639_313.JPEG	11	22	27	40
n03814639_314.JPEG	40	32	48	41
n03814639_315.JPEG	11	26	47	60
n03814639_316.JPEG	8	19	49	56
n03814639_317.JPEG	30	24	41	33
n03814639_318.JPEG	3	18	28	48
n03814639_319.JPEG	28	30	39	39
n03814639_320.JPEG	11	38	52	63
n03814639_321.JPEG	19	32	50	60
n03814639_322.JPEG	30	29	36	47
n03814639_323.JPEG	26	29	36	36
n03814639_324.JPEG	14	40	35	53
n03814639_325.JPEG	0	10	58	54
n03814639_326.JPEG	11	27	43	55
n03814639_327.JPEG	41	15	59	26
n03814639_328.JPEG	52	25	60	32
n03814639_329.JPEG	22	21	42	41
n03814639_330.JPEG	2	2	63	57
n03814639_331.JPEG	19	39	47	63
n03814639_332.JPEG	24	17	45	29
n03814639_333.JPEG	1	27	54	63
n03814639_334.JPEG	22	0	32	4
n03814639_335.JPEG	0	0	57	62
n03814639_336.JPEG	12	25	57	63
n03814639_337.JPEG	6	15	39	55
n03814639_338.JPEG	18	25	34	39
n03814639_339.JPEG	41	37	63	63
n03814639_340.JPEG	24	37	43	60
n03814639_341.JPEG	44	19	57	26
n03814639_342.JPEG	35	35	56	51
n03814639_343.JPEG	5	0	58	62
n03814639_344.JPEG	20	30	37	44
n03814639_345.JPEG	17	20	43	63
n03814639_346.JPEG	8	1	52	61
n03814639_347.JPEG	30	22	38	29
n03814639_348.JPEG	26	31	60	63
n03814639_349.JPEG	7	23	40	49
n03814639_350.JPEG	0	34	38	62
n03814639_351.JPEG	8	3	63	36
n03814639_352.JPEG	27	27	49	50
n03814639_353.JPEG	27	9	47	25
n03814639_354.JPEG	16	22	35	37
n03814639_355.JPEG	3	36	19	54
n03814639_356.JPEG	13	24	26	37
n03814639_357.JPEG	14	19	44	53
n03814639_358.JPEG	6	8	58	56
n03814639_359.JPEG	27	29	52	52
n03814639_360.JPEG	23	15	41	36
n03814639_361.JPEG	33	21	48	34
n03814639_362.JPEG	1	3	33	21
n03814639_363.JPEG	11	11	36	35
n03814639_364.JPEG	35	23	52	32
n03814639_365.JPEG	5	0	59	25
n03814639_366.JPEG	15	30	50	63
n03814639_367.JPEG	12	38	54	61
n03814639_368.JPEG	9	33	39	54
n03814639_369.JPEG	8	40	47	63
n03814639_370.JPEG	39	15	61	32
n03814639_371.JPEG	15	36	33	49
n03814639_372.JPEG	9	22	25	38
n03814639_373.JPEG	0	33	15	42
n03814639_374.JPEG	0	21	54	63
n03814639_375.JPEG	20	44	43	54
n03814639_376.JPEG	14	16	33	38
n03814639_377.JPEG	21	15	47	44
n03814639_378.JPEG	4	0	56	49
n03814639_379.JPEG	36	20	56	34
n03814639_380.JPEG	35	29	54	44
n03814639_381.JPEG	17	44	49	63
n03814639_382.JPEG	10	42	36	63
n03814639_383.JPEG	23	16	46	35
n03814639_384.JPEG	9	31	40	56
n03814639_385.JPEG	9	12	32	44
n03814639_386.JPEG	1	53	32	63
n03814639_387.JPEG	42	28	56	38
n03814639_388.JPEG	56	28	63	52
n03814639_389.JPEG	17	28	37	43
n03814639_390.JPEG	0	7	19	60
n03814639_391.JPEG	22	15	36	26
n03814639_392.JPEG	28	27	43	42
n03814639_393.JPEG	30	15	44	26
n03814639_394.JPEG	16	29	31	43
n03814639_395.JPEG	36	32	53	47
n03814639_396.JPEG	0	0	63	63
n03814639_397.JPEG	31	7	48	20
n03814639_398.JPEG	32	40	56	60
n03814639_399.JPEG	29	40	60	61
n03814639_400.JPEG	18	24	49	58
n03814639_401.JPEG	24	15	43	37
n03814639_402.JPEG	11	22	16	25
n03814639_403.JPEG	36	24	50	34
n03814639_404.JPEG	15	32	36	50
n03814639_405.JPEG	5	38	49	63
n03814639_406.JPEG	0	36	26	61
n03814639_407.JPEG	24	32	58	63
n03814639_408.JPEG	14	32	29	51
n03814639_409.JPEG	35	12	53	25
n03814639_410.JPEG	0	15	3	27
n03814639_411.JPEG	0	45	12	63
n03814639_412.JPEG	10	33	23	48
n03814639_413.JPEG	18	20	27	28
n03814639_414.JPEG	6	35	47	63
n03814639_415.JPEG	15	39	48	63
n03814639_416.JPEG	24	37	52	56
n03814639_417.JPEG	27	12	52	34
n03814639_418.JPEG	25	24	35	33
n03814639_419.JPEG	0	0	63	63
n03814639_420.JPEG	49	16	63	35
n03814639_421.JPEG	2	30	11	43
n03814639_422.JPEG	15	43	55	63
n03814639_423.JPEG	36	34	63	63
n03814639_424.JPEG	23	34	41	49
n03814639_425.JPEG	22	17	55	42
n03814639_426.JPEG	8	28	56	63
n03814639_427.JPEG	36	10	53	26
n03814639_428.JPEG	26	19	39	30
n03814639_429.JPEG	18	21	31	34
n03814639_430.JPEG	2	30	34	56
n03814639_431.JPEG	0	0	63	63
n03814639_432.JPEG	17	33	37	50
n03814639_433.JPEG	16	18	33	33
n03814639_434.JPEG	0	26	28	57
n03814639_435.JPEG	22	5	31	14
n03814639_436.JPEG	28	23	41	39
n03814639_437.JPEG	17	30	48	59
n03814639_438.JPEG	28	20	37	27
n03814639_439.JPEG	26	28	37	38
n03814639_440.JPEG	22	17	56	52
n03814639_441.JPEG	30	14	36	20
n03814639_442.JPEG	28	27	44	43
n03814639_443.JPEG	24	17	32	23
n03814639_444.JPEG	0	5	61	63
n03814639_445.JPEG	0	7	63	59
n03814639_446.JPEG	27	38	50	54
n03814639_447.JPEG	32	27	49	38
n03814639_448.JPEG	15	29	48	63
n03814639_449.JPEG	0	13	24	53
n03814639_450.JPEG	26	0	37	10
n03814639_451.JPEG	13	29	29	46
n03814639_452.JPEG	0	2	63	63
n03814639_453.JPEG	27	37	54	52
n03814639_454.JPEG	22	37	44	55
n03814639_455.JPEG	40	25	56	45
n03814639_456.JPEG	39	30	46	38
n03814639_457.JPEG	3	36	46	63
n03814639_458.JPEG	31	4	55	35
n03814639_459.JPEG	13	33	50	60
n03814639_460.JPEG	43	27	53	34
n03814639_461.JPEG	11	28	56	57
n03814639_462.JPEG	25	1	34	12
n03814639_463.JPEG	14	24	59	63
n03814639_464.JPEG	0	10	63	56
n03814639_465.JPEG	25	15	44	30
n03814639_466.JPEG	5	8	57	53
n03814639_467.JPEG	36	3	48	15
n03814639_468.JPEG	10	27	59	63
n03814639_469.JPEG	0	16	7	25
n03814639_470.JPEG	35	22	46	33
n03814639_471.JPEG	9	17	24	29
n03814639_472.JPEG	33	5	41	12
n03814639_473.JPEG	27	9	44	23
n03814639_474.JPEG	28	26	56	58
n03814639_475.JPEG	0	3	63	63
n03814639_476.JPEG	0	37	6	54
n03814639_477.JPEG	2	20	20	35
n03814639_478.JPEG	14	35	50	63
n03814639_479.JPEG	24	14	36	24
n03814639_480.JPEG	25	21	38	33
n03814639_481.JPEG	14	41	30	60
n03814639_482.JPEG	38	33	63	63
n03814639_483.JPEG	20	25	40	38
n03814639_484.JPEG	27	5	42	17
n03814639_485.JPEG	22	26	42	51
n03814639_486.JPEG	13	33	45	60
n03814639_487.JPEG	1	26	27	54
n03814639_488.JPEG	3	43	56	63
n03814639_489.JPEG	19	17	45	43
n03814639_490.JPEG	24	25	45	44
n03814639_491.JPEG	33	14	48	28
n03814639_492.JPEG	17	11	26	20
n03814639_493.JPEG	26	31	42	51
n03814639_494.JPEG	10	28	47	61
n03814639_495.JPEG	0	0	52	55
n03814639_496.JPEG	38	27	49	35
n03814639_497.JPEG	32	29	48	42
n03814639_498.JPEG	19	36	40	54
n03814639_499.JPEG	12	11	27	22
