n04560804_0.JPEG	14	17	58	63
n04560804_1.JPEG	17	0	57	63
n04560804_2.JPEG	2	0	51	63
n04560804_3.JPEG	0	14	28	63
n04560804_4.JPEG	13	24	31	63
n04560804_5.JPEG	20	2	43	62
n04560804_6.JPEG	25	1	44	63
n04560804_7.JPEG	9	9	38	54
n04560804_8.JPEG	0	6	54	61
n04560804_9.JPEG	1	28	36	63
n04560804_10.JPEG	18	31	28	49
n04560804_11.JPEG	38	18	63	54
n04560804_12.JPEG	0	6	35	63
n04560804_13.JPEG	28	2	63	47
n04560804_14.JPEG	2	0	63	63
n04560804_15.JPEG	3	4	59	63
n04560804_16.JPEG	21	13	47	34
n04560804_17.JPEG	10	0	55	60
n04560804_18.JPEG	3	0	61	63
n04560804_19.JPEG	56	35	63	45
n04560804_20.JPEG	9	0	59	63
n04560804_21.JPEG	7	3	62	58
n04560804_22.JPEG	23	28	57	63
n04560804_23.JPEG	21	52	40	63
n04560804_24.JPEG	0	1	43	63
n04560804_25.JPEG	18	14	51	52
n04560804_26.JPEG	30	15	63	61
n04560804_27.JPEG	11	4	54	63
n04560804_28.JPEG	0	0	63	63
n04560804_29.JPEG	6	3	58	62
n04560804_30.JPEG	3	18	58	63
n04560804_31.JPEG	26	13	62	49
n04560804_32.JPEG	13	1	47	49
n04560804_33.JPEG	26	5	52	61
n04560804_34.JPEG	0	21	63	63
n04560804_35.JPEG	7	0	57	44
n04560804_36.JPEG	6	12	63	63
n04560804_37.JPEG	5	14	35	59
n04560804_38.JPEG	4	0	59	56
n04560804_39.JPEG	32	1	56	38
n04560804_40.JPEG	46	28	52	34
n04560804_41.JPEG	31	9	63	63
n04560804_42.JPEG	0	4	25	45
n04560804_43.JPEG	0	0	63	63
n04560804_44.JPEG	6	26	27	60
n04560804_45.JPEG	24	0	35	0
n04560804_46.JPEG	38	3	63	56
n04560804_47.JPEG	13	12	50	49
n04560804_48.JPEG	2	0	63	63
n04560804_49.JPEG	6	35	56	63
n04560804_50.JPEG	9	0	51	63
n04560804_51.JPEG	48	8	63	37
n04560804_52.JPEG	35	38	48	54
n04560804_53.JPEG	0	1	61	63
n04560804_54.JPEG	8	9	19	27
n04560804_55.JPEG	49	1	61	30
n04560804_56.JPEG	56	0	63	36
n04560804_57.JPEG	0	0	59	63
n04560804_58.JPEG	31	22	63	63
n04560804_59.JPEG	10	6	57	59
n04560804_60.JPEG	3	3	63	63
n04560804_61.JPEG	34	13	63	40
n04560804_62.JPEG	10	26	34	60
n04560804_63.JPEG	11	10	52	56
n04560804_64.JPEG	2	4	60	60
n04560804_65.JPEG	3	0	63	63
n04560804_66.JPEG	7	5	57	60
n04560804_67.JPEG	34	10	63	62
n04560804_68.JPEG	21	11	54	53
n04560804_69.JPEG	0	1	63	63
n04560804_70.JPEG	0	20	29	49
n04560804_71.JPEG	15	6	50	61
n04560804_72.JPEG	0	0	63	59
n04560804_73.JPEG	16	0	45	63
n04560804_74.JPEG	6	9	63	58
n04560804_75.JPEG	18	0	55	21
n04560804_76.JPEG	45	26	58	37
n04560804_77.JPEG	25	12	31	27
n04560804_78.JPEG	4	7	60	58
n04560804_79.JPEG	1	2	63	60
n04560804_80.JPEG	0	1	33	55
n04560804_81.JPEG	41	22	63	47
n04560804_82.JPEG	4	0	59	63
n04560804_83.JPEG	15	1	56	56
n04560804_84.JPEG	16	7	31	24
n04560804_85.JPEG	7	37	24	45
n04560804_86.JPEG	1	0	63	63
n04560804_87.JPEG	8	4	29	49
n04560804_88.JPEG	12	0	58	63
n04560804_89.JPEG	0	15	24	63
n04560804_90.JPEG	12	4	48	46
n04560804_91.JPEG	4	0	61	63
n04560804_92.JPEG	16	1	41	31
n04560804_93.JPEG	8	4	43	56
n04560804_94.JPEG	28	3	57	34
n04560804_95.JPEG	0	25	34	61
n04560804_96.JPEG	4	20	40	40
n04560804_97.JPEG	11	0	47	43
n04560804_98.JPEG	4	6	56	62
n04560804_99.JPEG	0	0	63	63
n04560804_100.JPEG	21	6	41	59
n04560804_101.JPEG	12	0	50	51
n04560804_102.JPEG	47	50	63	63
n04560804_103.JPEG	0	3	39	59
n04560804_104.JPEG	21	23	43	45
n04560804_105.JPEG	13	3	46	48
n04560804_106.JPEG	6	11	27	39
n04560804_107.JPEG	34	20	63	48
n04560804_108.JPEG	32	42	39	53
n04560804_109.JPEG	6	12	39	63
n04560804_110.JPEG	4	4	59	60
n04560804_111.JPEG	2	1	63	63
n04560804_112.JPEG	34	43	63	63
n04560804_113.JPEG	55	32	63	45
n04560804_114.JPEG	12	24	52	63
n04560804_115.JPEG	13	1	52	63
n04560804_116.JPEG	9	6	33	42
n04560804_117.JPEG	3	0	63	63
n04560804_118.JPEG	7	24	36	61
n04560804_119.JPEG	1	0	63	63
n04560804_120.JPEG	16	4	42	62
n04560804_121.JPEG	8	0	57	63
n04560804_122.JPEG	24	0	55	56
n04560804_123.JPEG	7	0	58	63
n04560804_124.JPEG	40	7	60	43
n04560804_125.JPEG	27	22	33	31
n04560804_126.JPEG	0	1	63	63
n04560804_127.JPEG	0	3	47	55
n04560804_128.JPEG	2	0	61	63
n04560804_129.JPEG	10	2	48	61
n04560804_130.JPEG	24	0	62	47
n04560804_131.JPEG	11	4	42	63
n04560804_132.JPEG	0	0	63	63
n04560804_133.JPEG	9	0	57	63
n04560804_134.JPEG	12	0	50	63
n04560804_135.JPEG	15	2	55	47
n04560804_136.JPEG	0	17	63	46
n04560804_137.JPEG	5	19	28	55
n04560804_138.JPEG	30	0	63	54
n04560804_139.JPEG	12	0	28	10
n04560804_140.JPEG	0	7	41	58
n04560804_141.JPEG	43	18	63	63
n04560804_142.JPEG	43	23	63	60
n04560804_143.JPEG	22	24	43	63
n04560804_144.JPEG	11	0	63	55
n04560804_145.JPEG	18	6	52	54
n04560804_146.JPEG	35	13	49	50
n04560804_147.JPEG	0	3	54	59
n04560804_148.JPEG	18	3	63	58
n04560804_149.JPEG	12	3	60	61
n04560804_150.JPEG	10	6	53	59
n04560804_151.JPEG	16	1	48	63
n04560804_152.JPEG	0	8	36	60
n04560804_153.JPEG	0	1	43	47
n04560804_154.JPEG	7	0	58	63
n04560804_155.JPEG	5	10	62	63
n04560804_156.JPEG	12	0	63	60
n04560804_157.JPEG	20	34	56	62
n04560804_158.JPEG	4	0	63	63
n04560804_159.JPEG	18	27	47	63
n04560804_160.JPEG	48	45	59	58
n04560804_161.JPEG	0	25	35	56
n04560804_162.JPEG	16	2	57	56
n04560804_163.JPEG	15	25	38	63
n04560804_164.JPEG	35	29	54	56
n04560804_165.JPEG	7	0	52	63
n04560804_166.JPEG	14	14	63	63
n04560804_167.JPEG	6	46	15	63
n04560804_168.JPEG	0	3	21	45
n04560804_169.JPEG	9	4	60	63
n04560804_170.JPEG	11	0	63	55
n04560804_171.JPEG	29	12	47	41
n04560804_172.JPEG	4	4	61	62
n04560804_173.JPEG	28	12	63	53
n04560804_174.JPEG	10	42	21	61
n04560804_175.JPEG	8	0	58	37
n04560804_176.JPEG	23	12	44	28
n04560804_177.JPEG	13	1	33	11
n04560804_178.JPEG	32	15	46	44
n04560804_179.JPEG	3	22	48	51
n04560804_180.JPEG	5	0	59	63
n04560804_181.JPEG	31	17	55	44
n04560804_182.JPEG	30	0	56	63
n04560804_183.JPEG	4	0	60	63
n04560804_184.JPEG	7	0	58	63
n04560804_185.JPEG	12	25	57	63
n04560804_186.JPEG	15	5	63	59
n04560804_187.JPEG	20	13	53	50
n04560804_188.JPEG	21	2	48	62
n04560804_189.JPEG	0	0	57	63
n04560804_190.JPEG	29	33	40	46
n04560804_191.JPEG	3	0	50	18
n04560804_192.JPEG	14	0	58	63
n04560804_193.JPEG	3	0	63	63
n04560804_194.JPEG	8	0	61	63
n04560804_195.JPEG	40	23	55	48
n04560804_196.JPEG	5	0	62	63
n04560804_197.JPEG	3	0	58	63
n04560804_198.JPEG	9	0	60	63
n04560804_199.JPEG	9	0	39	57
n04560804_200.JPEG	2	14	29	62
n04560804_201.JPEG	4	0	58	63
n04560804_202.JPEG	14	27	30	51
n04560804_203.JPEG	1	8	52	61
n04560804_204.JPEG	3	0	63	63
n04560804_205.JPEG	1	0	63	61
n04560804_206.JPEG	0	1	63	63
n04560804_207.JPEG	31	3	63	63
n04560804_208.JPEG	7	0	58	63
n04560804_209.JPEG	45	0	57	55
n04560804_210.JPEG	17	3	52	37
n04560804_211.JPEG	22	10	44	56
n04560804_212.JPEG	39	11	63	45
n04560804_213.JPEG	31	0	63	59
n04560804_214.JPEG	11	11	54	58
n04560804_215.JPEG	23	0	45	0
n04560804_216.JPEG	0	4	15	63
n04560804_217.JPEG	15	32	28	63
n04560804_218.JPEG	5	3	58	63
n04560804_219.JPEG	27	28	37	44
n04560804_220.JPEG	8	0	34	63
n04560804_221.JPEG	44	49	60	63
n04560804_222.JPEG	9	9	63	59
n04560804_223.JPEG	1	5	63	61
n04560804_224.JPEG	2	0	63	63
n04560804_225.JPEG	26	3	63	61
n04560804_226.JPEG	7	0	60	63
n04560804_227.JPEG	15	0	59	33
n04560804_228.JPEG	1	5	59	63
n04560804_229.JPEG	25	0	61	63
n04560804_230.JPEG	11	5	32	17
n04560804_231.JPEG	0	0	14	50
n04560804_232.JPEG	6	0	59	63
n04560804_233.JPEG	1	0	55	63
n04560804_234.JPEG	0	0	63	38
n04560804_235.JPEG	15	4	63	60
n04560804_236.JPEG	2	3	40	63
n04560804_237.JPEG	39	55	63	63
n04560804_238.JPEG	16	17	53	59
n04560804_239.JPEG	11	8	53	57
n04560804_240.JPEG	2	0	63	63
n04560804_241.JPEG	0	0	63	63
n04560804_242.JPEG	23	60	38	63
n04560804_243.JPEG	42	0	62	21
n04560804_244.JPEG	4	0	60	63
n04560804_245.JPEG	19	1	42	62
n04560804_246.JPEG	5	0	59	63
n04560804_247.JPEG	32	7	61	34
n04560804_248.JPEG	16	0	63	63
n04560804_249.JPEG	1	0	63	63
n04560804_250.JPEG	17	0	51	47
n04560804_251.JPEG	1	0	63	63
n04560804_252.JPEG	16	7	53	56
n04560804_253.JPEG	16	6	50	58
n04560804_254.JPEG	22	0	58	47
n04560804_255.JPEG	1	0	57	46
n04560804_256.JPEG	7	6	49	59
n04560804_257.JPEG	2	0	63	56
n04560804_258.JPEG	31	9	52	43
n04560804_259.JPEG	19	54	31	63
n04560804_260.JPEG	21	30	30	44
n04560804_261.JPEG	49	49	62	63
n04560804_262.JPEG	5	0	61	63
n04560804_263.JPEG	6	0	29	62
n04560804_264.JPEG	19	20	31	37
n04560804_265.JPEG	0	11	16	59
n04560804_266.JPEG	2	24	26	46
n04560804_267.JPEG	0	3	63	63
n04560804_268.JPEG	2	0	62	63
n04560804_269.JPEG	22	42	38	60
n04560804_270.JPEG	15	17	52	57
n04560804_271.JPEG	25	42	50	63
n04560804_272.JPEG	3	0	34	14
n04560804_273.JPEG	0	10	53	55
n04560804_274.JPEG	12	3	54	61
n04560804_275.JPEG	10	5	47	63
n04560804_276.JPEG	27	11	63	49
n04560804_277.JPEG	20	3	49	63
n04560804_278.JPEG	11	5	48	53
n04560804_279.JPEG	2	0	60	63
n04560804_280.JPEG	10	5	55	63
n04560804_281.JPEG	16	4	47	62
n04560804_282.JPEG	9	0	54	57
n04560804_283.JPEG	52	2	63	38
n04560804_284.JPEG	19	0	60	49
n04560804_285.JPEG	0	2	63	60
n04560804_286.JPEG	3	0	60	63
n04560804_287.JPEG	8	3	55	62
n04560804_288.JPEG	30	25	63	63
n04560804_289.JPEG	1	0	53	63
n04560804_290.JPEG	0	3	57	59
n04560804_291.JPEG	10	2	49	63
n04560804_292.JPEG	7	5	61	61
n04560804_293.JPEG	4	0	62	63
n04560804_294.JPEG	11	5	49	56
n04560804_295.JPEG	6	1	62	63
n04560804_296.JPEG	0	11	21	55
n04560804_297.JPEG	12	0	63	63
n04560804_298.JPEG	9	7	47	57
n04560804_299.JPEG	27	20	35	31
n04560804_300.JPEG	30	40	57	63
n04560804_301.JPEG	0	48	1	59
n04560804_302.JPEG	9	0	63	63
n04560804_303.JPEG	13	10	57	59
n04560804_304.JPEG	32	0	63	63
n04560804_305.JPEG	3	0	63	63
n04560804_306.JPEG	0	0	40	63
n04560804_307.JPEG	27	0	53	63
n04560804_308.JPEG	22	1	40	62
n04560804_309.JPEG	5	12	45	53
n04560804_310.JPEG	1	0	63	63
n04560804_311.JPEG	8	4	57	56
n04560804_312.JPEG	1	1	63	59
n04560804_313.JPEG	40	5	63	61
n04560804_314.JPEG	37	47	51	63
n04560804_315.JPEG	0	10	20	59
n04560804_316.JPEG	2	10	63	63
n04560804_317.JPEG	5	10	60	47
n04560804_318.JPEG	22	14	48	62
n04560804_319.JPEG	8	0	53	63
n04560804_320.JPEG	10	0	62	63
n04560804_321.JPEG	6	0	63	63
n04560804_322.JPEG	18	0	57	63
n04560804_323.JPEG	7	28	47	59
n04560804_324.JPEG	11	0	63	63
n04560804_325.JPEG	15	2	50	55
n04560804_326.JPEG	0	0	63	50
n04560804_327.JPEG	0	16	35	63
n04560804_328.JPEG	11	0	52	63
n04560804_329.JPEG	16	5	52	44
n04560804_330.JPEG	17	10	52	62
n04560804_331.JPEG	2	0	59	63
n04560804_332.JPEG	27	20	51	63
n04560804_333.JPEG	10	0	58	63
n04560804_334.JPEG	14	2	59	57
n04560804_335.JPEG	12	28	55	63
n04560804_336.JPEG	4	0	62	63
n04560804_337.JPEG	16	9	49	63
n04560804_338.JPEG	0	4	63	62
n04560804_339.JPEG	9	0	63	63
n04560804_340.JPEG	3	6	33	57
n04560804_341.JPEG	33	14	54	61
n04560804_342.JPEG	0	1	63	61
n04560804_343.JPEG	13	38	27	54
n04560804_344.JPEG	0	1	63	63
n04560804_345.JPEG	23	22	32	37
n04560804_346.JPEG	5	7	63	57
n04560804_347.JPEG	6	0	61	63
n04560804_348.JPEG	30	7	53	63
n04560804_349.JPEG	0	14	7	25
n04560804_350.JPEG	13	6	52	63
n04560804_351.JPEG	26	0	63	34
n04560804_352.JPEG	0	8	41	55
n04560804_353.JPEG	22	10	63	52
n04560804_354.JPEG	0	1	63	63
n04560804_355.JPEG	18	0	53	63
n04560804_356.JPEG	5	0	61	63
n04560804_357.JPEG	15	1	63	62
n04560804_358.JPEG	35	8	63	56
n04560804_359.JPEG	1	3	63	63
n04560804_360.JPEG	21	42	28	52
n04560804_361.JPEG	11	15	52	58
n04560804_362.JPEG	20	35	52	63
n04560804_363.JPEG	0	5	63	59
n04560804_364.JPEG	0	11	33	55
n04560804_365.JPEG	28	22	58	63
n04560804_366.JPEG	12	0	53	63
n04560804_367.JPEG	1	0	40	63
n04560804_368.JPEG	22	16	43	55
n04560804_369.JPEG	2	3	62	63
n04560804_370.JPEG	3	0	62	63
n04560804_371.JPEG	21	36	40	53
n04560804_372.JPEG	0	15	25	43
n04560804_373.JPEG	8	3	58	63
n04560804_374.JPEG	7	0	59	63
n04560804_375.JPEG	36	5	63	58
n04560804_376.JPEG	0	1	63	63
n04560804_377.JPEG	6	0	56	63
n04560804_378.JPEG	11	12	32	34
n04560804_379.JPEG	2	1	60	63
n04560804_380.JPEG	0	0	63	61
n04560804_381.JPEG	10	0	56	63
n04560804_382.JPEG	50	41	63	58
n04560804_383.JPEG	3	0	58	63
n04560804_384.JPEG	15	4	55	55
n04560804_385.JPEG	5	1	63	62
n04560804_386.JPEG	1	0	63	63
n04560804_387.JPEG	12	0	49	63
n04560804_388.JPEG	21	10	50	63
n04560804_389.JPEG	8	4	63	60
n04560804_390.JPEG	22	3	43	49
n04560804_391.JPEG	3	0	62	63
n04560804_392.JPEG	6	0	38	63
n04560804_393.JPEG	1	0	63	63
n04560804_394.JPEG	21	53	40	63
n04560804_395.JPEG	22	5	45	61
n04560804_396.JPEG	17	12	50	30
n04560804_397.JPEG	25	19	28	25
n04560804_398.JPEG	0	9	20	33
n04560804_399.JPEG	30	2	45	23
n04560804_400.JPEG	28	26	53	57
n04560804_401.JPEG	9	47	19	63
n04560804_402.JPEG	0	11	18	50
n04560804_403.JPEG	9	4	55	58
n04560804_404.JPEG	1	0	58	63
n04560804_405.JPEG	54	23	58	33
n04560804_406.JPEG	2	3	59	63
n04560804_407.JPEG	4	28	19	54
n04560804_408.JPEG	5	0	59	63
n04560804_409.JPEG	2	2	48	50
n04560804_410.JPEG	6	0	62	62
n04560804_411.JPEG	7	0	59	63
n04560804_412.JPEG	4	6	59	63
n04560804_413.JPEG	15	7	30	60
n04560804_414.JPEG	1	0	63	63
n04560804_415.JPEG	9	0	54	52
n04560804_416.JPEG	14	1	63	63
n04560804_417.JPEG	3	3	59	63
n04560804_418.JPEG	6	0	56	63
n04560804_419.JPEG	18	0	62	61
n04560804_420.JPEG	28	10	62	63
n04560804_421.JPEG	3	0	62	63
n04560804_422.JPEG	3	8	48	51
n04560804_423.JPEG	6	0	62	63
n04560804_424.JPEG	18	0	63	63
n04560804_425.JPEG	46	39	63	51
n04560804_426.JPEG	16	0	54	59
n04560804_427.JPEG	19	0	44	63
n04560804_428.JPEG	6	0	57	63
n04560804_429.JPEG	4	0	60	63
n04560804_430.JPEG	21	0	60	55
n04560804_431.JPEG	3	0	51	63
n04560804_432.JPEG	3	1	61	63
n04560804_433.JPEG	5	3	63	63
n04560804_434.JPEG	6	0	56	50
n04560804_435.JPEG	9	9	56	62
n04560804_436.JPEG	2	4	62	63
n04560804_437.JPEG	0	1	61	63
n04560804_438.JPEG	0	8	43	63
n04560804_439.JPEG	2	0	55	63
n04560804_440.JPEG	2	5	62	63
n04560804_441.JPEG	12	0	54	62
n04560804_442.JPEG	13	16	63	63
n04560804_443.JPEG	45	16	58	35
n04560804_444.JPEG	0	0	63	63
n04560804_445.JPEG	0	0	63	63
n04560804_446.JPEG	29	21	53	46
n04560804_447.JPEG	4	4	28	36
n04560804_448.JPEG	11	1	58	63
n04560804_449.JPEG	1	0	63	59
n04560804_450.JPEG	0	0	63	63
n04560804_451.JPEG	3	0	63	63
n04560804_452.JPEG	9	26	56	62
n04560804_453.JPEG	19	10	63	63
n04560804_454.JPEG	2	0	62	63
n04560804_455.JPEG	16	0	46	63
n04560804_456.JPEG	1	2	55	63
n04560804_457.JPEG	4	1	21	21
n04560804_458.JPEG	4	0	63	63
n04560804_459.JPEG	0	3	63	63
n04560804_460.JPEG	20	32	42	63
n04560804_461.JPEG	36	0	59	47
n04560804_462.JPEG	5	32	51	63
n04560804_463.JPEG	16	0	49	63
n04560804_464.JPEG	0	0	41	41
n04560804_465.JPEG	0	3	63	62
n04560804_466.JPEG	10	6	60	60
n04560804_467.JPEG	5	0	56	63
n04560804_468.JPEG	16	10	47	53
n04560804_469.JPEG	0	4	54	59
n04560804_470.JPEG	2	15	31	55
n04560804_471.JPEG	8	7	45	62
n04560804_472.JPEG	22	0	50	19
n04560804_473.JPEG	18	0	47	63
n04560804_474.JPEG	14	8	51	63
n04560804_475.JPEG	9	3	57	54
n04560804_476.JPEG	0	0	63	63
n04560804_477.JPEG	13	8	47	63
n04560804_478.JPEG	29	16	63	58
n04560804_479.JPEG	2	0	60	63
n04560804_480.JPEG	2	4	57	60
n04560804_481.JPEG	4	0	50	63
n04560804_482.JPEG	0	0	63	63
n04560804_483.JPEG	6	0	60	63
n04560804_484.JPEG	16	3	38	33
n04560804_485.JPEG	2	0	28	63
n04560804_486.JPEG	49	33	63	63
n04560804_487.JPEG	8	16	61	59
n04560804_488.JPEG	5	0	61	63
n04560804_489.JPEG	12	28	29	45
n04560804_490.JPEG	5	0	59	63
n04560804_491.JPEG	0	16	42	63
n04560804_492.JPEG	0	18	18	50
n04560804_493.JPEG	18	9	51	56
n04560804_494.JPEG	0	23	47	63
n04560804_495.JPEG	12	11	47	51
n04560804_496.JPEG	33	8	54	54
n04560804_497.JPEG	9	2	56	62
n04560804_498.JPEG	0	0	63	63
n04560804_499.JPEG	3	4	62	63
