n01950731_0.JPEG	0	7	63	53
n01950731_1.JPEG	0	14	59	63
n01950731_2.JPEG	0	11	63	57
n01950731_3.JPEG	18	0	63	63
n01950731_4.JPEG	7	1	52	54
n01950731_5.JPEG	15	6	37	54
n01950731_6.JPEG	0	8	50	52
n01950731_7.JPEG	0	10	63	48
n01950731_8.JPEG	24	24	40	33
n01950731_9.JPEG	25	26	40	50
n01950731_10.JPEG	0	8	63	55
n01950731_11.JPEG	1	19	63	59
n01950731_12.JPEG	4	3	63	60
n01950731_13.JPEG	11	0	54	63
n01950731_14.JPEG	0	11	63	54
n01950731_15.JPEG	6	0	59	63
n01950731_16.JPEG	11	30	50	63
n01950731_17.JPEG	28	16	44	39
n01950731_18.JPEG	14	0	63	63
n01950731_19.JPEG	4	7	59	59
n01950731_20.JPEG	14	21	39	52
n01950731_21.JPEG	7	10	31	42
n01950731_22.JPEG	7	17	32	34
n01950731_23.JPEG	15	18	50	39
n01950731_24.JPEG	0	20	61	47
n01950731_25.JPEG	5	24	25	54
n01950731_26.JPEG	14	7	63	62
n01950731_27.JPEG	0	1	63	63
n01950731_28.JPEG	0	10	63	58
n01950731_29.JPEG	11	17	42	38
n01950731_30.JPEG	0	4	63	59
n01950731_31.JPEG	18	25	39	37
n01950731_32.JPEG	24	19	45	32
n01950731_33.JPEG	22	38	45	63
n01950731_34.JPEG	7	7	58	54
n01950731_35.JPEG	7	0	63	63
n01950731_36.JPEG	13	24	45	35
n01950731_37.JPEG	0	3	63	54
n01950731_38.JPEG	0	13	63	49
n01950731_39.JPEG	0	5	60	61
n01950731_40.JPEG	19	10	49	49
n01950731_41.JPEG	15	13	47	61
n01950731_42.JPEG	4	0	62	63
n01950731_43.JPEG	0	9	63	52
n01950731_44.JPEG	9	0	58	63
n01950731_45.JPEG	23	13	63	54
n01950731_46.JPEG	0	5	63	56
n01950731_47.JPEG	15	6	63	52
n01950731_48.JPEG	0	6	63	58
n01950731_49.JPEG	7	0	52	63
n01950731_50.JPEG	3	4	63	60
n01950731_51.JPEG	0	8	63	51
n01950731_52.JPEG	0	7	63	63
n01950731_53.JPEG	0	0	63	60
n01950731_54.JPEG	3	4	58	49
n01950731_55.JPEG	0	0	63	63
n01950731_56.JPEG	0	7	63	51
n01950731_57.JPEG	9	31	57	52
n01950731_58.JPEG	6	8	59	52
n01950731_59.JPEG	0	12	63	55
n01950731_60.JPEG	26	18	44	39
n01950731_61.JPEG	0	11	62	58
n01950731_62.JPEG	0	4	63	62
n01950731_63.JPEG	0	0	63	61
n01950731_64.JPEG	1	3	63	57
n01950731_65.JPEG	0	6	63	57
n01950731_66.JPEG	0	16	63	52
n01950731_67.JPEG	0	23	49	52
n01950731_68.JPEG	0	4	63	58
n01950731_69.JPEG	0	11	63	50
n01950731_70.JPEG	5	2	57	50
n01950731_71.JPEG	13	9	45	61
n01950731_72.JPEG	0	4	58	59
n01950731_73.JPEG	0	5	63	56
n01950731_74.JPEG	0	5	63	60
n01950731_75.JPEG	12	9	54	52
n01950731_76.JPEG	7	24	56	53
n01950731_77.JPEG	4	4	58	59
n01950731_78.JPEG	25	23	41	44
n01950731_79.JPEG	2	10	63	59
n01950731_80.JPEG	21	22	42	42
n01950731_81.JPEG	0	5	63	63
n01950731_82.JPEG	0	8	63	52
n01950731_83.JPEG	3	27	32	57
n01950731_84.JPEG	0	11	63	49
n01950731_85.JPEG	3	10	57	63
n01950731_86.JPEG	6	7	52	63
n01950731_87.JPEG	0	14	63	53
n01950731_88.JPEG	0	30	50	53
n01950731_89.JPEG	4	0	61	63
n01950731_90.JPEG	0	1	63	58
n01950731_91.JPEG	0	3	63	60
n01950731_92.JPEG	10	12	57	52
n01950731_93.JPEG	17	21	52	35
n01950731_94.JPEG	6	1	63	63
n01950731_95.JPEG	0	9	63	60
n01950731_96.JPEG	0	0	63	63
n01950731_97.JPEG	9	31	51	48
n01950731_98.JPEG	0	0	59	63
n01950731_99.JPEG	3	16	63	53
n01950731_100.JPEG	11	19	55	46
n01950731_101.JPEG	0	14	51	48
n01950731_102.JPEG	0	6	40	54
n01950731_103.JPEG	0	0	63	63
n01950731_104.JPEG	24	6	56	45
n01950731_105.JPEG	6	9	48	53
n01950731_106.JPEG	0	0	63	61
n01950731_107.JPEG	4	13	58	54
n01950731_108.JPEG	11	16	51	50
n01950731_109.JPEG	2	3	58	54
n01950731_110.JPEG	5	10	52	45
n01950731_111.JPEG	15	19	51	42
n01950731_112.JPEG	25	0	38	49
n01950731_113.JPEG	9	12	50	46
n01950731_114.JPEG	0	2	63	63
n01950731_115.JPEG	0	3	63	60
n01950731_116.JPEG	19	13	43	46
n01950731_117.JPEG	0	6	36	40
n01950731_118.JPEG	8	4	59	52
n01950731_119.JPEG	5	2	50	42
n01950731_120.JPEG	11	12	63	63
n01950731_121.JPEG	4	20	48	55
n01950731_122.JPEG	0	8	63	61
n01950731_123.JPEG	20	20	43	45
n01950731_124.JPEG	12	21	52	42
n01950731_125.JPEG	5	15	55	52
n01950731_126.JPEG	0	5	63	52
n01950731_127.JPEG	0	15	63	63
n01950731_128.JPEG	5	7	58	59
n01950731_129.JPEG	13	25	54	40
n01950731_130.JPEG	5	5	61	62
n01950731_131.JPEG	1	0	63	59
n01950731_132.JPEG	0	13	23	60
n01950731_133.JPEG	0	22	63	54
n01950731_134.JPEG	24	17	38	39
n01950731_135.JPEG	0	4	60	59
n01950731_136.JPEG	16	12	46	51
n01950731_137.JPEG	0	10	63	56
n01950731_138.JPEG	5	7	60	58
n01950731_139.JPEG	5	13	63	47
n01950731_140.JPEG	12	16	60	42
n01950731_141.JPEG	6	6	60	57
n01950731_142.JPEG	4	3	49	60
n01950731_143.JPEG	3	1	63	48
n01950731_144.JPEG	0	10	63	47
n01950731_145.JPEG	0	1	63	63
n01950731_146.JPEG	0	12	31	48
n01950731_147.JPEG	9	8	54	56
n01950731_148.JPEG	24	11	48	46
n01950731_149.JPEG	0	16	63	54
n01950731_150.JPEG	4	5	61	60
n01950731_151.JPEG	3	0	62	63
n01950731_152.JPEG	12	13	52	58
n01950731_153.JPEG	6	11	57	56
n01950731_154.JPEG	0	6	63	61
n01950731_155.JPEG	3	8	59	54
n01950731_156.JPEG	30	13	45	41
n01950731_157.JPEG	4	19	61	47
n01950731_158.JPEG	20	15	53	42
n01950731_159.JPEG	5	0	59	63
n01950731_160.JPEG	30	10	63	45
n01950731_161.JPEG	25	23	37	39
n01950731_162.JPEG	15	19	47	49
n01950731_163.JPEG	1	0	63	63
n01950731_164.JPEG	0	10	63	61
n01950731_165.JPEG	0	10	59	50
n01950731_166.JPEG	36	7	60	59
n01950731_167.JPEG	22	10	49	52
n01950731_168.JPEG	14	6	56	58
n01950731_169.JPEG	5	0	62	59
n01950731_170.JPEG	3	5	58	56
n01950731_171.JPEG	17	13	56	43
n01950731_172.JPEG	5	8	56	62
n01950731_173.JPEG	2	0	62	44
n01950731_174.JPEG	0	16	47	61
n01950731_175.JPEG	0	11	63	58
n01950731_176.JPEG	19	0	57	63
n01950731_177.JPEG	0	3	63	63
n01950731_178.JPEG	3	7	62	53
n01950731_179.JPEG	9	4	58	57
n01950731_180.JPEG	17	11	44	49
n01950731_181.JPEG	26	22	52	63
n01950731_182.JPEG	19	20	55	49
n01950731_183.JPEG	0	10	63	48
n01950731_184.JPEG	0	17	52	52
n01950731_185.JPEG	0	11	63	60
n01950731_186.JPEG	12	19	42	51
n01950731_187.JPEG	0	10	63	42
n01950731_188.JPEG	0	4	63	54
n01950731_189.JPEG	6	21	56	56
n01950731_190.JPEG	10	7	50	53
n01950731_191.JPEG	18	11	56	58
n01950731_192.JPEG	24	20	44	51
n01950731_193.JPEG	7	12	61	50
n01950731_194.JPEG	0	17	56	51
n01950731_195.JPEG	11	5	53	60
n01950731_196.JPEG	10	2	54	63
n01950731_197.JPEG	11	14	48	55
n01950731_198.JPEG	2	0	62	63
n01950731_199.JPEG	6	5	63	55
n01950731_200.JPEG	0	4	63	59
n01950731_201.JPEG	0	27	63	52
n01950731_202.JPEG	0	6	63	63
n01950731_203.JPEG	0	3	63	63
n01950731_204.JPEG	8	10	62	51
n01950731_205.JPEG	12	12	49	54
n01950731_206.JPEG	0	8	63	51
n01950731_207.JPEG	0	5	63	63
n01950731_208.JPEG	3	2	58	58
n01950731_209.JPEG	7	2	60	56
n01950731_210.JPEG	0	13	63	50
n01950731_211.JPEG	7	10	41	48
n01950731_212.JPEG	18	15	46	53
n01950731_213.JPEG	17	16	63	61
n01950731_214.JPEG	13	2	52	63
n01950731_215.JPEG	26	40	41	49
n01950731_216.JPEG	2	6	57	53
n01950731_217.JPEG	0	2	53	60
n01950731_218.JPEG	5	20	63	44
n01950731_219.JPEG	0	1	48	63
n01950731_220.JPEG	0	2	63	59
n01950731_221.JPEG	0	3	63	60
n01950731_222.JPEG	1	7	63	59
n01950731_223.JPEG	15	3	61	38
n01950731_224.JPEG	0	15	63	51
n01950731_225.JPEG	5	18	57	53
n01950731_226.JPEG	14	0	48	63
n01950731_227.JPEG	0	12	63	52
n01950731_228.JPEG	23	1	58	44
n01950731_229.JPEG	9	13	55	59
n01950731_230.JPEG	8	14	57	50
n01950731_231.JPEG	7	0	50	60
n01950731_232.JPEG	4	29	54	49
n01950731_233.JPEG	0	4	63	60
n01950731_234.JPEG	11	8	55	50
n01950731_235.JPEG	5	17	55	46
n01950731_236.JPEG	0	14	13	33
n01950731_237.JPEG	0	18	63	63
n01950731_238.JPEG	0	2	63	59
n01950731_239.JPEG	0	16	62	45
n01950731_240.JPEG	0	13	35	54
n01950731_241.JPEG	5	0	56	63
n01950731_242.JPEG	0	14	63	41
n01950731_243.JPEG	0	6	63	41
n01950731_244.JPEG	3	3	62	60
n01950731_245.JPEG	4	8	52	60
n01950731_246.JPEG	0	20	63	51
n01950731_247.JPEG	11	19	59	38
n01950731_248.JPEG	11	4	56	60
n01950731_249.JPEG	3	7	62	56
n01950731_250.JPEG	12	1	44	62
n01950731_251.JPEG	2	0	62	63
n01950731_252.JPEG	12	20	63	41
n01950731_253.JPEG	0	7	63	61
n01950731_254.JPEG	29	24	54	46
n01950731_255.JPEG	1	5	63	60
n01950731_256.JPEG	0	9	63	52
n01950731_257.JPEG	0	24	37	38
n01950731_258.JPEG	4	1	58	63
n01950731_259.JPEG	0	12	63	54
n01950731_260.JPEG	0	0	63	51
n01950731_261.JPEG	15	6	55	60
n01950731_262.JPEG	14	10	46	52
n01950731_263.JPEG	15	5	43	59
n01950731_264.JPEG	0	10	63	52
n01950731_265.JPEG	28	21	42	45
n01950731_266.JPEG	9	17	49	46
n01950731_267.JPEG	17	14	57	46
n01950731_268.JPEG	9	2	60	46
n01950731_269.JPEG	7	0	60	63
n01950731_270.JPEG	0	5	63	61
n01950731_271.JPEG	10	18	59	49
n01950731_272.JPEG	34	15	54	31
n01950731_273.JPEG	0	0	63	63
n01950731_274.JPEG	12	11	53	63
n01950731_275.JPEG	4	13	59	48
n01950731_276.JPEG	24	13	50	54
n01950731_277.JPEG	17	17	41	39
n01950731_278.JPEG	9	32	63	51
n01950731_279.JPEG	0	5	63	59
n01950731_280.JPEG	0	0	63	63
n01950731_281.JPEG	12	14	63	50
n01950731_282.JPEG	5	0	63	54
n01950731_283.JPEG	17	21	50	59
n01950731_284.JPEG	0	0	55	63
n01950731_285.JPEG	20	18	46	46
n01950731_286.JPEG	0	4	46	58
n01950731_287.JPEG	0	8	63	56
n01950731_288.JPEG	4	35	62	63
n01950731_289.JPEG	40	5	63	37
n01950731_290.JPEG	0	8	63	54
n01950731_291.JPEG	0	15	41	61
n01950731_292.JPEG	0	8	63	55
n01950731_293.JPEG	10	7	63	52
n01950731_294.JPEG	13	2	45	63
n01950731_295.JPEG	35	34	63	62
n01950731_296.JPEG	0	4	63	54
n01950731_297.JPEG	0	6	44	63
n01950731_298.JPEG	1	18	54	53
n01950731_299.JPEG	0	8	63	44
n01950731_300.JPEG	21	20	42	33
n01950731_301.JPEG	0	12	63	45
n01950731_302.JPEG	0	15	63	54
n01950731_303.JPEG	18	21	39	36
n01950731_304.JPEG	0	11	63	53
n01950731_305.JPEG	10	6	61	57
n01950731_306.JPEG	5	0	63	63
n01950731_307.JPEG	14	0	52	63
n01950731_308.JPEG	4	9	56	54
n01950731_309.JPEG	1	4	52	60
n01950731_310.JPEG	0	7	63	56
n01950731_311.JPEG	18	7	51	42
n01950731_312.JPEG	12	10	63	47
n01950731_313.JPEG	12	1	63	59
n01950731_314.JPEG	27	18	51	45
n01950731_315.JPEG	21	23	47	51
n01950731_316.JPEG	9	6	53	56
n01950731_317.JPEG	18	15	47	41
n01950731_318.JPEG	7	15	59	48
n01950731_319.JPEG	9	0	57	63
n01950731_320.JPEG	7	18	54	46
n01950731_321.JPEG	8	16	62	56
n01950731_322.JPEG	0	10	63	59
n01950731_323.JPEG	24	25	46	41
n01950731_324.JPEG	0	3	57	62
n01950731_325.JPEG	5	0	54	63
n01950731_326.JPEG	0	25	37	51
n01950731_327.JPEG	0	7	63	58
n01950731_328.JPEG	0	1	63	54
n01950731_329.JPEG	0	13	55	49
n01950731_330.JPEG	3	14	63	44
n01950731_331.JPEG	0	6	63	54
n01950731_332.JPEG	0	15	37	42
n01950731_333.JPEG	4	2	58	60
n01950731_334.JPEG	3	4	61	62
n01950731_335.JPEG	4	15	63	54
n01950731_336.JPEG	0	2	63	61
n01950731_337.JPEG	13	11	28	43
n01950731_338.JPEG	4	11	63	54
n01950731_339.JPEG	21	22	45	36
n01950731_340.JPEG	7	11	62	52
n01950731_341.JPEG	0	12	63	62
n01950731_342.JPEG	0	4	63	63
n01950731_343.JPEG	14	42	47	63
n01950731_344.JPEG	1	0	53	63
n01950731_345.JPEG	0	18	63	51
n01950731_346.JPEG	24	21	39	40
n01950731_347.JPEG	17	10	53	63
n01950731_348.JPEG	7	0	54	63
n01950731_349.JPEG	3	0	63	63
n01950731_350.JPEG	15	9	46	60
n01950731_351.JPEG	8	0	54	62
n01950731_352.JPEG	0	7	63	61
n01950731_353.JPEG	2	15	63	63
n01950731_354.JPEG	3	0	63	63
n01950731_355.JPEG	0	9	63	55
n01950731_356.JPEG	7	1	59	52
n01950731_357.JPEG	18	11	51	46
n01950731_358.JPEG	0	0	63	53
n01950731_359.JPEG	28	17	50	35
n01950731_360.JPEG	23	6	63	50
n01950731_361.JPEG	0	8	63	58
n01950731_362.JPEG	7	8	54	50
n01950731_363.JPEG	3	8	59	55
n01950731_364.JPEG	0	9	63	49
n01950731_365.JPEG	0	1	63	63
n01950731_366.JPEG	1	3	63	60
n01950731_367.JPEG	0	1	63	63
n01950731_368.JPEG	2	11	62	61
n01950731_369.JPEG	0	7	63	58
n01950731_370.JPEG	0	29	32	48
n01950731_371.JPEG	0	27	43	57
n01950731_372.JPEG	0	6	63	50
n01950731_373.JPEG	0	10	63	63
n01950731_374.JPEG	0	3	63	61
n01950731_375.JPEG	10	2	46	61
n01950731_376.JPEG	10	6	57	55
n01950731_377.JPEG	0	17	63	52
n01950731_378.JPEG	0	17	59	45
n01950731_379.JPEG	0	7	49	59
n01950731_380.JPEG	0	5	63	57
n01950731_381.JPEG	20	17	44	38
n01950731_382.JPEG	10	9	48	57
n01950731_383.JPEG	0	3	63	59
n01950731_384.JPEG	0	15	63	51
n01950731_385.JPEG	11	7	47	55
n01950731_386.JPEG	5	2	58	63
n01950731_387.JPEG	17	10	55	48
n01950731_388.JPEG	11	3	63	58
n01950731_389.JPEG	15	22	57	38
n01950731_390.JPEG	13	12	44	50
n01950731_391.JPEG	0	13	63	60
n01950731_392.JPEG	26	20	51	63
n01950731_393.JPEG	6	0	56	63
n01950731_394.JPEG	21	14	58	47
n01950731_395.JPEG	4	0	53	53
n01950731_396.JPEG	16	12	48	45
n01950731_397.JPEG	30	25	45	39
n01950731_398.JPEG	0	17	63	48
n01950731_399.JPEG	0	8	63	63
n01950731_400.JPEG	3	15	63	63
n01950731_401.JPEG	0	8	63	62
n01950731_402.JPEG	17	32	63	49
n01950731_403.JPEG	0	9	63	60
n01950731_404.JPEG	3	0	58	63
n01950731_405.JPEG	0	11	42	42
n01950731_406.JPEG	0	20	62	46
n01950731_407.JPEG	3	9	50	57
n01950731_408.JPEG	14	20	51	39
n01950731_409.JPEG	0	3	63	63
n01950731_410.JPEG	0	3	51	54
n01950731_411.JPEG	26	15	44	41
n01950731_412.JPEG	0	5	63	58
n01950731_413.JPEG	4	0	62	58
n01950731_414.JPEG	10	11	56	50
n01950731_415.JPEG	9	0	60	62
n01950731_416.JPEG	0	8	63	53
n01950731_417.JPEG	17	13	48	36
n01950731_418.JPEG	0	9	63	53
n01950731_419.JPEG	0	9	63	54
n01950731_420.JPEG	0	4	63	59
n01950731_421.JPEG	0	8	63	58
n01950731_422.JPEG	2	0	61	63
n01950731_423.JPEG	6	10	63	45
n01950731_424.JPEG	12	0	55	63
n01950731_425.JPEG	8	12	59	49
n01950731_426.JPEG	16	25	47	47
n01950731_427.JPEG	0	11	63	51
n01950731_428.JPEG	12	9	49	61
n01950731_429.JPEG	15	0	51	63
n01950731_430.JPEG	0	21	62	54
n01950731_431.JPEG	0	3	63	59
n01950731_432.JPEG	0	25	45	52
n01950731_433.JPEG	0	14	63	50
n01950731_434.JPEG	7	19	54	33
n01950731_435.JPEG	21	3	43	56
n01950731_436.JPEG	0	15	60	46
n01950731_437.JPEG	2	18	63	63
n01950731_438.JPEG	13	33	32	60
n01950731_439.JPEG	26	27	38	55
n01950731_440.JPEG	18	15	63	47
n01950731_441.JPEG	0	0	50	45
n01950731_442.JPEG	9	17	44	44
n01950731_443.JPEG	13	7	59	56
n01950731_444.JPEG	0	2	63	63
n01950731_445.JPEG	1	0	63	62
n01950731_446.JPEG	0	0	58	60
n01950731_447.JPEG	8	21	54	41
n01950731_448.JPEG	11	18	52	45
n01950731_449.JPEG	0	15	63	47
n01950731_450.JPEG	9	15	52	40
n01950731_451.JPEG	0	1	63	57
n01950731_452.JPEG	0	12	63	45
n01950731_453.JPEG	10	4	61	62
n01950731_454.JPEG	3	26	63	51
n01950731_455.JPEG	0	10	63	60
n01950731_456.JPEG	0	4	63	63
n01950731_457.JPEG	5	0	61	61
n01950731_458.JPEG	0	1	63	63
n01950731_459.JPEG	6	0	63	63
n01950731_460.JPEG	0	13	60	53
n01950731_461.JPEG	0	10	63	49
n01950731_462.JPEG	14	3	51	61
n01950731_463.JPEG	17	14	63	51
n01950731_464.JPEG	11	20	61	38
n01950731_465.JPEG	1	2	60	63
n01950731_466.JPEG	0	0	63	61
n01950731_467.JPEG	20	14	37	37
n01950731_468.JPEG	5	0	58	63
n01950731_469.JPEG	4	4	57	60
n01950731_470.JPEG	19	5	50	60
n01950731_471.JPEG	12	9	63	57
n01950731_472.JPEG	0	4	63	63
n01950731_473.JPEG	30	27	41	33
n01950731_474.JPEG	0	8	60	55
n01950731_475.JPEG	0	6	63	61
n01950731_476.JPEG	10	2	55	63
n01950731_477.JPEG	0	10	63	54
n01950731_478.JPEG	13	15	27	42
n01950731_479.JPEG	0	5	63	60
n01950731_480.JPEG	0	6	63	50
n01950731_481.JPEG	0	1	63	63
n01950731_482.JPEG	5	22	45	48
n01950731_483.JPEG	4	1	63	63
n01950731_484.JPEG	2	18	62	45
n01950731_485.JPEG	0	4	55	63
n01950731_486.JPEG	25	26	63	37
n01950731_487.JPEG	0	4	63	60
n01950731_488.JPEG	4	16	59	49
n01950731_489.JPEG	0	10	63	52
n01950731_490.JPEG	0	0	63	63
n01950731_491.JPEG	0	10	58	58
n01950731_492.JPEG	0	12	63	50
n01950731_493.JPEG	15	21	58	41
n01950731_494.JPEG	14	14	63	47
n01950731_495.JPEG	0	4	63	59
n01950731_496.JPEG	15	7	51	42
n01950731_497.JPEG	3	14	61	55
n01950731_498.JPEG	0	0	61	63
n01950731_499.JPEG	4	11	60	60
