n02788148_0.JPEG	0	5	63	61
n02788148_1.JPEG	4	18	41	63
n02788148_2.JPEG	28	2	46	60
n02788148_3.JPEG	0	5	33	60
n02788148_4.JPEG	0	10	63	53
n02788148_5.JPEG	5	0	63	63
n02788148_6.JPEG	0	6	63	61
n02788148_7.JPEG	0	1	63	63
n02788148_8.JPEG	8	9	63	56
n02788148_9.JPEG	24	0	35	63
n02788148_10.JPEG	0	33	42	63
n02788148_11.JPEG	0	33	57	63
n02788148_12.JPEG	1	47	23	63
n02788148_13.JPEG	4	21	63	63
n02788148_14.JPEG	21	13	63	63
n02788148_15.JPEG	1	7	63	63
n02788148_16.JPEG	45	1	63	58
n02788148_17.JPEG	0	1	63	63
n02788148_18.JPEG	26	0	40	63
n02788148_19.JPEG	10	5	63	63
n02788148_20.JPEG	0	0	63	63
n02788148_21.JPEG	23	0	39	63
n02788148_22.JPEG	20	32	55	63
n02788148_23.JPEG	16	11	63	41
n02788148_24.JPEG	42	16	63	63
n02788148_25.JPEG	0	10	63	61
n02788148_26.JPEG	0	0	63	63
n02788148_27.JPEG	21	1	39	56
n02788148_28.JPEG	4	20	57	36
n02788148_29.JPEG	0	26	42	48
n02788148_30.JPEG	1	0	59	63
n02788148_31.JPEG	40	0	63	63
n02788148_32.JPEG	1	40	39	63
n02788148_33.JPEG	0	13	58	63
n02788148_34.JPEG	0	32	22	63
n02788148_35.JPEG	12	0	56	63
n02788148_36.JPEG	2	0	49	63
n02788148_37.JPEG	0	3	63	33
n02788148_38.JPEG	0	18	63	63
n02788148_39.JPEG	48	13	63	60
n02788148_40.JPEG	9	25	63	63
n02788148_41.JPEG	0	1	63	63
n02788148_42.JPEG	0	0	63	63
n02788148_43.JPEG	13	1	22	63
n02788148_44.JPEG	5	0	63	63
n02788148_45.JPEG	37	0	63	26
n02788148_46.JPEG	0	19	63	50
n02788148_47.JPEG	0	1	63	63
n02788148_48.JPEG	0	0	63	63
n02788148_49.JPEG	0	8	63	63
n02788148_50.JPEG	0	4	63	63
n02788148_51.JPEG	13	0	63	30
n02788148_52.JPEG	43	19	63	57
n02788148_53.JPEG	0	0	63	15
n02788148_54.JPEG	24	19	63	61
n02788148_55.JPEG	17	0	59	63
n02788148_56.JPEG	35	0	51	63
n02788148_57.JPEG	49	8	63	63
n02788148_58.JPEG	40	32	63	63
n02788148_59.JPEG	8	10	57	63
n02788148_60.JPEG	21	10	45	32
n02788148_61.JPEG	47	28	63	63
n02788148_62.JPEG	0	1	63	63
n02788148_63.JPEG	1	13	63	63
n02788148_64.JPEG	3	23	63	42
n02788148_65.JPEG	0	6	63	60
n02788148_66.JPEG	0	36	51	63
n02788148_67.JPEG	7	0	63	36
n02788148_68.JPEG	2	0	63	63
n02788148_69.JPEG	15	37	62	63
n02788148_70.JPEG	0	0	63	63
n02788148_71.JPEG	9	24	63	63
n02788148_72.JPEG	0	0	63	62
n02788148_73.JPEG	0	1	63	63
n02788148_74.JPEG	0	0	18	27
n02788148_75.JPEG	56	12	63	52
n02788148_76.JPEG	1	15	63	63
n02788148_77.JPEG	0	18	63	63
n02788148_78.JPEG	0	1	61	61
n02788148_79.JPEG	0	0	63	63
n02788148_80.JPEG	0	0	63	63
n02788148_81.JPEG	17	0	63	63
n02788148_82.JPEG	0	8	51	63
n02788148_83.JPEG	14	0	54	63
n02788148_84.JPEG	0	0	63	63
n02788148_85.JPEG	1	0	50	63
n02788148_86.JPEG	0	0	63	63
n02788148_87.JPEG	0	0	63	63
n02788148_88.JPEG	0	19	63	62
n02788148_89.JPEG	2	6	60	63
n02788148_90.JPEG	1	0	63	63
n02788148_91.JPEG	24	0	63	38
n02788148_92.JPEG	11	16	45	41
n02788148_93.JPEG	18	10	63	63
n02788148_94.JPEG	1	0	63	47
n02788148_95.JPEG	0	4	58	21
n02788148_96.JPEG	0	6	21	63
n02788148_97.JPEG	7	3	54	63
n02788148_98.JPEG	11	26	32	62
n02788148_99.JPEG	12	23	63	59
n02788148_100.JPEG	7	0	57	52
n02788148_101.JPEG	0	1	63	63
n02788148_102.JPEG	1	16	63	63
n02788148_103.JPEG	1	0	63	63
n02788148_104.JPEG	0	41	38	63
n02788148_105.JPEG	23	2	63	63
n02788148_106.JPEG	0	0	63	62
n02788148_107.JPEG	0	2	63	57
n02788148_108.JPEG	0	0	55	63
n02788148_109.JPEG	0	0	63	63
n02788148_110.JPEG	0	4	63	63
n02788148_111.JPEG	3	30	63	37
n02788148_112.JPEG	38	45	63	63
n02788148_113.JPEG	0	18	18	62
n02788148_114.JPEG	16	23	63	63
n02788148_115.JPEG	5	0	49	62
n02788148_116.JPEG	0	3	63	63
n02788148_117.JPEG	25	12	63	44
n02788148_118.JPEG	45	0	63	61
n02788148_119.JPEG	0	22	59	63
n02788148_120.JPEG	0	3	63	63
n02788148_121.JPEG	0	0	63	59
n02788148_122.JPEG	1	0	63	63
n02788148_123.JPEG	40	30	60	63
n02788148_124.JPEG	2	0	56	63
n02788148_125.JPEG	27	0	33	63
n02788148_126.JPEG	54	29	63	63
n02788148_127.JPEG	0	0	18	56
n02788148_128.JPEG	3	0	50	63
n02788148_129.JPEG	0	34	38	57
n02788148_130.JPEG	52	9	63	63
n02788148_131.JPEG	0	0	43	63
n02788148_132.JPEG	23	39	63	63
n02788148_133.JPEG	0	0	63	63
n02788148_134.JPEG	0	26	63	63
n02788148_135.JPEG	0	3	63	48
n02788148_136.JPEG	1	25	54	40
n02788148_137.JPEG	22	31	38	63
n02788148_138.JPEG	10	29	23	34
n02788148_139.JPEG	11	7	63	63
n02788148_140.JPEG	5	4	46	63
n02788148_141.JPEG	46	2	63	63
n02788148_142.JPEG	0	17	63	63
n02788148_143.JPEG	18	0	63	63
n02788148_144.JPEG	10	0	55	63
n02788148_145.JPEG	46	16	63	53
n02788148_146.JPEG	0	5	63	63
n02788148_147.JPEG	0	1	63	63
n02788148_148.JPEG	0	30	63	63
n02788148_149.JPEG	0	0	63	63
n02788148_150.JPEG	0	20	63	62
n02788148_151.JPEG	8	22	52	63
n02788148_152.JPEG	0	4	63	63
n02788148_153.JPEG	1	0	63	63
n02788148_154.JPEG	0	3	63	63
n02788148_155.JPEG	27	28	63	63
n02788148_156.JPEG	24	27	39	62
n02788148_157.JPEG	0	36	19	58
n02788148_158.JPEG	0	4	63	63
n02788148_159.JPEG	0	7	63	53
n02788148_160.JPEG	0	31	35	39
n02788148_161.JPEG	0	37	63	58
n02788148_162.JPEG	1	43	63	63
n02788148_163.JPEG	0	2	63	63
n02788148_164.JPEG	0	18	46	63
n02788148_165.JPEG	0	11	60	63
n02788148_166.JPEG	50	10	63	63
n02788148_167.JPEG	0	16	63	63
n02788148_168.JPEG	0	10	52	63
n02788148_169.JPEG	0	0	40	63
n02788148_170.JPEG	0	22	63	55
n02788148_171.JPEG	0	28	63	50
n02788148_172.JPEG	0	20	45	49
n02788148_173.JPEG	0	2	63	53
n02788148_174.JPEG	0	4	63	63
n02788148_175.JPEG	58	4	63	54
n02788148_176.JPEG	1	13	63	62
n02788148_177.JPEG	8	14	27	63
n02788148_178.JPEG	0	18	51	63
n02788148_179.JPEG	0	7	62	63
n02788148_180.JPEG	0	0	63	63
n02788148_181.JPEG	5	9	62	59
n02788148_182.JPEG	0	0	49	63
n02788148_183.JPEG	16	22	63	59
n02788148_184.JPEG	10	1	63	47
n02788148_185.JPEG	31	27	63	62
n02788148_186.JPEG	22	20	63	63
n02788148_187.JPEG	0	0	30	63
n02788148_188.JPEG	0	0	63	63
n02788148_189.JPEG	15	0	63	43
n02788148_190.JPEG	0	1	60	59
n02788148_191.JPEG	0	39	63	52
n02788148_192.JPEG	16	12	60	63
n02788148_193.JPEG	0	0	63	63
n02788148_194.JPEG	3	20	62	63
n02788148_195.JPEG	1	0	45	63
n02788148_196.JPEG	25	0	59	45
n02788148_197.JPEG	9	17	22	63
n02788148_198.JPEG	0	21	46	63
n02788148_199.JPEG	6	1	42	60
n02788148_200.JPEG	3	0	40	63
n02788148_201.JPEG	0	7	63	62
n02788148_202.JPEG	0	26	63	52
n02788148_203.JPEG	0	14	63	32
n02788148_204.JPEG	1	0	63	63
n02788148_205.JPEG	0	25	63	63
n02788148_206.JPEG	4	0	63	63
n02788148_207.JPEG	0	1	63	63
n02788148_208.JPEG	28	0	63	44
n02788148_209.JPEG	2	0	63	63
n02788148_210.JPEG	0	15	22	33
n02788148_211.JPEG	0	8	43	63
n02788148_212.JPEG	9	54	37	63
n02788148_213.JPEG	15	24	44	46
n02788148_214.JPEG	57	0	63	24
n02788148_215.JPEG	0	0	63	51
n02788148_216.JPEG	4	0	43	63
n02788148_217.JPEG	11	0	55	63
n02788148_218.JPEG	0	8	63	63
n02788148_219.JPEG	0	3	63	63
n02788148_220.JPEG	27	0	63	63
n02788148_221.JPEG	0	27	49	32
n02788148_222.JPEG	5	18	59	47
n02788148_223.JPEG	10	2	53	63
n02788148_224.JPEG	0	1	63	63
n02788148_225.JPEG	0	18	63	63
n02788148_226.JPEG	16	22	55	58
n02788148_227.JPEG	20	16	39	62
n02788148_228.JPEG	3	48	61	63
n02788148_229.JPEG	11	0	49	63
n02788148_230.JPEG	4	19	63	60
n02788148_231.JPEG	51	1	63	63
n02788148_232.JPEG	0	0	63	56
n02788148_233.JPEG	0	0	62	63
n02788148_234.JPEG	0	21	63	63
n02788148_235.JPEG	40	35	63	63
n02788148_236.JPEG	0	5	63	58
n02788148_237.JPEG	0	0	31	44
n02788148_238.JPEG	0	8	63	63
n02788148_239.JPEG	8	50	41	63
n02788148_240.JPEG	0	11	63	63
n02788148_241.JPEG	0	0	63	60
n02788148_242.JPEG	0	0	63	36
n02788148_243.JPEG	0	24	63	60
n02788148_244.JPEG	1	0	37	63
n02788148_245.JPEG	4	0	61	63
n02788148_246.JPEG	25	26	61	55
n02788148_247.JPEG	1	0	63	63
n02788148_248.JPEG	0	0	45	63
n02788148_249.JPEG	11	6	44	58
n02788148_250.JPEG	18	20	46	54
n02788148_251.JPEG	6	9	57	60
n02788148_252.JPEG	18	0	63	63
n02788148_253.JPEG	0	1	63	63
n02788148_254.JPEG	9	0	63	36
n02788148_255.JPEG	0	7	48	63
n02788148_256.JPEG	5	1	61	63
n02788148_257.JPEG	0	29	63	63
n02788148_258.JPEG	6	0	58	63
n02788148_259.JPEG	0	20	63	63
n02788148_260.JPEG	0	14	29	63
n02788148_261.JPEG	3	0	26	63
n02788148_262.JPEG	32	0	62	63
n02788148_263.JPEG	6	17	63	37
n02788148_264.JPEG	0	10	63	63
n02788148_265.JPEG	0	5	63	60
n02788148_266.JPEG	1	0	43	63
n02788148_267.JPEG	0	0	46	63
n02788148_268.JPEG	0	0	63	39
n02788148_269.JPEG	40	0	52	63
n02788148_270.JPEG	3	9	63	44
n02788148_271.JPEG	9	2	41	33
n02788148_272.JPEG	0	26	56	59
n02788148_273.JPEG	1	0	53	63
n02788148_274.JPEG	0	36	38	63
n02788148_275.JPEG	42	0	63	63
n02788148_276.JPEG	31	0	63	63
n02788148_277.JPEG	6	0	47	63
n02788148_278.JPEG	0	16	63	58
n02788148_279.JPEG	11	1	63	62
n02788148_280.JPEG	0	13	36	41
n02788148_281.JPEG	19	0	45	62
n02788148_282.JPEG	0	0	63	63
n02788148_283.JPEG	0	0	56	63
n02788148_284.JPEG	0	7	63	63
n02788148_285.JPEG	44	28	63	63
n02788148_286.JPEG	3	12	51	62
n02788148_287.JPEG	0	5	57	50
n02788148_288.JPEG	2	4	63	19
n02788148_289.JPEG	0	0	63	63
n02788148_290.JPEG	0	0	63	53
n02788148_291.JPEG	1	0	63	63
n02788148_292.JPEG	40	13	60	51
n02788148_293.JPEG	0	12	63	63
n02788148_294.JPEG	1	0	57	63
n02788148_295.JPEG	10	0	44	63
n02788148_296.JPEG	10	10	57	63
n02788148_297.JPEG	0	0	47	49
n02788148_298.JPEG	28	0	63	34
n02788148_299.JPEG	0	6	63	63
n02788148_300.JPEG	0	0	63	63
n02788148_301.JPEG	0	0	63	63
n02788148_302.JPEG	0	11	63	47
n02788148_303.JPEG	12	0	56	63
n02788148_304.JPEG	17	44	63	63
n02788148_305.JPEG	0	14	63	46
n02788148_306.JPEG	45	0	63	47
n02788148_307.JPEG	0	27	63	42
n02788148_308.JPEG	0	35	48	60
n02788148_309.JPEG	16	0	44	63
n02788148_310.JPEG	3	20	30	63
n02788148_311.JPEG	24	16	58	63
n02788148_312.JPEG	21	41	63	63
n02788148_313.JPEG	8	0	58	63
n02788148_314.JPEG	16	19	63	58
n02788148_315.JPEG	0	4	28	35
n02788148_316.JPEG	41	7	63	18
n02788148_317.JPEG	17	8	54	63
n02788148_318.JPEG	0	0	63	63
n02788148_319.JPEG	15	0	63	63
n02788148_320.JPEG	14	0	63	63
n02788148_321.JPEG	0	0	63	63
n02788148_322.JPEG	0	0	63	63
n02788148_323.JPEG	0	1	16	63
n02788148_324.JPEG	0	14	63	40
n02788148_325.JPEG	25	0	48	32
n02788148_326.JPEG	0	20	63	53
n02788148_327.JPEG	7	46	48	63
n02788148_328.JPEG	0	4	63	63
n02788148_329.JPEG	1	8	63	32
n02788148_330.JPEG	1	34	63	63
n02788148_331.JPEG	0	11	63	43
n02788148_332.JPEG	0	26	63	53
n02788148_333.JPEG	8	24	57	45
n02788148_334.JPEG	0	1	63	63
n02788148_335.JPEG	10	23	39	30
n02788148_336.JPEG	36	0	58	63
n02788148_337.JPEG	0	26	63	63
n02788148_338.JPEG	11	30	36	63
n02788148_339.JPEG	0	3	30	62
n02788148_340.JPEG	0	24	63	45
n02788148_341.JPEG	37	21	58	63
n02788148_342.JPEG	0	11	63	63
n02788148_343.JPEG	0	7	43	63
n02788148_344.JPEG	4	8	57	50
n02788148_345.JPEG	0	17	55	58
n02788148_346.JPEG	0	4	61	60
n02788148_347.JPEG	0	40	39	61
n02788148_348.JPEG	43	4	63	63
n02788148_349.JPEG	0	0	47	63
n02788148_350.JPEG	34	38	63	44
n02788148_351.JPEG	0	0	59	63
n02788148_352.JPEG	32	20	38	63
n02788148_353.JPEG	19	13	63	63
n02788148_354.JPEG	0	26	63	63
n02788148_355.JPEG	0	25	18	32
n02788148_356.JPEG	0	6	63	63
n02788148_357.JPEG	0	15	53	58
n02788148_358.JPEG	15	2	63	42
n02788148_359.JPEG	0	1	63	50
n02788148_360.JPEG	0	0	63	35
n02788148_361.JPEG	0	0	63	63
n02788148_362.JPEG	0	8	62	63
n02788148_363.JPEG	1	27	40	57
n02788148_364.JPEG	0	0	63	63
n02788148_365.JPEG	0	27	63	59
n02788148_366.JPEG	62	26	63	41
n02788148_367.JPEG	37	10	59	63
n02788148_368.JPEG	0	2	63	62
n02788148_369.JPEG	0	0	63	63
n02788148_370.JPEG	16	3	62	62
n02788148_371.JPEG	28	37	58	63
n02788148_372.JPEG	0	21	63	63
n02788148_373.JPEG	0	12	5	17
n02788148_374.JPEG	0	0	63	63
n02788148_375.JPEG	49	0	57	29
n02788148_376.JPEG	0	17	63	37
n02788148_377.JPEG	35	45	63	63
n02788148_378.JPEG	0	33	33	63
n02788148_379.JPEG	6	32	59	44
n02788148_380.JPEG	24	0	63	63
n02788148_381.JPEG	23	0	63	63
n02788148_382.JPEG	6	1	46	37
n02788148_383.JPEG	24	13	34	26
n02788148_384.JPEG	0	0	48	63
n02788148_385.JPEG	0	13	63	53
n02788148_386.JPEG	1	0	49	48
n02788148_387.JPEG	5	1	63	60
n02788148_388.JPEG	34	26	49	46
n02788148_389.JPEG	0	20	61	56
n02788148_390.JPEG	0	3	63	63
n02788148_391.JPEG	0	0	63	63
n02788148_392.JPEG	15	40	36	63
n02788148_393.JPEG	18	0	46	59
n02788148_394.JPEG	10	3	42	63
n02788148_395.JPEG	32	0	60	51
n02788148_396.JPEG	0	7	63	63
n02788148_397.JPEG	0	21	57	61
n02788148_398.JPEG	6	0	63	22
n02788148_399.JPEG	8	19	42	63
n02788148_400.JPEG	19	0	63	63
n02788148_401.JPEG	28	0	63	63
n02788148_402.JPEG	0	0	56	63
n02788148_403.JPEG	10	13	47	57
n02788148_404.JPEG	0	16	63	63
n02788148_405.JPEG	8	14	37	54
n02788148_406.JPEG	0	6	63	51
n02788148_407.JPEG	1	1	47	50
n02788148_408.JPEG	20	26	58	34
n02788148_409.JPEG	0	0	63	63
n02788148_410.JPEG	0	0	55	63
n02788148_411.JPEG	20	21	34	47
n02788148_412.JPEG	0	20	44	55
n02788148_413.JPEG	0	19	63	63
n02788148_414.JPEG	0	19	45	63
n02788148_415.JPEG	0	0	63	63
n02788148_416.JPEG	1	0	63	63
n02788148_417.JPEG	0	1	63	63
n02788148_418.JPEG	0	0	48	63
n02788148_419.JPEG	14	9	42	63
n02788148_420.JPEG	21	23	54	52
n02788148_421.JPEG	0	0	63	63
n02788148_422.JPEG	0	6	30	40
n02788148_423.JPEG	7	11	63	56
n02788148_424.JPEG	0	22	63	61
n02788148_425.JPEG	14	17	34	58
n02788148_426.JPEG	23	0	63	63
n02788148_427.JPEG	0	10	63	63
n02788148_428.JPEG	6	10	63	61
n02788148_429.JPEG	4	6	53	63
n02788148_430.JPEG	1	0	59	63
n02788148_431.JPEG	3	16	55	61
n02788148_432.JPEG	0	0	63	63
n02788148_433.JPEG	0	26	63	47
n02788148_434.JPEG	7	0	55	63
n02788148_435.JPEG	0	0	63	63
n02788148_436.JPEG	15	16	60	63
n02788148_437.JPEG	3	0	57	63
n02788148_438.JPEG	16	7	53	63
n02788148_439.JPEG	0	0	39	63
n02788148_440.JPEG	0	12	63	63
n02788148_441.JPEG	26	1	63	43
n02788148_442.JPEG	0	31	63	63
n02788148_443.JPEG	11	0	58	63
n02788148_444.JPEG	38	29	63	61
n02788148_445.JPEG	7	16	63	63
n02788148_446.JPEG	0	23	54	63
n02788148_447.JPEG	0	14	63	63
n02788148_448.JPEG	25	4	63	59
n02788148_449.JPEG	61	8	63	20
n02788148_450.JPEG	0	35	38	63
n02788148_451.JPEG	17	6	63	45
n02788148_452.JPEG	0	11	47	63
n02788148_453.JPEG	0	45	63	63
n02788148_454.JPEG	0	0	63	63
n02788148_455.JPEG	37	0	63	63
n02788148_456.JPEG	0	15	63	33
n02788148_457.JPEG	35	21	36	63
n02788148_458.JPEG	5	0	55	63
n02788148_459.JPEG	8	23	57	60
n02788148_460.JPEG	0	0	46	44
n02788148_461.JPEG	0	27	63	63
n02788148_462.JPEG	0	0	63	63
n02788148_463.JPEG	0	1	63	63
n02788148_464.JPEG	0	0	60	63
n02788148_465.JPEG	0	0	63	46
n02788148_466.JPEG	6	0	63	63
n02788148_467.JPEG	0	23	63	63
n02788148_468.JPEG	12	41	61	63
n02788148_469.JPEG	1	0	63	34
n02788148_470.JPEG	0	31	63	63
n02788148_471.JPEG	0	1	63	63
n02788148_472.JPEG	5	17	54	61
n02788148_473.JPEG	0	0	60	63
n02788148_474.JPEG	0	0	63	41
n02788148_475.JPEG	9	0	49	55
n02788148_476.JPEG	11	10	53	54
n02788148_477.JPEG	0	29	63	53
n02788148_478.JPEG	18	13	44	63
n02788148_479.JPEG	0	10	48	63
n02788148_480.JPEG	0	19	63	47
n02788148_481.JPEG	0	9	63	63
n02788148_482.JPEG	0	1	63	62
n02788148_483.JPEG	0	10	63	53
n02788148_484.JPEG	0	6	63	63
n02788148_485.JPEG	1	2	10	63
n02788148_486.JPEG	0	28	63	61
n02788148_487.JPEG	20	17	36	47
n02788148_488.JPEG	23	0	57	63
n02788148_489.JPEG	0	30	30	63
n02788148_490.JPEG	9	14	48	54
n02788148_491.JPEG	1	13	63	63
n02788148_492.JPEG	28	11	63	63
n02788148_493.JPEG	0	0	45	22
n02788148_494.JPEG	23	0	51	25
n02788148_495.JPEG	3	6	63	58
n02788148_496.JPEG	0	0	63	0
n02788148_497.JPEG	0	37	63	63
n02788148_498.JPEG	21	0	49	63
n02788148_499.JPEG	1	36	44	63
