n07920052_0.JPEG	28	4	63	48
n07920052_1.JPEG	14	10	52	54
n07920052_2.JPEG	13	2	59	44
n07920052_3.JPEG	8	13	55	63
n07920052_4.JPEG	27	24	57	36
n07920052_5.JPEG	39	33	45	50
n07920052_6.JPEG	0	8	63	61
n07920052_7.JPEG	0	15	54	63
n07920052_8.JPEG	0	5	63	54
n07920052_9.JPEG	9	8	52	44
n07920052_10.JPEG	0	5	36	39
n07920052_11.JPEG	30	28	53	58
n07920052_12.JPEG	0	0	63	63
n07920052_13.JPEG	50	24	63	46
n07920052_14.JPEG	0	17	63	63
n07920052_15.JPEG	5	0	63	36
n07920052_16.JPEG	0	44	9	63
n07920052_17.JPEG	12	8	55	29
n07920052_18.JPEG	9	10	44	46
n07920052_19.JPEG	0	10	63	63
n07920052_20.JPEG	14	24	52	45
n07920052_21.JPEG	0	0	59	49
n07920052_22.JPEG	0	14	54	59
n07920052_23.JPEG	2	0	55	63
n07920052_24.JPEG	0	5	63	63
n07920052_25.JPEG	0	1	63	61
n07920052_26.JPEG	0	0	63	58
n07920052_27.JPEG	18	24	51	48
n07920052_28.JPEG	0	3	63	63
n07920052_29.JPEG	0	15	34	47
n07920052_30.JPEG	24	29	40	40
n07920052_31.JPEG	0	7	63	63
n07920052_32.JPEG	4	41	39	63
n07920052_33.JPEG	0	2	58	63
n07920052_34.JPEG	23	34	50	61
n07920052_35.JPEG	5	20	30	33
n07920052_36.JPEG	0	0	63	26
n07920052_37.JPEG	0	5	61	63
n07920052_38.JPEG	3	13	63	63
n07920052_39.JPEG	1	0	63	63
n07920052_40.JPEG	21	32	44	46
n07920052_41.JPEG	0	23	34	57
n07920052_42.JPEG	0	3	60	63
n07920052_43.JPEG	0	7	63	63
n07920052_44.JPEG	30	22	63	61
n07920052_45.JPEG	15	18	45	53
n07920052_46.JPEG	16	9	57	44
n07920052_47.JPEG	11	16	39	45
n07920052_48.JPEG	11	10	52	51
n07920052_49.JPEG	6	1	52	38
n07920052_50.JPEG	0	0	63	55
n07920052_51.JPEG	17	20	47	35
n07920052_52.JPEG	10	2	62	47
n07920052_53.JPEG	27	13	32	35
n07920052_54.JPEG	7	12	23	19
n07920052_55.JPEG	2	10	59	54
n07920052_56.JPEG	6	3	59	43
n07920052_57.JPEG	17	26	51	63
n07920052_58.JPEG	0	12	63	56
n07920052_59.JPEG	3	1	56	63
n07920052_60.JPEG	8	3	62	56
n07920052_61.JPEG	23	13	48	30
n07920052_62.JPEG	25	11	63	50
n07920052_63.JPEG	15	18	63	56
n07920052_64.JPEG	13	35	32	39
n07920052_65.JPEG	7	7	62	47
n07920052_66.JPEG	0	5	63	63
n07920052_67.JPEG	20	23	29	30
n07920052_68.JPEG	27	10	63	51
n07920052_69.JPEG	0	1	63	63
n07920052_70.JPEG	0	14	49	62
n07920052_71.JPEG	8	12	38	41
n07920052_72.JPEG	45	6	63	30
n07920052_73.JPEG	0	0	63	63
n07920052_74.JPEG	32	46	60	62
n07920052_75.JPEG	19	1	60	36
n07920052_76.JPEG	1	59	63	63
n07920052_77.JPEG	5	8	63	60
n07920052_78.JPEG	10	3	59	48
n07920052_79.JPEG	34	15	63	42
n07920052_80.JPEG	4	0	60	63
n07920052_81.JPEG	0	9	63	63
n07920052_82.JPEG	9	9	62	51
n07920052_83.JPEG	4	0	63	63
n07920052_84.JPEG	5	0	63	50
n07920052_85.JPEG	33	47	56	63
n07920052_86.JPEG	26	28	60	55
n07920052_87.JPEG	8	1	53	26
n07920052_88.JPEG	10	13	51	30
n07920052_89.JPEG	22	8	63	63
n07920052_90.JPEG	5	8	63	57
n07920052_91.JPEG	10	35	63	54
n07920052_92.JPEG	1	1	63	57
n07920052_93.JPEG	0	5	61	58
n07920052_94.JPEG	12	20	57	63
n07920052_95.JPEG	11	12	59	57
n07920052_96.JPEG	0	0	63	63
n07920052_97.JPEG	0	3	56	63
n07920052_98.JPEG	11	10	51	36
n07920052_99.JPEG	22	20	63	46
n07920052_100.JPEG	0	18	63	63
n07920052_101.JPEG	0	18	40	51
n07920052_102.JPEG	11	19	46	38
n07920052_103.JPEG	3	2	57	55
n07920052_104.JPEG	0	6	63	60
n07920052_105.JPEG	23	5	63	49
n07920052_106.JPEG	24	26	52	60
n07920052_107.JPEG	10	23	55	46
n07920052_108.JPEG	0	13	35	63
n07920052_109.JPEG	5	3	63	63
n07920052_110.JPEG	9	0	63	50
n07920052_111.JPEG	18	17	47	47
n07920052_112.JPEG	0	0	63	63
n07920052_113.JPEG	0	9	63	62
n07920052_114.JPEG	31	16	63	29
n07920052_115.JPEG	7	30	50	60
n07920052_116.JPEG	0	3	63	61
n07920052_117.JPEG	0	0	63	63
n07920052_118.JPEG	21	30	51	63
n07920052_119.JPEG	9	5	63	58
n07920052_120.JPEG	9	3	63	43
n07920052_121.JPEG	26	6	63	62
n07920052_122.JPEG	14	27	37	33
n07920052_123.JPEG	27	22	46	42
n07920052_124.JPEG	8	18	33	25
n07920052_125.JPEG	0	8	20	29
n07920052_126.JPEG	0	0	63	63
n07920052_127.JPEG	5	5	57	42
n07920052_128.JPEG	18	12	63	57
n07920052_129.JPEG	6	4	63	63
n07920052_130.JPEG	0	1	63	63
n07920052_131.JPEG	22	4	63	63
n07920052_132.JPEG	11	36	43	63
n07920052_133.JPEG	2	14	55	47
n07920052_134.JPEG	0	14	39	46
n07920052_135.JPEG	17	12	49	23
n07920052_136.JPEG	13	14	58	58
n07920052_137.JPEG	16	4	57	59
n07920052_138.JPEG	25	1	62	20
n07920052_139.JPEG	14	10	54	42
n07920052_140.JPEG	8	12	39	45
n07920052_141.JPEG	2	0	61	63
n07920052_142.JPEG	13	15	61	63
n07920052_143.JPEG	0	12	61	62
n07920052_144.JPEG	0	16	31	52
n07920052_145.JPEG	1	13	44	50
n07920052_146.JPEG	44	1	63	53
n07920052_147.JPEG	6	19	63	63
n07920052_148.JPEG	1	0	62	63
n07920052_149.JPEG	2	2	63	50
n07920052_150.JPEG	0	14	35	47
n07920052_151.JPEG	24	20	45	26
n07920052_152.JPEG	16	15	63	56
n07920052_153.JPEG	8	1	63	52
n07920052_154.JPEG	11	17	54	63
n07920052_155.JPEG	12	9	57	47
n07920052_156.JPEG	0	3	62	62
n07920052_157.JPEG	0	0	61	63
n07920052_158.JPEG	0	1	63	63
n07920052_159.JPEG	21	30	50	41
n07920052_160.JPEG	3	9	61	63
n07920052_161.JPEG	0	5	62	63
n07920052_162.JPEG	4	19	60	63
n07920052_163.JPEG	16	0	63	63
n07920052_164.JPEG	8	30	42	40
n07920052_165.JPEG	14	45	41	58
n07920052_166.JPEG	17	12	48	27
n07920052_167.JPEG	4	4	61	63
n07920052_168.JPEG	20	21	43	44
n07920052_169.JPEG	1	19	63	63
n07920052_170.JPEG	0	5	63	58
n07920052_171.JPEG	0	3	63	63
n07920052_172.JPEG	8	5	63	59
n07920052_173.JPEG	11	13	54	49
n07920052_174.JPEG	32	10	58	19
n07920052_175.JPEG	16	0	46	36
n07920052_176.JPEG	44	17	62	38
n07920052_177.JPEG	0	9	63	63
n07920052_178.JPEG	0	0	52	63
n07920052_179.JPEG	0	0	63	63
n07920052_180.JPEG	4	16	54	63
n07920052_181.JPEG	25	8	63	63
n07920052_182.JPEG	15	15	45	24
n07920052_183.JPEG	53	39	63	53
n07920052_184.JPEG	0	5	45	61
n07920052_185.JPEG	18	21	49	43
n07920052_186.JPEG	6	1	63	44
n07920052_187.JPEG	20	13	46	24
n07920052_188.JPEG	11	14	49	25
n07920052_189.JPEG	18	26	52	46
n07920052_190.JPEG	0	8	63	63
n07920052_191.JPEG	0	2	63	63
n07920052_192.JPEG	1	0	63	63
n07920052_193.JPEG	6	14	56	53
n07920052_194.JPEG	35	26	63	48
n07920052_195.JPEG	28	2	63	43
n07920052_196.JPEG	15	9	63	63
n07920052_197.JPEG	3	17	63	63
n07920052_198.JPEG	15	0	63	54
n07920052_199.JPEG	0	0	63	63
n07920052_200.JPEG	6	10	54	59
n07920052_201.JPEG	32	11	56	34
n07920052_202.JPEG	24	11	63	57
n07920052_203.JPEG	0	9	51	58
n07920052_204.JPEG	19	31	42	60
n07920052_205.JPEG	0	4	63	63
n07920052_206.JPEG	15	5	63	63
n07920052_207.JPEG	33	27	58	48
n07920052_208.JPEG	0	4	63	63
n07920052_209.JPEG	9	11	58	62
n07920052_210.JPEG	0	30	38	63
n07920052_211.JPEG	17	16	46	49
n07920052_212.JPEG	0	6	53	40
n07920052_213.JPEG	7	11	46	42
n07920052_214.JPEG	32	11	63	45
n07920052_215.JPEG	0	15	54	51
n07920052_216.JPEG	14	6	56	36
n07920052_217.JPEG	13	4	60	47
n07920052_218.JPEG	13	53	52	63
n07920052_219.JPEG	0	0	63	63
n07920052_220.JPEG	4	7	63	58
n07920052_221.JPEG	1	5	63	55
n07920052_222.JPEG	0	14	62	63
n07920052_223.JPEG	21	3	63	60
n07920052_224.JPEG	0	6	63	63
n07920052_225.JPEG	2	1	63	50
n07920052_226.JPEG	4	16	56	61
n07920052_227.JPEG	0	0	45	41
n07920052_228.JPEG	10	4	53	45
n07920052_229.JPEG	11	15	53	49
n07920052_230.JPEG	4	6	56	32
n07920052_231.JPEG	0	29	59	47
n07920052_232.JPEG	15	20	50	53
n07920052_233.JPEG	9	34	53	48
n07920052_234.JPEG	0	0	63	63
n07920052_235.JPEG	31	11	51	14
n07920052_236.JPEG	0	4	11	58
n07920052_237.JPEG	3	32	60	63
n07920052_238.JPEG	11	4	63	51
n07920052_239.JPEG	0	1	63	63
n07920052_240.JPEG	9	0	54	23
n07920052_241.JPEG	21	42	50	63
n07920052_242.JPEG	0	7	63	63
n07920052_243.JPEG	13	1	57	37
n07920052_244.JPEG	17	15	49	38
n07920052_245.JPEG	5	13	63	59
n07920052_246.JPEG	0	1	63	63
n07920052_247.JPEG	7	0	59	63
n07920052_248.JPEG	9	0	63	53
n07920052_249.JPEG	10	1	63	56
n07920052_250.JPEG	22	7	54	22
n07920052_251.JPEG	0	15	27	38
n07920052_252.JPEG	10	17	53	61
n07920052_253.JPEG	16	12	63	44
n07920052_254.JPEG	3	10	63	62
n07920052_255.JPEG	22	22	49	47
n07920052_256.JPEG	16	24	50	53
n07920052_257.JPEG	20	16	38	24
n07920052_258.JPEG	6	0	61	44
n07920052_259.JPEG	10	20	32	38
n07920052_260.JPEG	12	10	56	47
n07920052_261.JPEG	16	16	60	63
n07920052_262.JPEG	5	10	57	58
n07920052_263.JPEG	0	6	39	63
n07920052_264.JPEG	0	3	63	63
n07920052_265.JPEG	0	7	63	61
n07920052_266.JPEG	0	25	63	43
n07920052_267.JPEG	3	0	49	45
n07920052_268.JPEG	11	49	42	63
n07920052_269.JPEG	13	21	47	63
n07920052_270.JPEG	6	29	49	63
n07920052_271.JPEG	30	35	60	46
n07920052_272.JPEG	0	0	63	46
n07920052_273.JPEG	18	32	35	46
n07920052_274.JPEG	0	12	41	60
n07920052_275.JPEG	0	8	63	48
n07920052_276.JPEG	9	2	63	51
n07920052_277.JPEG	1	0	63	62
n07920052_278.JPEG	4	5	56	48
n07920052_279.JPEG	1	0	58	63
n07920052_280.JPEG	3	25	63	63
n07920052_281.JPEG	8	5	59	49
n07920052_282.JPEG	16	41	41	47
n07920052_283.JPEG	5	9	50	33
n07920052_284.JPEG	12	13	49	44
n07920052_285.JPEG	0	0	63	61
n07920052_286.JPEG	8	0	45	48
n07920052_287.JPEG	15	42	24	55
n07920052_288.JPEG	9	10	55	56
n07920052_289.JPEG	6	0	60	63
n07920052_290.JPEG	16	31	63	63
n07920052_291.JPEG	13	35	54	63
n07920052_292.JPEG	21	8	54	52
n07920052_293.JPEG	0	36	57	63
n07920052_294.JPEG	0	3	56	62
n07920052_295.JPEG	15	26	44	47
n07920052_296.JPEG	11	12	60	55
n07920052_297.JPEG	37	2	63	38
n07920052_298.JPEG	2	14	32	52
n07920052_299.JPEG	7	16	53	63
n07920052_300.JPEG	0	2	63	55
n07920052_301.JPEG	21	20	50	32
n07920052_302.JPEG	40	30	63	57
n07920052_303.JPEG	47	22	63	40
n07920052_304.JPEG	33	14	63	54
n07920052_305.JPEG	21	23	62	48
n07920052_306.JPEG	28	18	63	50
n07920052_307.JPEG	16	12	62	63
n07920052_308.JPEG	14	9	57	40
n07920052_309.JPEG	0	17	41	61
n07920052_310.JPEG	18	11	52	47
n07920052_311.JPEG	1	19	30	43
n07920052_312.JPEG	0	3	46	53
n07920052_313.JPEG	1	0	63	63
n07920052_314.JPEG	1	4	55	57
n07920052_315.JPEG	43	2	63	31
n07920052_316.JPEG	5	0	63	46
n07920052_317.JPEG	0	4	63	57
n07920052_318.JPEG	0	0	63	63
n07920052_319.JPEG	17	17	38	33
n07920052_320.JPEG	33	9	63	40
n07920052_321.JPEG	26	16	49	35
n07920052_322.JPEG	9	16	51	42
n07920052_323.JPEG	9	6	63	56
n07920052_324.JPEG	9	22	30	28
n07920052_325.JPEG	7	0	63	52
n07920052_326.JPEG	18	17	44	22
n07920052_327.JPEG	11	5	61	53
n07920052_328.JPEG	27	17	47	23
n07920052_329.JPEG	0	2	63	63
n07920052_330.JPEG	0	1	63	56
n07920052_331.JPEG	12	10	55	63
n07920052_332.JPEG	24	3	41	60
n07920052_333.JPEG	1	17	61	46
n07920052_334.JPEG	0	9	37	50
n07920052_335.JPEG	1	1	63	63
n07920052_336.JPEG	0	0	63	62
n07920052_337.JPEG	12	19	63	43
n07920052_338.JPEG	9	34	54	63
n07920052_339.JPEG	9	11	57	63
n07920052_340.JPEG	11	14	52	48
n07920052_341.JPEG	17	25	58	63
n07920052_342.JPEG	25	19	51	32
n07920052_343.JPEG	18	9	61	42
n07920052_344.JPEG	31	17	52	42
n07920052_345.JPEG	13	5	47	33
n07920052_346.JPEG	13	15	63	57
n07920052_347.JPEG	7	13	45	38
n07920052_348.JPEG	19	10	60	29
n07920052_349.JPEG	2	1	63	63
n07920052_350.JPEG	4	8	63	63
n07920052_351.JPEG	0	7	63	63
n07920052_352.JPEG	8	13	63	53
n07920052_353.JPEG	9	16	54	47
n07920052_354.JPEG	0	12	23	19
n07920052_355.JPEG	42	20	63	43
n07920052_356.JPEG	17	28	47	48
n07920052_357.JPEG	17	16	44	27
n07920052_358.JPEG	2	6	60	37
n07920052_359.JPEG	0	1	26	36
n07920052_360.JPEG	11	0	48	19
n07920052_361.JPEG	32	0	63	21
n07920052_362.JPEG	1	4	60	63
n07920052_363.JPEG	26	12	55	29
n07920052_364.JPEG	0	11	58	63
n07920052_365.JPEG	22	28	63	63
n07920052_366.JPEG	9	7	63	63
n07920052_367.JPEG	13	12	47	18
n07920052_368.JPEG	12	32	63	63
n07920052_369.JPEG	14	11	53	41
n07920052_370.JPEG	0	8	63	63
n07920052_371.JPEG	0	2	48	63
n07920052_372.JPEG	0	39	20	55
n07920052_373.JPEG	49	6	63	31
n07920052_374.JPEG	0	4	63	63
n07920052_375.JPEG	37	24	54	35
n07920052_376.JPEG	18	16	43	27
n07920052_377.JPEG	9	14	63	63
n07920052_378.JPEG	0	21	34	63
n07920052_379.JPEG	18	6	46	22
n07920052_380.JPEG	14	7	56	47
n07920052_381.JPEG	17	15	47	46
n07920052_382.JPEG	19	17	58	49
n07920052_383.JPEG	5	25	35	53
n07920052_384.JPEG	0	10	46	60
n07920052_385.JPEG	3	5	59	63
n07920052_386.JPEG	13	22	48	50
n07920052_387.JPEG	21	22	43	27
n07920052_388.JPEG	1	7	51	47
n07920052_389.JPEG	6	10	60	60
n07920052_390.JPEG	45	14	63	51
n07920052_391.JPEG	7	37	30	50
n07920052_392.JPEG	8	0	56	63
n07920052_393.JPEG	0	7	56	50
n07920052_394.JPEG	10	29	41	49
n07920052_395.JPEG	0	0	53	63
n07920052_396.JPEG	4	19	29	37
n07920052_397.JPEG	14	3	54	40
n07920052_398.JPEG	13	5	62	54
n07920052_399.JPEG	0	3	63	63
n07920052_400.JPEG	38	33	59	49
n07920052_401.JPEG	4	10	63	63
n07920052_402.JPEG	1	5	33	17
n07920052_403.JPEG	13	25	59	62
n07920052_404.JPEG	0	1	63	63
n07920052_405.JPEG	17	14	53	57
n07920052_406.JPEG	11	4	58	40
n07920052_407.JPEG	0	8	63	63
n07920052_408.JPEG	11	13	55	57
n07920052_409.JPEG	1	8	52	63
n07920052_410.JPEG	5	21	25	40
n07920052_411.JPEG	0	3	63	63
n07920052_412.JPEG	0	10	63	63
n07920052_413.JPEG	7	8	61	55
n07920052_414.JPEG	0	14	39	59
n07920052_415.JPEG	0	13	12	21
n07920052_416.JPEG	13	6	54	40
n07920052_417.JPEG	0	5	63	63
n07920052_418.JPEG	4	12	59	56
n07920052_419.JPEG	2	4	61	56
n07920052_420.JPEG	34	5	63	28
n07920052_421.JPEG	0	5	63	63
n07920052_422.JPEG	1	11	58	58
n07920052_423.JPEG	11	11	47	47
n07920052_424.JPEG	20	6	63	27
n07920052_425.JPEG	9	12	63	62
n07920052_426.JPEG	46	34	63	62
n07920052_427.JPEG	3	2	59	49
n07920052_428.JPEG	5	0	63	63
n07920052_429.JPEG	13	24	46	45
n07920052_430.JPEG	17	16	46	30
n07920052_431.JPEG	0	1	63	63
n07920052_432.JPEG	15	16	57	48
n07920052_433.JPEG	16	2	50	27
n07920052_434.JPEG	5	0	63	63
n07920052_435.JPEG	10	5	50	44
n07920052_436.JPEG	29	8	63	42
n07920052_437.JPEG	13	4	63	51
n07920052_438.JPEG	16	7	58	28
n07920052_439.JPEG	0	1	63	63
n07920052_440.JPEG	1	2	51	52
n07920052_441.JPEG	17	24	34	53
n07920052_442.JPEG	11	0	51	20
n07920052_443.JPEG	1	34	30	61
n07920052_444.JPEG	0	0	63	63
n07920052_445.JPEG	10	23	54	58
n07920052_446.JPEG	18	31	49	46
n07920052_447.JPEG	0	10	46	63
n07920052_448.JPEG	5	0	60	49
n07920052_449.JPEG	13	16	53	63
n07920052_450.JPEG	0	1	63	63
n07920052_451.JPEG	0	1	63	63
n07920052_452.JPEG	3	0	63	51
n07920052_453.JPEG	1	28	49	63
n07920052_454.JPEG	18	30	46	55
n07920052_455.JPEG	10	15	63	60
n07920052_456.JPEG	20	1	55	47
n07920052_457.JPEG	29	9	54	41
n07920052_458.JPEG	13	14	53	30
n07920052_459.JPEG	0	1	63	63
n07920052_460.JPEG	14	41	28	52
n07920052_461.JPEG	2	2	47	63
n07920052_462.JPEG	0	8	23	47
n07920052_463.JPEG	0	6	63	56
n07920052_464.JPEG	15	9	57	58
n07920052_465.JPEG	3	8	63	63
n07920052_466.JPEG	16	20	54	49
n07920052_467.JPEG	12	1	50	50
n07920052_468.JPEG	14	3	61	46
n07920052_469.JPEG	17	12	46	34
n07920052_470.JPEG	7	9	52	47
n07920052_471.JPEG	4	5	63	63
n07920052_472.JPEG	18	15	48	43
n07920052_473.JPEG	13	5	58	46
n07920052_474.JPEG	1	7	60	63
n07920052_475.JPEG	1	9	59	52
n07920052_476.JPEG	16	20	63	63
n07920052_477.JPEG	14	8	47	24
n07920052_478.JPEG	12	7	58	45
n07920052_479.JPEG	0	0	62	61
n07920052_480.JPEG	2	6	60	55
n07920052_481.JPEG	19	19	45	44
n07920052_482.JPEG	11	0	63	43
n07920052_483.JPEG	3	1	49	42
n07920052_484.JPEG	25	0	63	38
n07920052_485.JPEG	0	6	63	63
n07920052_486.JPEG	21	18	47	41
n07920052_487.JPEG	14	11	51	27
n07920052_488.JPEG	12	0	63	43
n07920052_489.JPEG	22	9	63	21
n07920052_490.JPEG	0	18	63	63
n07920052_491.JPEG	9	14	58	50
n07920052_492.JPEG	11	8	63	47
n07920052_493.JPEG	17	25	57	62
n07920052_494.JPEG	17	8	63	63
n07920052_495.JPEG	4	10	54	50
n07920052_496.JPEG	0	0	62	55
n07920052_497.JPEG	20	21	46	47
n07920052_498.JPEG	9	8	53	22
n07920052_499.JPEG	0	18	30	28
