n03854065_0.JPEG	1	0	63	63
n03854065_1.JPEG	0	3	63	63
n03854065_2.JPEG	6	1	52	46
n03854065_3.JPEG	11	0	57	41
n03854065_4.JPEG	0	1	63	63
n03854065_5.JPEG	0	0	40	41
n03854065_6.JPEG	5	0	53	63
n03854065_7.JPEG	0	0	63	50
n03854065_8.JPEG	0	16	63	63
n03854065_9.JPEG	8	9	57	37
n03854065_10.JPEG	17	14	53	56
n03854065_11.JPEG	27	2	30	54
n03854065_12.JPEG	6	21	62	60
n03854065_13.JPEG	0	10	63	63
n03854065_14.JPEG	1	0	18	53
n03854065_15.JPEG	24	40	42	60
n03854065_16.JPEG	17	20	48	46
n03854065_17.JPEG	1	0	63	63
n03854065_18.JPEG	2	6	63	31
n03854065_19.JPEG	0	0	63	63
n03854065_20.JPEG	0	0	32	18
n03854065_21.JPEG	0	1	63	63
n03854065_22.JPEG	21	12	41	33
n03854065_23.JPEG	9	0	57	41
n03854065_24.JPEG	0	0	63	63
n03854065_25.JPEG	5	11	26	58
n03854065_26.JPEG	0	0	63	63
n03854065_27.JPEG	2	11	58	61
n03854065_28.JPEG	0	0	63	63
n03854065_29.JPEG	3	6	62	36
n03854065_30.JPEG	0	0	58	57
n03854065_31.JPEG	1	0	39	63
n03854065_32.JPEG	39	0	63	63
n03854065_33.JPEG	0	10	63	49
n03854065_34.JPEG	26	23	63	56
n03854065_35.JPEG	0	20	55	63
n03854065_36.JPEG	30	9	33	60
n03854065_37.JPEG	0	5	63	63
n03854065_38.JPEG	26	3	40	18
n03854065_39.JPEG	0	0	63	63
n03854065_40.JPEG	11	27	58	49
n03854065_41.JPEG	0	0	63	58
n03854065_42.JPEG	0	13	63	56
n03854065_43.JPEG	0	0	63	63
n03854065_44.JPEG	13	0	51	63
n03854065_45.JPEG	12	5	52	49
n03854065_46.JPEG	0	0	63	63
n03854065_47.JPEG	15	0	56	54
n03854065_48.JPEG	0	12	63	63
n03854065_49.JPEG	26	26	45	47
n03854065_50.JPEG	0	0	63	63
n03854065_51.JPEG	21	49	40	63
n03854065_52.JPEG	0	12	63	62
n03854065_53.JPEG	4	16	63	63
n03854065_54.JPEG	0	15	63	63
n03854065_55.JPEG	14	0	55	63
n03854065_56.JPEG	44	0	63	63
n03854065_57.JPEG	11	16	53	59
n03854065_58.JPEG	1	0	62	63
n03854065_59.JPEG	0	1	63	63
n03854065_60.JPEG	2	6	60	60
n03854065_61.JPEG	17	2	50	40
n03854065_62.JPEG	0	14	63	56
n03854065_63.JPEG	45	0	63	44
n03854065_64.JPEG	0	7	60	45
n03854065_65.JPEG	1	0	63	63
n03854065_66.JPEG	0	1	63	58
n03854065_67.JPEG	18	29	48	59
n03854065_68.JPEG	11	9	57	44
n03854065_69.JPEG	0	0	63	63
n03854065_70.JPEG	15	0	49	45
n03854065_71.JPEG	16	0	57	34
n03854065_72.JPEG	1	0	63	63
n03854065_73.JPEG	0	0	63	63
n03854065_74.JPEG	1	1	63	63
n03854065_75.JPEG	0	0	63	60
n03854065_76.JPEG	6	0	59	63
n03854065_77.JPEG	2	9	61	56
n03854065_78.JPEG	14	15	52	50
n03854065_79.JPEG	0	0	63	63
n03854065_80.JPEG	28	4	56	53
n03854065_81.JPEG	0	12	63	55
n03854065_82.JPEG	0	3	63	63
n03854065_83.JPEG	9	9	49	37
n03854065_84.JPEG	18	7	63	63
n03854065_85.JPEG	4	0	61	63
n03854065_86.JPEG	20	10	29	35
n03854065_87.JPEG	7	12	63	54
n03854065_88.JPEG	22	0	63	63
n03854065_89.JPEG	3	0	60	63
n03854065_90.JPEG	0	4	63	62
n03854065_91.JPEG	0	0	49	63
n03854065_92.JPEG	1	0	59	63
n03854065_93.JPEG	0	10	63	44
n03854065_94.JPEG	0	0	63	63
n03854065_95.JPEG	0	0	63	63
n03854065_96.JPEG	4	22	37	49
n03854065_97.JPEG	24	7	55	54
n03854065_98.JPEG	18	27	45	53
n03854065_99.JPEG	15	0	63	63
n03854065_100.JPEG	12	7	51	36
n03854065_101.JPEG	7	4	59	62
n03854065_102.JPEG	17	2	47	38
n03854065_103.JPEG	0	20	63	63
n03854065_104.JPEG	1	0	63	63
n03854065_105.JPEG	0	0	63	63
n03854065_106.JPEG	0	10	63	63
n03854065_107.JPEG	9	0	63	63
n03854065_108.JPEG	18	45	32	58
n03854065_109.JPEG	0	0	63	63
n03854065_110.JPEG	1	0	61	37
n03854065_111.JPEG	8	19	60	63
n03854065_112.JPEG	25	13	41	31
n03854065_113.JPEG	0	1	63	62
n03854065_114.JPEG	0	0	63	63
n03854065_115.JPEG	1	0	63	63
n03854065_116.JPEG	41	9	63	63
n03854065_117.JPEG	0	0	63	63
n03854065_118.JPEG	0	4	63	63
n03854065_119.JPEG	0	0	63	63
n03854065_120.JPEG	7	21	58	63
n03854065_121.JPEG	12	0	50	63
n03854065_122.JPEG	7	3	62	55
n03854065_123.JPEG	0	5	63	60
n03854065_124.JPEG	2	0	63	63
n03854065_125.JPEG	2	0	63	45
n03854065_126.JPEG	0	2	51	63
n03854065_127.JPEG	19	18	44	63
n03854065_128.JPEG	0	3	63	63
n03854065_129.JPEG	0	1	63	63
n03854065_130.JPEG	14	20	49	63
n03854065_131.JPEG	2	0	60	63
n03854065_132.JPEG	6	0	63	63
n03854065_133.JPEG	0	0	63	63
n03854065_134.JPEG	51	35	63	60
n03854065_135.JPEG	12	9	55	49
n03854065_136.JPEG	0	1	63	63
n03854065_137.JPEG	42	14	53	56
n03854065_138.JPEG	0	16	63	55
n03854065_139.JPEG	0	20	63	63
n03854065_140.JPEG	19	27	38	41
n03854065_141.JPEG	8	1	63	63
n03854065_142.JPEG	1	0	63	63
n03854065_143.JPEG	0	1	63	63
n03854065_144.JPEG	8	5	58	48
n03854065_145.JPEG	0	3	63	33
n03854065_146.JPEG	13	0	51	63
n03854065_147.JPEG	11	21	57	54
n03854065_148.JPEG	0	0	63	63
n03854065_149.JPEG	0	8	63	50
n03854065_150.JPEG	12	1	63	63
n03854065_151.JPEG	0	0	63	44
n03854065_152.JPEG	0	0	63	63
n03854065_153.JPEG	14	0	51	38
n03854065_154.JPEG	2	0	63	56
n03854065_155.JPEG	0	0	63	63
n03854065_156.JPEG	17	0	63	33
n03854065_157.JPEG	0	3	63	42
n03854065_158.JPEG	7	13	48	45
n03854065_159.JPEG	0	12	63	60
n03854065_160.JPEG	21	15	43	46
n03854065_161.JPEG	0	0	63	63
n03854065_162.JPEG	2	7	55	43
n03854065_163.JPEG	16	42	47	57
n03854065_164.JPEG	0	2	49	63
n03854065_165.JPEG	0	0	63	63
n03854065_166.JPEG	6	7	53	53
n03854065_167.JPEG	16	9	48	47
n03854065_168.JPEG	1	0	42	63
n03854065_169.JPEG	7	1	48	32
n03854065_170.JPEG	10	0	58	63
n03854065_171.JPEG	15	11	56	59
n03854065_172.JPEG	0	27	63	63
n03854065_173.JPEG	1	0	63	63
n03854065_174.JPEG	39	2	63	37
n03854065_175.JPEG	15	11	47	49
n03854065_176.JPEG	0	2	63	55
n03854065_177.JPEG	0	5	63	49
n03854065_178.JPEG	0	0	63	63
n03854065_179.JPEG	38	20	54	39
n03854065_180.JPEG	0	0	63	63
n03854065_181.JPEG	13	5	50	60
n03854065_182.JPEG	10	0	61	61
n03854065_183.JPEG	0	0	63	63
n03854065_184.JPEG	6	3	63	62
n03854065_185.JPEG	0	0	63	63
n03854065_186.JPEG	36	0	63	63
n03854065_187.JPEG	23	46	58	63
n03854065_188.JPEG	23	0	45	29
n03854065_189.JPEG	1	0	63	63
n03854065_190.JPEG	8	0	36	63
n03854065_191.JPEG	24	16	25	33
n03854065_192.JPEG	9	0	57	55
n03854065_193.JPEG	21	16	28	50
n03854065_194.JPEG	1	0	63	37
n03854065_195.JPEG	0	6	63	63
n03854065_196.JPEG	35	17	63	63
n03854065_197.JPEG	4	4	38	42
n03854065_198.JPEG	18	1	48	39
n03854065_199.JPEG	8	0	58	54
n03854065_200.JPEG	8	9	58	43
n03854065_201.JPEG	0	11	59	46
n03854065_202.JPEG	0	1	36	63
n03854065_203.JPEG	0	12	63	63
n03854065_204.JPEG	9	0	52	56
n03854065_205.JPEG	1	0	63	63
n03854065_206.JPEG	12	10	54	63
n03854065_207.JPEG	11	14	45	63
n03854065_208.JPEG	16	16	51	55
n03854065_209.JPEG	0	0	63	63
n03854065_210.JPEG	15	34	56	41
n03854065_211.JPEG	6	0	63	35
n03854065_212.JPEG	10	0	51	57
n03854065_213.JPEG	0	0	63	63
n03854065_214.JPEG	21	17	46	57
n03854065_215.JPEG	0	1	63	63
n03854065_216.JPEG	12	2	58	29
n03854065_217.JPEG	5	9	63	37
n03854065_218.JPEG	1	13	63	33
n03854065_219.JPEG	12	4	56	38
n03854065_220.JPEG	1	0	63	63
n03854065_221.JPEG	12	0	50	63
n03854065_222.JPEG	11	4	53	52
n03854065_223.JPEG	0	0	53	63
n03854065_224.JPEG	1	15	63	63
n03854065_225.JPEG	26	14	50	52
n03854065_226.JPEG	4	0	58	63
n03854065_227.JPEG	16	9	48	37
n03854065_228.JPEG	2	0	57	63
n03854065_229.JPEG	2	0	63	63
n03854065_230.JPEG	0	1	63	63
n03854065_231.JPEG	6	4	44	34
n03854065_232.JPEG	12	0	63	63
n03854065_233.JPEG	12	13	53	45
n03854065_234.JPEG	20	18	46	38
n03854065_235.JPEG	7	15	59	59
n03854065_236.JPEG	0	0	63	63
n03854065_237.JPEG	0	1	63	63
n03854065_238.JPEG	3	0	63	63
n03854065_239.JPEG	14	24	49	44
n03854065_240.JPEG	0	0	63	63
n03854065_241.JPEG	0	5	63	63
n03854065_242.JPEG	0	0	52	63
n03854065_243.JPEG	10	6	57	62
n03854065_244.JPEG	0	5	53	63
n03854065_245.JPEG	1	0	63	63
n03854065_246.JPEG	8	0	63	63
n03854065_247.JPEG	0	0	63	63
n03854065_248.JPEG	0	3	63	61
n03854065_249.JPEG	6	8	63	63
n03854065_250.JPEG	22	14	41	48
n03854065_251.JPEG	20	31	42	53
n03854065_252.JPEG	8	0	63	63
n03854065_253.JPEG	9	3	53	63
n03854065_254.JPEG	1	0	63	63
n03854065_255.JPEG	11	17	50	47
n03854065_256.JPEG	13	16	44	46
n03854065_257.JPEG	3	8	58	54
n03854065_258.JPEG	0	0	63	63
n03854065_259.JPEG	21	18	47	38
n03854065_260.JPEG	0	0	19	43
n03854065_261.JPEG	0	17	17	42
n03854065_262.JPEG	5	4	59	62
n03854065_263.JPEG	0	0	30	63
n03854065_264.JPEG	0	1	63	63
n03854065_265.JPEG	57	19	63	52
n03854065_266.JPEG	3	4	63	38
n03854065_267.JPEG	17	17	53	53
n03854065_268.JPEG	8	1	59	47
n03854065_269.JPEG	1	0	63	63
n03854065_270.JPEG	0	0	63	63
n03854065_271.JPEG	2	0	63	63
n03854065_272.JPEG	1	1	63	63
n03854065_273.JPEG	15	12	51	39
n03854065_274.JPEG	2	16	50	61
n03854065_275.JPEG	0	7	63	42
n03854065_276.JPEG	7	0	58	40
n03854065_277.JPEG	33	23	59	48
n03854065_278.JPEG	6	13	63	58
n03854065_279.JPEG	0	0	63	63
n03854065_280.JPEG	8	5	57	58
n03854065_281.JPEG	0	1	45	63
n03854065_282.JPEG	1	0	63	63
n03854065_283.JPEG	11	5	52	61
n03854065_284.JPEG	0	3	63	59
n03854065_285.JPEG	0	0	63	63
n03854065_286.JPEG	12	0	51	39
n03854065_287.JPEG	0	0	60	63
n03854065_288.JPEG	0	1	63	63
n03854065_289.JPEG	6	6	59	46
n03854065_290.JPEG	1	0	63	63
n03854065_291.JPEG	6	0	59	63
n03854065_292.JPEG	30	0	50	30
n03854065_293.JPEG	13	0	52	46
n03854065_294.JPEG	0	0	63	63
n03854065_295.JPEG	4	20	50	45
n03854065_296.JPEG	0	0	47	63
n03854065_297.JPEG	0	0	63	63
n03854065_298.JPEG	11	0	58	37
n03854065_299.JPEG	19	9	46	42
n03854065_300.JPEG	0	0	63	63
n03854065_301.JPEG	0	0	63	63
n03854065_302.JPEG	46	26	52	63
n03854065_303.JPEG	0	7	63	50
n03854065_304.JPEG	0	0	63	63
n03854065_305.JPEG	0	5	18	54
n03854065_306.JPEG	4	5	63	63
n03854065_307.JPEG	0	10	63	52
n03854065_308.JPEG	0	7	63	63
n03854065_309.JPEG	0	0	55	63
n03854065_310.JPEG	0	0	63	26
n03854065_311.JPEG	20	14	41	41
n03854065_312.JPEG	0	21	31	63
n03854065_313.JPEG	0	2	40	55
n03854065_314.JPEG	0	1	63	63
n03854065_315.JPEG	5	2	62	39
n03854065_316.JPEG	8	10	63	59
n03854065_317.JPEG	16	3	53	48
n03854065_318.JPEG	6	0	53	30
n03854065_319.JPEG	13	0	55	63
n03854065_320.JPEG	0	14	63	63
n03854065_321.JPEG	12	5	46	55
n03854065_322.JPEG	8	0	50	63
n03854065_323.JPEG	15	9	51	39
n03854065_324.JPEG	31	17	63	62
n03854065_325.JPEG	0	0	63	63
n03854065_326.JPEG	7	0	62	63
n03854065_327.JPEG	2	17	10	49
n03854065_328.JPEG	0	2	63	54
n03854065_329.JPEG	14	5	60	57
n03854065_330.JPEG	12	10	60	39
n03854065_331.JPEG	0	0	63	63
n03854065_332.JPEG	0	1	63	63
n03854065_333.JPEG	0	0	63	63
n03854065_334.JPEG	1	0	63	63
n03854065_335.JPEG	2	0	63	63
n03854065_336.JPEG	12	0	57	63
n03854065_337.JPEG	12	2	63	52
n03854065_338.JPEG	40	35	63	63
n03854065_339.JPEG	0	35	63	63
n03854065_340.JPEG	0	2	63	62
n03854065_341.JPEG	11	4	50	62
n03854065_342.JPEG	22	29	51	61
n03854065_343.JPEG	31	15	38	43
n03854065_344.JPEG	2	0	63	63
n03854065_345.JPEG	0	5	63	63
n03854065_346.JPEG	0	1	63	63
n03854065_347.JPEG	0	1	63	63
n03854065_348.JPEG	1	0	63	63
n03854065_349.JPEG	3	4	63	58
n03854065_350.JPEG	0	0	63	63
n03854065_351.JPEG	1	0	63	63
n03854065_352.JPEG	8	0	63	61
n03854065_353.JPEG	0	22	63	53
n03854065_354.JPEG	0	0	63	63
n03854065_355.JPEG	12	4	56	63
n03854065_356.JPEG	1	0	63	63
n03854065_357.JPEG	23	4	47	29
n03854065_358.JPEG	13	3	52	41
n03854065_359.JPEG	17	30	28	43
n03854065_360.JPEG	0	0	4	62
n03854065_361.JPEG	14	0	43	62
n03854065_362.JPEG	15	0	49	21
n03854065_363.JPEG	27	19	63	56
n03854065_364.JPEG	6	7	47	41
n03854065_365.JPEG	13	6	62	63
n03854065_366.JPEG	0	0	63	32
n03854065_367.JPEG	0	0	63	55
n03854065_368.JPEG	31	17	34	63
n03854065_369.JPEG	5	6	59	63
n03854065_370.JPEG	38	23	63	63
n03854065_371.JPEG	0	10	63	57
n03854065_372.JPEG	11	5	53	53
n03854065_373.JPEG	14	4	63	51
n03854065_374.JPEG	14	25	50	58
n03854065_375.JPEG	9	4	56	55
n03854065_376.JPEG	43	10	61	47
n03854065_377.JPEG	0	0	63	63
n03854065_378.JPEG	0	2	63	63
n03854065_379.JPEG	14	7	45	37
n03854065_380.JPEG	0	0	63	63
n03854065_381.JPEG	8	10	52	35
n03854065_382.JPEG	8	3	56	44
n03854065_383.JPEG	1	15	59	63
n03854065_384.JPEG	4	12	63	63
n03854065_385.JPEG	0	1	63	63
n03854065_386.JPEG	0	0	63	63
n03854065_387.JPEG	0	12	63	63
n03854065_388.JPEG	0	1	60	63
n03854065_389.JPEG	1	0	63	63
n03854065_390.JPEG	14	31	52	48
n03854065_391.JPEG	0	0	63	63
n03854065_392.JPEG	13	14	47	63
n03854065_393.JPEG	7	0	58	63
n03854065_394.JPEG	22	0	41	63
n03854065_395.JPEG	0	0	63	63
n03854065_396.JPEG	0	24	63	50
n03854065_397.JPEG	0	1	63	63
n03854065_398.JPEG	19	13	63	60
n03854065_399.JPEG	0	0	49	63
n03854065_400.JPEG	1	0	63	63
n03854065_401.JPEG	28	39	63	63
n03854065_402.JPEG	8	1	58	37
n03854065_403.JPEG	20	12	41	43
n03854065_404.JPEG	2	10	63	63
n03854065_405.JPEG	18	0	58	63
n03854065_406.JPEG	20	28	61	63
n03854065_407.JPEG	20	28	44	63
n03854065_408.JPEG	24	9	45	54
n03854065_409.JPEG	21	19	23	63
n03854065_410.JPEG	19	0	47	62
n03854065_411.JPEG	2	4	63	63
n03854065_412.JPEG	1	3	63	43
n03854065_413.JPEG	0	2	63	62
n03854065_414.JPEG	0	10	63	63
n03854065_415.JPEG	10	1	51	63
n03854065_416.JPEG	4	0	62	63
n03854065_417.JPEG	0	0	58	63
n03854065_418.JPEG	7	0	56	63
n03854065_419.JPEG	0	2	63	62
n03854065_420.JPEG	59	4	63	59
n03854065_421.JPEG	1	0	43	63
n03854065_422.JPEG	9	5	58	46
n03854065_423.JPEG	0	3	63	62
n03854065_424.JPEG	7	0	63	63
n03854065_425.JPEG	9	0	63	63
n03854065_426.JPEG	0	4	63	60
n03854065_427.JPEG	0	0	63	63
n03854065_428.JPEG	0	10	63	40
n03854065_429.JPEG	0	1	63	63
n03854065_430.JPEG	3	0	62	63
n03854065_431.JPEG	8	0	63	62
n03854065_432.JPEG	0	0	63	56
n03854065_433.JPEG	0	0	63	54
n03854065_434.JPEG	8	18	47	45
n03854065_435.JPEG	2	25	63	56
n03854065_436.JPEG	0	9	63	63
n03854065_437.JPEG	10	0	58	63
n03854065_438.JPEG	0	3	63	52
n03854065_439.JPEG	0	5	63	45
n03854065_440.JPEG	1	0	63	63
n03854065_441.JPEG	3	12	63	63
n03854065_442.JPEG	0	11	63	52
n03854065_443.JPEG	0	12	63	47
n03854065_444.JPEG	0	17	63	53
n03854065_445.JPEG	14	7	53	47
n03854065_446.JPEG	0	9	63	45
n03854065_447.JPEG	7	4	54	59
n03854065_448.JPEG	0	1	63	63
n03854065_449.JPEG	9	8	56	54
n03854065_450.JPEG	5	0	56	63
n03854065_451.JPEG	0	0	63	63
n03854065_452.JPEG	0	0	63	58
n03854065_453.JPEG	0	3	63	63
n03854065_454.JPEG	20	15	45	27
n03854065_455.JPEG	38	53	63	63
n03854065_456.JPEG	0	0	63	63
n03854065_457.JPEG	0	0	63	63
n03854065_458.JPEG	0	8	63	63
n03854065_459.JPEG	0	19	63	63
n03854065_460.JPEG	1	0	63	63
n03854065_461.JPEG	17	2	63	50
n03854065_462.JPEG	0	1	63	63
n03854065_463.JPEG	8	43	37	63
n03854065_464.JPEG	0	4	60	59
n03854065_465.JPEG	0	4	63	62
n03854065_466.JPEG	0	0	63	63
n03854065_467.JPEG	5	16	63	56
n03854065_468.JPEG	6	10	50	63
n03854065_469.JPEG	22	0	43	45
n03854065_470.JPEG	17	0	53	63
n03854065_471.JPEG	0	0	63	63
n03854065_472.JPEG	26	11	39	37
n03854065_473.JPEG	0	1	63	50
n03854065_474.JPEG	18	4	43	54
n03854065_475.JPEG	20	14	45	55
n03854065_476.JPEG	0	2	63	63
n03854065_477.JPEG	17	15	39	44
n03854065_478.JPEG	0	0	63	63
n03854065_479.JPEG	0	1	63	63
n03854065_480.JPEG	0	0	63	63
n03854065_481.JPEG	2	0	63	49
n03854065_482.JPEG	13	0	58	63
n03854065_483.JPEG	7	0	56	63
n03854065_484.JPEG	0	0	63	63
n03854065_485.JPEG	0	4	52	53
n03854065_486.JPEG	0	0	63	63
n03854065_487.JPEG	0	16	63	63
n03854065_488.JPEG	0	2	63	63
n03854065_489.JPEG	4	0	61	63
n03854065_490.JPEG	0	16	63	59
n03854065_491.JPEG	3	13	62	63
n03854065_492.JPEG	16	19	44	39
n03854065_493.JPEG	0	0	63	63
n03854065_494.JPEG	0	5	63	63
n03854065_495.JPEG	0	22	63	63
n03854065_496.JPEG	0	6	63	63
n03854065_497.JPEG	1	26	63	63
n03854065_498.JPEG	29	7	40	37
n03854065_499.JPEG	0	0	63	55
