n04133789_0.JPEG	28	14	63	37
n04133789_1.JPEG	34	9	63	55
n04133789_2.JPEG	0	0	63	63
n04133789_3.JPEG	0	13	63	54
n04133789_4.JPEG	17	26	30	46
n04133789_5.JPEG	52	7	63	47
n04133789_6.JPEG	4	23	62	59
n04133789_7.JPEG	0	1	63	63
n04133789_8.JPEG	0	0	63	63
n04133789_9.JPEG	19	16	63	49
n04133789_10.JPEG	1	6	59	32
n04133789_11.JPEG	0	11	63	48
n04133789_12.JPEG	21	17	50	52
n04133789_13.JPEG	11	27	59	59
n04133789_14.JPEG	1	2	53	49
n04133789_15.JPEG	36	16	63	40
n04133789_16.JPEG	13	13	58	58
n04133789_17.JPEG	37	35	56	56
n04133789_18.JPEG	28	26	63	44
n04133789_19.JPEG	37	28	63	37
n04133789_20.JPEG	14	47	17	56
n04133789_21.JPEG	0	30	63	62
n04133789_22.JPEG	0	16	33	63
n04133789_23.JPEG	26	3	55	61
n04133789_24.JPEG	0	31	36	59
n04133789_25.JPEG	0	0	63	63
n04133789_26.JPEG	0	1	63	52
n04133789_27.JPEG	0	10	63	54
n04133789_28.JPEG	26	18	53	55
n04133789_29.JPEG	19	13	63	49
n04133789_30.JPEG	0	0	63	63
n04133789_31.JPEG	18	6	53	63
n04133789_32.JPEG	24	46	63	63
n04133789_33.JPEG	0	22	63	58
n04133789_34.JPEG	36	3	57	63
n04133789_35.JPEG	0	12	63	60
n04133789_36.JPEG	39	7	57	58
n04133789_37.JPEG	17	20	63	48
n04133789_38.JPEG	27	25	52	63
n04133789_39.JPEG	8	13	39	59
n04133789_40.JPEG	0	0	63	63
n04133789_41.JPEG	25	9	63	57
n04133789_42.JPEG	25	0	49	41
n04133789_43.JPEG	3	21	34	51
n04133789_44.JPEG	3	13	39	56
n04133789_45.JPEG	17	10	38	62
n04133789_46.JPEG	1	12	63	52
n04133789_47.JPEG	18	44	33	56
n04133789_48.JPEG	36	6	59	58
n04133789_49.JPEG	0	27	48	49
n04133789_50.JPEG	0	10	63	51
n04133789_51.JPEG	18	24	59	53
n04133789_52.JPEG	5	0	50	23
n04133789_53.JPEG	4	26	56	59
n04133789_54.JPEG	0	1	49	53
n04133789_55.JPEG	1	2	42	51
n04133789_56.JPEG	21	23	51	63
n04133789_57.JPEG	1	10	61	61
n04133789_58.JPEG	31	3	63	63
n04133789_59.JPEG	35	3	63	41
n04133789_60.JPEG	13	22	33	50
n04133789_61.JPEG	38	10	58	49
n04133789_62.JPEG	9	1	39	63
n04133789_63.JPEG	0	1	63	61
n04133789_64.JPEG	42	6	60	52
n04133789_65.JPEG	34	26	55	36
n04133789_66.JPEG	13	36	44	63
n04133789_67.JPEG	9	23	63	62
n04133789_68.JPEG	0	3	63	63
n04133789_69.JPEG	0	0	63	63
n04133789_70.JPEG	0	5	63	51
n04133789_71.JPEG	6	15	49	45
n04133789_72.JPEG	0	18	54	48
n04133789_73.JPEG	1	0	62	37
n04133789_74.JPEG	35	12	61	63
n04133789_75.JPEG	0	0	63	63
n04133789_76.JPEG	0	1	63	63
n04133789_77.JPEG	0	6	63	60
n04133789_78.JPEG	25	17	59	50
n04133789_79.JPEG	7	4	27	47
n04133789_80.JPEG	1	6	46	63
n04133789_81.JPEG	3	20	63	44
n04133789_82.JPEG	25	40	63	56
n04133789_83.JPEG	1	15	63	51
n04133789_84.JPEG	21	14	58	57
n04133789_85.JPEG	22	7	63	57
n04133789_86.JPEG	41	5	63	63
n04133789_87.JPEG	36	19	63	63
n04133789_88.JPEG	20	13	46	42
n04133789_89.JPEG	0	0	37	63
n04133789_90.JPEG	32	1	62	60
n04133789_91.JPEG	5	18	29	63
n04133789_92.JPEG	13	7	35	37
n04133789_93.JPEG	30	0	60	63
n04133789_94.JPEG	0	2	63	58
n04133789_95.JPEG	8	10	59	63
n04133789_96.JPEG	9	24	51	61
n04133789_97.JPEG	0	8	21	56
n04133789_98.JPEG	0	4	51	61
n04133789_99.JPEG	32	25	52	63
n04133789_100.JPEG	0	6	63	62
n04133789_101.JPEG	0	1	63	28
n04133789_102.JPEG	0	4	63	58
n04133789_103.JPEG	9	0	59	63
n04133789_104.JPEG	13	5	32	60
n04133789_105.JPEG	0	3	38	52
n04133789_106.JPEG	7	29	63	61
n04133789_107.JPEG	0	33	63	63
n04133789_108.JPEG	9	17	21	34
n04133789_109.JPEG	6	6	35	48
n04133789_110.JPEG	0	4	63	59
n04133789_111.JPEG	1	13	63	50
n04133789_112.JPEG	0	28	57	58
n04133789_113.JPEG	0	18	63	52
n04133789_114.JPEG	8	4	59	60
n04133789_115.JPEG	0	18	63	57
n04133789_116.JPEG	0	15	63	52
n04133789_117.JPEG	26	8	63	58
n04133789_118.JPEG	0	17	63	62
n04133789_119.JPEG	9	0	32	60
n04133789_120.JPEG	1	0	63	63
n04133789_121.JPEG	0	9	63	52
n04133789_122.JPEG	0	5	63	59
n04133789_123.JPEG	0	2	63	59
n04133789_124.JPEG	2	19	63	59
n04133789_125.JPEG	21	8	63	61
n04133789_126.JPEG	0	8	63	58
n04133789_127.JPEG	0	1	63	62
n04133789_128.JPEG	33	16	63	60
n04133789_129.JPEG	3	31	62	62
n04133789_130.JPEG	0	0	63	32
n04133789_131.JPEG	25	0	48	57
n04133789_132.JPEG	0	9	63	58
n04133789_133.JPEG	0	2	23	59
n04133789_134.JPEG	0	25	15	46
n04133789_135.JPEG	1	12	29	59
n04133789_136.JPEG	31	1	58	63
n04133789_137.JPEG	0	32	20	60
n04133789_138.JPEG	6	7	63	63
n04133789_139.JPEG	32	39	61	63
n04133789_140.JPEG	12	0	48	63
n04133789_141.JPEG	2	21	63	56
n04133789_142.JPEG	1	16	44	38
n04133789_143.JPEG	10	3	63	58
n04133789_144.JPEG	2	33	62	63
n04133789_145.JPEG	41	31	45	42
n04133789_146.JPEG	0	0	63	63
n04133789_147.JPEG	19	51	35	57
n04133789_148.JPEG	63	15	63	23
n04133789_149.JPEG	11	6	61	42
n04133789_150.JPEG	23	13	63	59
n04133789_151.JPEG	0	15	63	55
n04133789_152.JPEG	5	22	62	48
n04133789_153.JPEG	16	30	44	55
n04133789_154.JPEG	23	49	31	63
n04133789_155.JPEG	5	9	36	52
n04133789_156.JPEG	18	4	48	63
n04133789_157.JPEG	0	6	56	43
n04133789_158.JPEG	18	0	48	52
n04133789_159.JPEG	1	10	63	58
n04133789_160.JPEG	3	32	41	60
n04133789_161.JPEG	17	18	35	59
n04133789_162.JPEG	1	9	44	42
n04133789_163.JPEG	4	10	61	57
n04133789_164.JPEG	49	32	63	63
n04133789_165.JPEG	1	20	62	46
n04133789_166.JPEG	4	3	63	61
n04133789_167.JPEG	0	0	27	40
n04133789_168.JPEG	0	3	63	62
n04133789_169.JPEG	31	30	63	51
n04133789_170.JPEG	0	0	63	63
n04133789_171.JPEG	41	63	47	63
n04133789_172.JPEG	0	2	23	61
n04133789_173.JPEG	4	32	62	63
n04133789_174.JPEG	16	3	48	63
n04133789_175.JPEG	4	10	29	56
n04133789_176.JPEG	34	12	58	51
n04133789_177.JPEG	35	61	42	63
n04133789_178.JPEG	0	3	63	62
n04133789_179.JPEG	10	6	57	59
n04133789_180.JPEG	48	26	63	63
n04133789_181.JPEG	2	1	59	63
n04133789_182.JPEG	0	3	33	61
n04133789_183.JPEG	2	8	53	27
n04133789_184.JPEG	41	13	63	51
n04133789_185.JPEG	10	9	63	46
n04133789_186.JPEG	0	12	28	38
n04133789_187.JPEG	0	22	29	42
n04133789_188.JPEG	14	7	63	63
n04133789_189.JPEG	0	1	63	62
n04133789_190.JPEG	14	30	50	63
n04133789_191.JPEG	2	1	62	63
n04133789_192.JPEG	17	14	63	39
n04133789_193.JPEG	0	0	63	63
n04133789_194.JPEG	24	13	63	46
n04133789_195.JPEG	18	52	26	63
n04133789_196.JPEG	10	1	42	54
n04133789_197.JPEG	32	15	54	51
n04133789_198.JPEG	3	30	61	59
n04133789_199.JPEG	0	16	63	63
n04133789_200.JPEG	6	8	31	56
n04133789_201.JPEG	0	12	63	62
n04133789_202.JPEG	0	1	59	61
n04133789_203.JPEG	0	0	63	63
n04133789_204.JPEG	31	19	59	55
n04133789_205.JPEG	0	3	62	54
n04133789_206.JPEG	10	21	61	54
n04133789_207.JPEG	0	1	49	63
n04133789_208.JPEG	12	2	28	36
n04133789_209.JPEG	0	0	63	63
n04133789_210.JPEG	21	2	63	44
n04133789_211.JPEG	0	5	41	59
n04133789_212.JPEG	33	17	59	45
n04133789_213.JPEG	2	7	62	63
n04133789_214.JPEG	25	25	53	63
n04133789_215.JPEG	0	14	25	63
n04133789_216.JPEG	0	5	63	63
n04133789_217.JPEG	1	14	54	48
n04133789_218.JPEG	0	9	63	57
n04133789_219.JPEG	0	15	57	55
n04133789_220.JPEG	0	0	63	63
n04133789_221.JPEG	29	5	63	60
n04133789_222.JPEG	21	16	49	63
n04133789_223.JPEG	40	33	63	52
n04133789_224.JPEG	0	6	19	51
n04133789_225.JPEG	0	4	37	60
n04133789_226.JPEG	2	14	45	58
n04133789_227.JPEG	0	6	39	45
n04133789_228.JPEG	14	25	28	52
n04133789_229.JPEG	7	26	60	61
n04133789_230.JPEG	36	7	60	63
n04133789_231.JPEG	18	43	40	63
n04133789_232.JPEG	2	3	58	57
n04133789_233.JPEG	3	10	63	48
n04133789_234.JPEG	38	2	63	63
n04133789_235.JPEG	4	3	60	37
n04133789_236.JPEG	11	11	28	54
n04133789_237.JPEG	0	14	63	54
n04133789_238.JPEG	3	18	34	63
n04133789_239.JPEG	0	12	63	53
n04133789_240.JPEG	0	32	63	56
n04133789_241.JPEG	0	13	56	50
n04133789_242.JPEG	0	5	63	42
n04133789_243.JPEG	40	13	63	63
n04133789_244.JPEG	0	10	28	62
n04133789_245.JPEG	0	11	16	41
n04133789_246.JPEG	15	29	63	61
n04133789_247.JPEG	0	30	63	63
n04133789_248.JPEG	0	4	63	61
n04133789_249.JPEG	3	2	62	63
n04133789_250.JPEG	0	12	63	56
n04133789_251.JPEG	32	6	60	63
n04133789_252.JPEG	34	18	62	62
n04133789_253.JPEG	2	0	32	58
n04133789_254.JPEG	25	56	36	62
n04133789_255.JPEG	35	8	63	48
n04133789_256.JPEG	5	16	58	59
n04133789_257.JPEG	30	7	55	44
n04133789_258.JPEG	0	5	44	58
n04133789_259.JPEG	6	13	57	59
n04133789_260.JPEG	0	3	63	59
n04133789_261.JPEG	0	1	39	63
n04133789_262.JPEG	4	11	31	63
n04133789_263.JPEG	5	25	56	46
n04133789_264.JPEG	37	3	63	56
n04133789_265.JPEG	35	15	63	63
n04133789_266.JPEG	11	13	56	32
n04133789_267.JPEG	34	42	44	62
n04133789_268.JPEG	13	2	63	63
n04133789_269.JPEG	0	16	63	50
n04133789_270.JPEG	3	35	62	59
n04133789_271.JPEG	40	14	63	56
n04133789_272.JPEG	56	1	63	51
n04133789_273.JPEG	1	0	33	63
n04133789_274.JPEG	0	25	34	61
n04133789_275.JPEG	0	2	25	63
n04133789_276.JPEG	0	5	30	63
n04133789_277.JPEG	6	16	63	58
n04133789_278.JPEG	0	12	63	54
n04133789_279.JPEG	5	22	63	60
n04133789_280.JPEG	8	5	34	63
n04133789_281.JPEG	37	4	56	59
n04133789_282.JPEG	0	15	27	60
n04133789_283.JPEG	41	21	63	34
n04133789_284.JPEG	15	4	63	52
n04133789_285.JPEG	37	19	54	45
n04133789_286.JPEG	8	23	63	51
n04133789_287.JPEG	2	11	62	56
n04133789_288.JPEG	0	3	63	63
n04133789_289.JPEG	5	4	34	63
n04133789_290.JPEG	36	0	63	60
n04133789_291.JPEG	37	36	53	50
n04133789_292.JPEG	7	17	58	48
n04133789_293.JPEG	0	0	63	63
n04133789_294.JPEG	37	1	63	62
n04133789_295.JPEG	6	17	63	63
n04133789_296.JPEG	35	63	41	63
n04133789_297.JPEG	3	11	58	34
n04133789_298.JPEG	51	0	63	26
n04133789_299.JPEG	14	25	57	54
n04133789_300.JPEG	20	12	60	62
n04133789_301.JPEG	10	11	63	46
n04133789_302.JPEG	13	12	36	54
n04133789_303.JPEG	0	6	23	61
n04133789_304.JPEG	4	0	57	22
n04133789_305.JPEG	0	2	63	62
n04133789_306.JPEG	19	25	50	58
n04133789_307.JPEG	0	0	63	63
n04133789_308.JPEG	11	5	57	59
n04133789_309.JPEG	14	36	50	62
n04133789_310.JPEG	0	24	35	52
n04133789_311.JPEG	0	12	63	49
n04133789_312.JPEG	0	10	49	43
n04133789_313.JPEG	0	8	63	56
n04133789_314.JPEG	26	0	63	63
n04133789_315.JPEG	0	3	63	62
n04133789_316.JPEG	12	7	54	32
n04133789_317.JPEG	0	7	61	52
n04133789_318.JPEG	13	7	63	63
n04133789_319.JPEG	0	7	63	62
n04133789_320.JPEG	31	11	57	58
n04133789_321.JPEG	0	4	63	60
n04133789_322.JPEG	0	6	63	63
n04133789_323.JPEG	1	6	33	51
n04133789_324.JPEG	33	22	61	63
n04133789_325.JPEG	11	12	49	59
n04133789_326.JPEG	1	9	63	49
n04133789_327.JPEG	0	2	28	51
n04133789_328.JPEG	2	11	55	60
n04133789_329.JPEG	2	20	63	47
n04133789_330.JPEG	1	30	28	52
n04133789_331.JPEG	31	2	57	62
n04133789_332.JPEG	0	1	17	46
n04133789_333.JPEG	3	10	63	45
n04133789_334.JPEG	11	37	45	55
n04133789_335.JPEG	1	21	63	63
n04133789_336.JPEG	1	14	30	61
n04133789_337.JPEG	0	10	32	62
n04133789_338.JPEG	0	2	42	55
n04133789_339.JPEG	11	3	63	63
n04133789_340.JPEG	7	18	25	33
n04133789_341.JPEG	0	23	63	60
n04133789_342.JPEG	0	9	63	56
n04133789_343.JPEG	0	9	63	50
n04133789_344.JPEG	10	10	31	58
n04133789_345.JPEG	7	5	37	62
n04133789_346.JPEG	36	12	63	60
n04133789_347.JPEG	0	23	26	49
n04133789_348.JPEG	18	19	63	47
n04133789_349.JPEG	5	0	63	63
n04133789_350.JPEG	54	24	63	63
n04133789_351.JPEG	0	7	31	44
n04133789_352.JPEG	0	21	54	63
n04133789_353.JPEG	31	0	54	23
n04133789_354.JPEG	0	19	63	49
n04133789_355.JPEG	0	30	30	57
n04133789_356.JPEG	31	4	61	63
n04133789_357.JPEG	3	4	61	63
n04133789_358.JPEG	34	0	63	63
n04133789_359.JPEG	1	3	61	42
n04133789_360.JPEG	1	24	63	50
n04133789_361.JPEG	0	15	62	49
n04133789_362.JPEG	0	10	63	54
n04133789_363.JPEG	0	20	63	52
n04133789_364.JPEG	0	1	63	60
n04133789_365.JPEG	0	0	51	57
n04133789_366.JPEG	2	18	37	63
n04133789_367.JPEG	0	6	63	59
n04133789_368.JPEG	0	7	63	63
n04133789_369.JPEG	5	25	51	54
n04133789_370.JPEG	3	13	32	39
n04133789_371.JPEG	31	14	51	41
n04133789_372.JPEG	2	25	63	62
n04133789_373.JPEG	13	3	63	35
n04133789_374.JPEG	2	0	61	63
n04133789_375.JPEG	0	24	49	58
n04133789_376.JPEG	4	20	57	63
n04133789_377.JPEG	32	8	62	63
n04133789_378.JPEG	2	16	46	41
n04133789_379.JPEG	7	21	63	56
n04133789_380.JPEG	11	23	63	60
n04133789_381.JPEG	0	8	63	50
n04133789_382.JPEG	0	11	63	56
n04133789_383.JPEG	48	19	63	33
n04133789_384.JPEG	0	4	61	57
n04133789_385.JPEG	6	0	36	63
n04133789_386.JPEG	5	13	59	51
n04133789_387.JPEG	3	12	20	36
n04133789_388.JPEG	17	45	36	60
n04133789_389.JPEG	0	17	33	63
n04133789_390.JPEG	26	9	63	61
n04133789_391.JPEG	0	7	63	55
n04133789_392.JPEG	0	6	63	63
n04133789_393.JPEG	0	2	63	33
n04133789_394.JPEG	9	20	60	58
n04133789_395.JPEG	27	0	63	63
n04133789_396.JPEG	31	28	62	56
n04133789_397.JPEG	1	24	43	63
n04133789_398.JPEG	0	13	63	49
n04133789_399.JPEG	7	4	49	47
n04133789_400.JPEG	32	0	60	52
n04133789_401.JPEG	26	1	63	63
n04133789_402.JPEG	0	5	63	60
n04133789_403.JPEG	0	18	63	62
n04133789_404.JPEG	1	33	63	59
n04133789_405.JPEG	14	13	63	61
n04133789_406.JPEG	18	6	62	29
n04133789_407.JPEG	0	0	63	63
n04133789_408.JPEG	0	24	54	58
n04133789_409.JPEG	20	27	36	43
n04133789_410.JPEG	36	6	62	61
n04133789_411.JPEG	2	3	56	56
n04133789_412.JPEG	37	7	63	51
n04133789_413.JPEG	8	1	31	63
n04133789_414.JPEG	0	0	63	63
n04133789_415.JPEG	34	7	61	36
n04133789_416.JPEG	16	34	49	49
n04133789_417.JPEG	0	10	63	55
n04133789_418.JPEG	34	8	63	63
n04133789_419.JPEG	0	1	63	54
n04133789_420.JPEG	0	0	63	63
n04133789_421.JPEG	26	19	43	46
n04133789_422.JPEG	3	14	40	63
n04133789_423.JPEG	39	24	54	33
n04133789_424.JPEG	52	34	63	43
n04133789_425.JPEG	0	19	63	59
n04133789_426.JPEG	33	11	49	52
n04133789_427.JPEG	35	7	61	58
n04133789_428.JPEG	33	19	54	58
n04133789_429.JPEG	18	31	38	63
n04133789_430.JPEG	19	44	39	63
n04133789_431.JPEG	3	0	30	63
n04133789_432.JPEG	0	8	63	50
n04133789_433.JPEG	31	0	63	63
n04133789_434.JPEG	21	16	63	48
n04133789_435.JPEG	0	2	40	56
n04133789_436.JPEG	13	7	43	56
n04133789_437.JPEG	1	15	63	54
n04133789_438.JPEG	20	0	58	63
n04133789_439.JPEG	14	3	63	62
n04133789_440.JPEG	7	0	49	61
n04133789_441.JPEG	36	0	63	46
n04133789_442.JPEG	28	18	53	58
n04133789_443.JPEG	2	17	63	47
n04133789_444.JPEG	18	33	29	57
n04133789_445.JPEG	4	7	31	48
n04133789_446.JPEG	35	22	49	53
n04133789_447.JPEG	1	21	63	56
n04133789_448.JPEG	0	2	30	63
n04133789_449.JPEG	9	20	28	63
n04133789_450.JPEG	0	4	63	61
n04133789_451.JPEG	0	12	63	54
n04133789_452.JPEG	0	12	63	53
n04133789_453.JPEG	0	24	63	55
n04133789_454.JPEG	0	19	63	63
n04133789_455.JPEG	38	9	63	51
n04133789_456.JPEG	11	8	63	63
n04133789_457.JPEG	0	6	63	58
n04133789_458.JPEG	0	5	63	56
n04133789_459.JPEG	0	6	63	55
n04133789_460.JPEG	37	4	60	54
n04133789_461.JPEG	24	0	63	63
n04133789_462.JPEG	0	1	37	63
n04133789_463.JPEG	0	7	63	58
n04133789_464.JPEG	40	8	59	45
n04133789_465.JPEG	5	9	38	63
n04133789_466.JPEG	0	13	63	42
n04133789_467.JPEG	0	8	63	63
n04133789_468.JPEG	0	3	63	62
n04133789_469.JPEG	31	0	63	63
n04133789_470.JPEG	19	18	60	55
n04133789_471.JPEG	0	0	63	63
n04133789_472.JPEG	0	0	63	46
n04133789_473.JPEG	13	39	40	63
n04133789_474.JPEG	1	11	42	45
n04133789_475.JPEG	0	9	63	57
n04133789_476.JPEG	28	1	63	46
n04133789_477.JPEG	28	1	63	63
n04133789_478.JPEG	31	20	53	63
n04133789_479.JPEG	0	5	41	57
n04133789_480.JPEG	0	8	63	53
n04133789_481.JPEG	20	34	63	61
n04133789_482.JPEG	36	11	58	62
n04133789_483.JPEG	12	49	37	60
n04133789_484.JPEG	0	1	63	61
n04133789_485.JPEG	0	3	63	57
n04133789_486.JPEG	0	29	63	63
n04133789_487.JPEG	40	34	63	44
n04133789_488.JPEG	28	5	63	58
n04133789_489.JPEG	0	10	63	59
n04133789_490.JPEG	0	9	63	57
n04133789_491.JPEG	21	21	53	62
n04133789_492.JPEG	30	2	56	63
n04133789_493.JPEG	5	6	33	61
n04133789_494.JPEG	0	26	14	63
n04133789_495.JPEG	0	8	63	59
n04133789_496.JPEG	8	5	44	44
n04133789_497.JPEG	3	10	63	47
n04133789_498.JPEG	7	35	34	61
n04133789_499.JPEG	29	27	54	48
