n09332890_0.JPEG	0	23	63	63
n09332890_1.JPEG	0	12	63	24
n09332890_2.JPEG	0	49	40	63
n09332890_3.JPEG	1	17	63	63
n09332890_4.JPEG	17	21	63	63
n09332890_5.JPEG	0	2	60	63
n09332890_6.JPEG	0	32	63	53
n09332890_7.JPEG	0	25	63	46
n09332890_8.JPEG	6	23	63	61
n09332890_9.JPEG	0	30	63	63
n09332890_10.JPEG	13	37	63	63
n09332890_11.JPEG	0	38	0	63
n09332890_12.JPEG	0	18	63	24
n09332890_13.JPEG	1	34	63	63
n09332890_14.JPEG	5	28	59	61
n09332890_15.JPEG	0	35	63	38
n09332890_16.JPEG	0	58	63	63
n09332890_17.JPEG	0	49	63	63
n09332890_18.JPEG	0	24	59	58
n09332890_19.JPEG	0	26	27	38
n09332890_20.JPEG	12	39	63	48
n09332890_21.JPEG	0	27	63	63
n09332890_22.JPEG	0	16	60	18
n09332890_23.JPEG	0	23	63	63
n09332890_24.JPEG	9	5	63	63
n09332890_25.JPEG	0	22	63	63
n09332890_26.JPEG	0	1	63	63
n09332890_27.JPEG	0	30	63	40
n09332890_28.JPEG	0	30	63	42
n09332890_29.JPEG	0	0	63	63
n09332890_30.JPEG	0	10	63	20
n09332890_31.JPEG	0	16	63	63
n09332890_32.JPEG	0	0	63	63
n09332890_33.JPEG	0	18	63	45
n09332890_34.JPEG	0	14	63	63
n09332890_35.JPEG	0	1	63	41
n09332890_36.JPEG	0	1	63	63
n09332890_37.JPEG	0	23	63	63
n09332890_38.JPEG	0	40	63	62
n09332890_39.JPEG	0	33	63	63
n09332890_40.JPEG	1	0	63	14
n09332890_41.JPEG	0	0	63	63
n09332890_42.JPEG	0	35	63	63
n09332890_43.JPEG	0	1	63	17
n09332890_44.JPEG	0	0	63	63
n09332890_45.JPEG	0	52	63	63
n09332890_46.JPEG	0	0	63	63
n09332890_47.JPEG	0	49	63	63
n09332890_48.JPEG	0	34	63	39
n09332890_49.JPEG	46	41	63	54
n09332890_50.JPEG	0	37	63	58
n09332890_51.JPEG	27	50	63	63
n09332890_52.JPEG	0	0	63	63
n09332890_53.JPEG	0	17	63	44
n09332890_54.JPEG	0	34	63	63
n09332890_55.JPEG	0	0	63	63
n09332890_56.JPEG	0	28	63	38
n09332890_57.JPEG	0	22	63	54
n09332890_58.JPEG	0	35	63	63
n09332890_59.JPEG	0	57	63	63
n09332890_60.JPEG	0	18	63	63
n09332890_61.JPEG	0	36	36	63
n09332890_62.JPEG	4	32	63	37
n09332890_63.JPEG	25	21	63	53
n09332890_64.JPEG	0	0	63	63
n09332890_65.JPEG	0	44	42	55
n09332890_66.JPEG	14	30	44	33
n09332890_67.JPEG	0	0	63	43
n09332890_68.JPEG	0	0	63	63
n09332890_69.JPEG	10	21	63	26
n09332890_70.JPEG	0	29	0	35
n09332890_71.JPEG	0	34	63	63
n09332890_72.JPEG	0	27	63	59
n09332890_73.JPEG	0	29	63	34
n09332890_74.JPEG	0	0	63	63
n09332890_75.JPEG	0	31	63	63
n09332890_76.JPEG	0	1	63	48
n09332890_77.JPEG	0	19	63	63
n09332890_78.JPEG	0	29	63	63
n09332890_79.JPEG	0	0	63	48
n09332890_80.JPEG	0	38	63	63
n09332890_81.JPEG	1	36	63	44
n09332890_82.JPEG	20	3	63	63
n09332890_83.JPEG	3	26	63	63
n09332890_84.JPEG	0	48	63	53
n09332890_85.JPEG	0	9	63	63
n09332890_86.JPEG	0	54	63	59
n09332890_87.JPEG	0	32	63	63
n09332890_88.JPEG	0	42	63	49
n09332890_89.JPEG	0	21	63	63
n09332890_90.JPEG	0	2	63	31
n09332890_91.JPEG	0	41	63	63
n09332890_92.JPEG	0	16	63	63
n09332890_93.JPEG	0	1	63	63
n09332890_94.JPEG	54	34	63	36
n09332890_95.JPEG	63	21	63	35
n09332890_96.JPEG	0	10	63	33
n09332890_97.JPEG	0	0	63	63
n09332890_98.JPEG	0	25	63	30
n09332890_99.JPEG	15	62	63	63
n09332890_100.JPEG	3	13	63	20
n09332890_101.JPEG	0	30	63	35
n09332890_102.JPEG	0	46	26	63
n09332890_103.JPEG	0	37	63	46
n09332890_104.JPEG	0	42	63	63
n09332890_105.JPEG	0	33	63	63
n09332890_106.JPEG	0	1	63	63
n09332890_107.JPEG	0	8	63	52
n09332890_108.JPEG	0	33	63	63
n09332890_109.JPEG	1	0	55	63
n09332890_110.JPEG	0	0	63	63
n09332890_111.JPEG	0	30	63	63
n09332890_112.JPEG	0	0	63	63
n09332890_113.JPEG	0	14	63	61
n09332890_114.JPEG	0	30	63	60
n09332890_115.JPEG	0	1	63	63
n09332890_116.JPEG	0	35	52	42
n09332890_117.JPEG	0	3	63	63
n09332890_118.JPEG	0	27	63	63
n09332890_119.JPEG	0	1	63	63
n09332890_120.JPEG	0	0	63	30
n09332890_121.JPEG	0	34	63	38
n09332890_122.JPEG	0	42	63	49
n09332890_123.JPEG	0	49	63	51
n09332890_124.JPEG	16	27	63	63
n09332890_125.JPEG	0	1	63	63
n09332890_126.JPEG	0	0	63	63
n09332890_127.JPEG	0	20	63	35
n09332890_128.JPEG	24	33	63	38
n09332890_129.JPEG	0	36	63	63
n09332890_130.JPEG	0	17	63	32
n09332890_131.JPEG	0	16	63	42
n09332890_132.JPEG	0	24	45	36
n09332890_133.JPEG	0	38	40	48
n09332890_134.JPEG	15	47	63	63
n09332890_135.JPEG	0	25	63	63
n09332890_136.JPEG	0	44	63	63
n09332890_137.JPEG	0	0	63	60
n09332890_138.JPEG	0	0	63	63
n09332890_139.JPEG	0	8	63	29
n09332890_140.JPEG	0	13	63	18
n09332890_141.JPEG	0	45	63	63
n09332890_142.JPEG	0	24	63	63
n09332890_143.JPEG	0	24	63	63
n09332890_144.JPEG	31	29	63	45
n09332890_145.JPEG	0	11	63	54
n09332890_146.JPEG	8	12	63	63
n09332890_147.JPEG	18	19	63	26
n09332890_148.JPEG	0	1	63	63
n09332890_149.JPEG	0	37	63	63
n09332890_150.JPEG	0	0	63	63
n09332890_151.JPEG	0	1	63	63
n09332890_152.JPEG	2	9	63	63
n09332890_153.JPEG	36	30	63	57
n09332890_154.JPEG	0	24	63	63
n09332890_155.JPEG	0	30	55	54
n09332890_156.JPEG	0	32	63	63
n09332890_157.JPEG	0	0	63	63
n09332890_158.JPEG	56	49	63	63
n09332890_159.JPEG	0	18	63	27
n09332890_160.JPEG	0	49	63	61
n09332890_161.JPEG	0	0	63	63
n09332890_162.JPEG	0	30	63	46
n09332890_163.JPEG	18	32	63	63
n09332890_164.JPEG	0	26	63	33
n09332890_165.JPEG	0	38	63	45
n09332890_166.JPEG	0	36	63	63
n09332890_167.JPEG	0	47	63	63
n09332890_168.JPEG	0	0	63	63
n09332890_169.JPEG	0	1	43	39
n09332890_170.JPEG	23	4	63	63
n09332890_171.JPEG	1	0	63	15
n09332890_172.JPEG	0	1	63	63
n09332890_173.JPEG	0	37	63	63
n09332890_174.JPEG	0	44	63	63
n09332890_175.JPEG	0	46	63	63
n09332890_176.JPEG	0	34	63	63
n09332890_177.JPEG	28	2	63	59
n09332890_178.JPEG	21	39	63	63
n09332890_179.JPEG	0	16	33	20
n09332890_180.JPEG	0	35	53	48
n09332890_181.JPEG	0	49	63	63
n09332890_182.JPEG	42	46	63	63
n09332890_183.JPEG	0	0	63	38
n09332890_184.JPEG	0	55	60	58
n09332890_185.JPEG	0	1	63	63
n09332890_186.JPEG	24	0	63	3
n09332890_187.JPEG	0	11	63	23
n09332890_188.JPEG	0	33	63	63
n09332890_189.JPEG	0	19	63	24
n09332890_190.JPEG	0	36	63	44
n09332890_191.JPEG	0	0	63	63
n09332890_192.JPEG	0	45	63	63
n09332890_193.JPEG	0	2	63	63
n09332890_194.JPEG	0	23	63	30
n09332890_195.JPEG	0	20	63	63
n09332890_196.JPEG	0	15	63	26
n09332890_197.JPEG	0	1	63	63
n09332890_198.JPEG	0	41	63	63
n09332890_199.JPEG	0	1	63	63
n09332890_200.JPEG	0	0	63	28
n09332890_201.JPEG	0	18	63	31
n09332890_202.JPEG	0	0	63	41
n09332890_203.JPEG	0	31	63	63
n09332890_204.JPEG	0	1	63	63
n09332890_205.JPEG	0	39	63	61
n09332890_206.JPEG	0	32	63	39
n09332890_207.JPEG	0	40	63	63
n09332890_208.JPEG	0	32	63	63
n09332890_209.JPEG	0	0	63	63
n09332890_210.JPEG	0	32	58	63
n09332890_211.JPEG	0	37	63	63
n09332890_212.JPEG	0	19	63	63
n09332890_213.JPEG	0	29	63	41
n09332890_214.JPEG	24	28	63	63
n09332890_215.JPEG	0	8	63	18
n09332890_216.JPEG	0	0	63	63
n09332890_217.JPEG	0	32	30	55
n09332890_218.JPEG	0	9	63	48
n09332890_219.JPEG	1	34	63	63
n09332890_220.JPEG	0	31	63	63
n09332890_221.JPEG	9	36	63	48
n09332890_222.JPEG	0	46	63	63
n09332890_223.JPEG	0	34	63	45
n09332890_224.JPEG	0	28	63	40
n09332890_225.JPEG	0	26	63	63
n09332890_226.JPEG	0	14	63	63
n09332890_227.JPEG	1	36	63	47
n09332890_228.JPEG	0	18	63	20
n09332890_229.JPEG	0	23	0	27
n09332890_230.JPEG	0	1	63	63
n09332890_231.JPEG	0	26	63	63
n09332890_232.JPEG	0	29	63	63
n09332890_233.JPEG	0	36	63	63
n09332890_234.JPEG	0	33	63	40
n09332890_235.JPEG	0	0	63	63
n09332890_236.JPEG	25	38	50	42
n09332890_237.JPEG	0	39	49	63
n09332890_238.JPEG	0	36	46	63
n09332890_239.JPEG	0	35	63	63
n09332890_240.JPEG	0	52	63	63
n09332890_241.JPEG	0	37	63	63
n09332890_242.JPEG	40	29	63	63
n09332890_243.JPEG	0	0	63	63
n09332890_244.JPEG	0	25	63	63
n09332890_245.JPEG	0	0	63	63
n09332890_246.JPEG	0	22	63	48
n09332890_247.JPEG	0	20	63	41
n09332890_248.JPEG	49	30	63	63
n09332890_249.JPEG	0	37	62	63
n09332890_250.JPEG	61	50	63	56
n09332890_251.JPEG	0	15	63	63
n09332890_252.JPEG	0	24	63	63
n09332890_253.JPEG	0	7	63	50
n09332890_254.JPEG	0	1	63	53
n09332890_255.JPEG	0	15	46	63
n09332890_256.JPEG	0	49	63	63
n09332890_257.JPEG	0	0	63	63
n09332890_258.JPEG	0	1	63	63
n09332890_259.JPEG	0	25	63	37
n09332890_260.JPEG	0	0	63	37
n09332890_261.JPEG	0	10	63	63
n09332890_262.JPEG	0	53	63	63
n09332890_263.JPEG	26	23	63	63
n09332890_264.JPEG	0	35	63	63
n09332890_265.JPEG	0	13	63	47
n09332890_266.JPEG	0	35	63	38
n09332890_267.JPEG	0	4	63	60
n09332890_268.JPEG	0	42	63	63
n09332890_269.JPEG	0	1	63	59
n09332890_270.JPEG	0	36	63	39
n09332890_271.JPEG	0	47	63	60
n09332890_272.JPEG	0	0	63	63
n09332890_273.JPEG	0	36	63	63
n09332890_274.JPEG	0	9	63	63
n09332890_275.JPEG	0	1	63	63
n09332890_276.JPEG	1	31	41	63
n09332890_277.JPEG	0	29	63	38
n09332890_278.JPEG	0	22	48	63
n09332890_279.JPEG	0	18	63	42
n09332890_280.JPEG	0	35	63	63
n09332890_281.JPEG	0	35	63	63
n09332890_282.JPEG	0	37	63	62
n09332890_283.JPEG	0	14	63	63
n09332890_284.JPEG	0	1	63	63
n09332890_285.JPEG	0	1	63	28
n09332890_286.JPEG	0	0	63	63
n09332890_287.JPEG	0	37	63	63
n09332890_288.JPEG	0	50	63	63
n09332890_289.JPEG	10	40	63	54
n09332890_290.JPEG	0	6	63	17
n09332890_291.JPEG	0	25	63	36
n09332890_292.JPEG	15	1	63	63
n09332890_293.JPEG	0	30	63	63
n09332890_294.JPEG	0	8	63	63
n09332890_295.JPEG	0	0	63	63
n09332890_296.JPEG	0	32	63	42
n09332890_297.JPEG	1	22	63	63
n09332890_298.JPEG	0	1	63	63
n09332890_299.JPEG	33	47	63	51
n09332890_300.JPEG	0	37	63	63
n09332890_301.JPEG	0	44	63	53
n09332890_302.JPEG	0	1	63	63
n09332890_303.JPEG	1	22	61	63
n09332890_304.JPEG	0	27	63	63
n09332890_305.JPEG	0	43	63	63
n09332890_306.JPEG	0	1	63	63
n09332890_307.JPEG	0	34	63	63
n09332890_308.JPEG	0	19	63	63
n09332890_309.JPEG	0	47	63	63
n09332890_310.JPEG	0	0	21	45
n09332890_311.JPEG	34	33	63	38
n09332890_312.JPEG	0	18	63	40
n09332890_313.JPEG	0	30	63	63
n09332890_314.JPEG	0	37	63	63
n09332890_315.JPEG	0	1	63	63
n09332890_316.JPEG	0	29	45	63
n09332890_317.JPEG	0	24	63	63
n09332890_318.JPEG	0	26	0	32
n09332890_319.JPEG	0	4	63	10
n09332890_320.JPEG	0	0	63	63
n09332890_321.JPEG	0	44	63	63
n09332890_322.JPEG	0	6	63	18
n09332890_323.JPEG	0	0	63	27
n09332890_324.JPEG	0	36	63	63
n09332890_325.JPEG	0	5	63	23
n09332890_326.JPEG	0	25	63	50
n09332890_327.JPEG	0	5	63	63
n09332890_328.JPEG	0	29	51	63
n09332890_329.JPEG	0	21	63	63
n09332890_330.JPEG	0	21	63	33
n09332890_331.JPEG	0	54	63	63
n09332890_332.JPEG	0	50	63	63
n09332890_333.JPEG	0	16	63	63
n09332890_334.JPEG	0	0	63	44
n09332890_335.JPEG	0	0	63	63
n09332890_336.JPEG	49	24	63	33
n09332890_337.JPEG	0	16	63	30
n09332890_338.JPEG	1	42	63	58
n09332890_339.JPEG	0	36	63	63
n09332890_340.JPEG	0	0	63	63
n09332890_341.JPEG	0	30	63	50
n09332890_342.JPEG	0	28	63	42
n09332890_343.JPEG	33	38	63	42
n09332890_344.JPEG	0	27	63	63
n09332890_345.JPEG	0	26	36	36
n09332890_346.JPEG	0	41	63	63
n09332890_347.JPEG	0	36	63	63
n09332890_348.JPEG	13	38	63	63
n09332890_349.JPEG	0	4	63	60
n09332890_350.JPEG	0	30	63	63
n09332890_351.JPEG	0	12	63	42
n09332890_352.JPEG	0	29	63	37
n09332890_353.JPEG	0	0	63	63
n09332890_354.JPEG	0	35	63	63
n09332890_355.JPEG	0	44	63	53
n09332890_356.JPEG	0	24	36	63
n09332890_357.JPEG	0	29	63	44
n09332890_358.JPEG	0	24	39	28
n09332890_359.JPEG	0	29	63	63
n09332890_360.JPEG	0	0	63	63
n09332890_361.JPEG	0	51	52	63
n09332890_362.JPEG	0	0	63	31
n09332890_363.JPEG	1	0	63	63
n09332890_364.JPEG	0	1	63	30
n09332890_365.JPEG	0	12	63	63
n09332890_366.JPEG	0	13	63	62
n09332890_367.JPEG	0	41	63	63
n09332890_368.JPEG	26	31	63	63
n09332890_369.JPEG	0	19	63	31
n09332890_370.JPEG	0	30	63	63
n09332890_371.JPEG	1	0	46	56
n09332890_372.JPEG	0	13	63	63
n09332890_373.JPEG	0	0	63	63
n09332890_374.JPEG	0	1	63	33
n09332890_375.JPEG	0	22	63	63
n09332890_376.JPEG	0	1	63	50
n09332890_377.JPEG	0	28	63	31
n09332890_378.JPEG	48	26	63	41
n09332890_379.JPEG	0	8	63	63
n09332890_380.JPEG	0	35	63	58
n09332890_381.JPEG	0	0	63	63
n09332890_382.JPEG	0	39	63	63
n09332890_383.JPEG	0	56	63	63
n09332890_384.JPEG	0	50	63	63
n09332890_385.JPEG	0	0	63	63
n09332890_386.JPEG	14	41	63	63
n09332890_387.JPEG	0	23	63	27
n09332890_388.JPEG	0	25	63	63
n09332890_389.JPEG	0	27	63	33
n09332890_390.JPEG	0	24	63	51
n09332890_391.JPEG	0	46	63	63
n09332890_392.JPEG	0	1	63	53
n09332890_393.JPEG	0	41	63	63
n09332890_394.JPEG	0	53	63	63
n09332890_395.JPEG	0	34	63	63
n09332890_396.JPEG	0	40	63	63
n09332890_397.JPEG	0	46	63	63
n09332890_398.JPEG	0	0	61	63
n09332890_399.JPEG	0	7	63	63
n09332890_400.JPEG	0	41	63	63
n09332890_401.JPEG	0	32	63	63
n09332890_402.JPEG	0	15	38	20
n09332890_403.JPEG	0	46	63	59
n09332890_404.JPEG	0	30	63	63
n09332890_405.JPEG	0	0	63	63
n09332890_406.JPEG	0	2	63	47
n09332890_407.JPEG	0	30	63	42
n09332890_408.JPEG	0	0	63	63
n09332890_409.JPEG	0	10	63	63
n09332890_410.JPEG	0	43	63	63
n09332890_411.JPEG	0	25	63	63
n09332890_412.JPEG	0	19	63	27
n09332890_413.JPEG	0	40	63	63
n09332890_414.JPEG	0	42	63	63
n09332890_415.JPEG	0	47	63	63
n09332890_416.JPEG	1	7	63	41
n09332890_417.JPEG	0	44	63	55
n09332890_418.JPEG	0	26	63	63
n09332890_419.JPEG	0	26	63	63
n09332890_420.JPEG	0	0	63	63
n09332890_421.JPEG	0	0	63	63
n09332890_422.JPEG	1	11	63	63
n09332890_423.JPEG	0	31	63	43
n09332890_424.JPEG	0	17	63	63
n09332890_425.JPEG	0	34	63	63
n09332890_426.JPEG	0	24	63	35
n09332890_427.JPEG	0	12	63	61
n09332890_428.JPEG	60	33	63	63
n09332890_429.JPEG	0	47	63	63
n09332890_430.JPEG	24	36	63	63
n09332890_431.JPEG	0	13	63	63
n09332890_432.JPEG	0	1	63	46
n09332890_433.JPEG	1	0	63	47
n09332890_434.JPEG	41	33	63	61
n09332890_435.JPEG	0	11	63	37
n09332890_436.JPEG	0	53	63	63
n09332890_437.JPEG	0	40	63	63
n09332890_438.JPEG	0	43	63	60
n09332890_439.JPEG	0	42	53	63
n09332890_440.JPEG	0	0	63	63
n09332890_441.JPEG	0	12	63	54
n09332890_442.JPEG	0	28	63	63
n09332890_443.JPEG	0	6	63	63
n09332890_444.JPEG	0	45	63	63
n09332890_445.JPEG	0	16	0	30
n09332890_446.JPEG	0	0	63	63
n09332890_447.JPEG	0	53	63	63
n09332890_448.JPEG	0	43	63	49
n09332890_449.JPEG	34	26	63	34
n09332890_450.JPEG	0	23	63	32
n09332890_451.JPEG	0	32	63	63
n09332890_452.JPEG	0	37	63	63
n09332890_453.JPEG	0	28	63	63
n09332890_454.JPEG	0	20	46	32
n09332890_455.JPEG	0	35	63	63
n09332890_456.JPEG	1	35	63	63
n09332890_457.JPEG	0	49	63	63
n09332890_458.JPEG	0	29	63	37
n09332890_459.JPEG	0	29	40	40
n09332890_460.JPEG	0	40	52	47
n09332890_461.JPEG	0	38	63	63
n09332890_462.JPEG	0	14	63	63
n09332890_463.JPEG	0	39	42	63
n09332890_464.JPEG	0	49	63	63
n09332890_465.JPEG	0	26	63	63
n09332890_466.JPEG	0	25	63	52
n09332890_467.JPEG	0	1	63	63
n09332890_468.JPEG	0	43	5	63
n09332890_469.JPEG	0	53	63	63
n09332890_470.JPEG	10	47	32	63
n09332890_471.JPEG	15	14	63	44
n09332890_472.JPEG	0	25	63	63
n09332890_473.JPEG	0	12	63	63
n09332890_474.JPEG	0	9	63	39
n09332890_475.JPEG	0	1	63	14
n09332890_476.JPEG	0	52	63	63
n09332890_477.JPEG	0	6	63	63
n09332890_478.JPEG	0	6	63	49
n09332890_479.JPEG	0	0	63	63
n09332890_480.JPEG	32	27	63	34
n09332890_481.JPEG	0	35	63	63
n09332890_482.JPEG	0	0	63	63
n09332890_483.JPEG	47	54	63	58
n09332890_484.JPEG	0	27	63	63
n09332890_485.JPEG	0	13	63	63
n09332890_486.JPEG	0	31	63	63
n09332890_487.JPEG	39	37	63	63
n09332890_488.JPEG	0	38	63	46
n09332890_489.JPEG	0	41	63	48
n09332890_490.JPEG	1	24	63	63
n09332890_491.JPEG	0	17	63	63
n09332890_492.JPEG	0	0	63	63
n09332890_493.JPEG	0	10	63	63
n09332890_494.JPEG	0	39	63	63
n09332890_495.JPEG	0	33	63	63
n09332890_496.JPEG	0	34	30	40
n09332890_497.JPEG	0	30	63	63
n09332890_498.JPEG	0	33	59	63
n09332890_499.JPEG	24	17	63	44
