n04486054_0.JPEG	12	12	47	47
n04486054_1.JPEG	2	3	48	46
n04486054_2.JPEG	1	0	63	54
n04486054_3.JPEG	0	6	63	63
n04486054_4.JPEG	0	8	63	63
n04486054_5.JPEG	14	10	51	47
n04486054_6.JPEG	0	6	63	63
n04486054_7.JPEG	11	13	58	51
n04486054_8.JPEG	9	0	63	63
n04486054_9.JPEG	0	3	45	56
n04486054_10.JPEG	5	3	63	63
n04486054_11.JPEG	0	4	45	49
n04486054_12.JPEG	20	20	42	51
n04486054_13.JPEG	1	0	63	63
n04486054_14.JPEG	0	0	63	63
n04486054_15.JPEG	0	1	63	63
n04486054_16.JPEG	3	28	61	63
n04486054_17.JPEG	10	0	57	59
n04486054_18.JPEG	0	0	63	63
n04486054_19.JPEG	0	1	63	63
n04486054_20.JPEG	0	6	49	62
n04486054_21.JPEG	17	10	47	46
n04486054_22.JPEG	19	32	54	62
n04486054_23.JPEG	3	8	58	59
n04486054_24.JPEG	22	20	46	44
n04486054_25.JPEG	20	12	63	63
n04486054_26.JPEG	25	23	41	47
n04486054_27.JPEG	14	6	57	53
n04486054_28.JPEG	21	32	44	63
n04486054_29.JPEG	0	8	36	52
n04486054_30.JPEG	0	0	63	63
n04486054_31.JPEG	0	0	63	63
n04486054_32.JPEG	10	6	52	48
n04486054_33.JPEG	0	4	63	61
n04486054_34.JPEG	0	13	63	63
n04486054_35.JPEG	18	21	39	63
n04486054_36.JPEG	1	0	56	49
n04486054_37.JPEG	11	10	55	63
n04486054_38.JPEG	0	2	63	42
n04486054_39.JPEG	25	19	45	50
n04486054_40.JPEG	0	24	22	47
n04486054_41.JPEG	12	9	57	56
n04486054_42.JPEG	0	0	63	63
n04486054_43.JPEG	0	1	63	57
n04486054_44.JPEG	6	28	22	60
n04486054_45.JPEG	0	10	16	38
n04486054_46.JPEG	0	3	63	63
n04486054_47.JPEG	8	1	61	63
n04486054_48.JPEG	0	1	63	60
n04486054_49.JPEG	5	0	60	63
n04486054_50.JPEG	12	3	56	53
n04486054_51.JPEG	0	0	63	60
n04486054_52.JPEG	0	1	63	63
n04486054_53.JPEG	11	1	48	63
n04486054_54.JPEG	14	15	47	51
n04486054_55.JPEG	5	5	53	50
n04486054_56.JPEG	19	31	49	63
n04486054_57.JPEG	9	9	52	54
n04486054_58.JPEG	6	6	62	57
n04486054_59.JPEG	0	11	63	54
n04486054_60.JPEG	4	0	61	63
n04486054_61.JPEG	0	18	48	63
n04486054_62.JPEG	19	11	45	51
n04486054_63.JPEG	0	5	50	63
n04486054_64.JPEG	1	9	63	63
n04486054_65.JPEG	20	30	39	63
n04486054_66.JPEG	0	19	59	39
n04486054_67.JPEG	14	8	50	43
n04486054_68.JPEG	1	5	63	63
n04486054_69.JPEG	14	15	47	47
n04486054_70.JPEG	9	22	43	55
n04486054_71.JPEG	21	30	45	56
n04486054_72.JPEG	0	3	57	63
n04486054_73.JPEG	4	1	58	51
n04486054_74.JPEG	0	17	63	48
n04486054_75.JPEG	0	5	63	63
n04486054_76.JPEG	8	0	55	34
n04486054_77.JPEG	5	3	59	54
n04486054_78.JPEG	4	0	55	43
n04486054_79.JPEG	8	9	61	58
n04486054_80.JPEG	1	0	63	58
n04486054_81.JPEG	8	0	54	63
n04486054_82.JPEG	14	0	63	63
n04486054_83.JPEG	0	0	63	63
n04486054_84.JPEG	20	6	47	35
n04486054_85.JPEG	4	8	60	63
n04486054_86.JPEG	0	5	63	63
n04486054_87.JPEG	2	1	63	55
n04486054_88.JPEG	2	1	62	52
n04486054_89.JPEG	25	23	40	48
n04486054_90.JPEG	0	5	63	63
n04486054_91.JPEG	31	3	59	32
n04486054_92.JPEG	0	9	63	63
n04486054_93.JPEG	29	34	39	47
n04486054_94.JPEG	13	7	54	55
n04486054_95.JPEG	1	0	63	63
n04486054_96.JPEG	0	7	63	56
n04486054_97.JPEG	16	21	44	50
n04486054_98.JPEG	0	4	63	61
n04486054_99.JPEG	0	16	20	50
n04486054_100.JPEG	6	1	54	62
n04486054_101.JPEG	10	11	55	56
n04486054_102.JPEG	0	14	63	63
n04486054_103.JPEG	0	5	63	63
n04486054_104.JPEG	0	5	63	63
n04486054_105.JPEG	12	2	51	37
n04486054_106.JPEG	8	3	59	56
n04486054_107.JPEG	16	9	55	45
n04486054_108.JPEG	0	22	16	46
n04486054_109.JPEG	0	12	63	63
n04486054_110.JPEG	13	2	55	61
n04486054_111.JPEG	0	4	44	63
n04486054_112.JPEG	10	6	62	59
n04486054_113.JPEG	0	13	61	45
n04486054_114.JPEG	3	2	61	63
n04486054_115.JPEG	18	0	57	46
n04486054_116.JPEG	0	0	63	63
n04486054_117.JPEG	0	7	63	63
n04486054_118.JPEG	17	21	48	60
n04486054_119.JPEG	5	0	34	59
n04486054_120.JPEG	1	0	63	50
n04486054_121.JPEG	25	34	41	62
n04486054_122.JPEG	7	15	44	63
n04486054_123.JPEG	8	12	62	62
n04486054_124.JPEG	27	23	47	63
n04486054_125.JPEG	2	5	60	63
n04486054_126.JPEG	17	32	46	56
n04486054_127.JPEG	5	2	60	60
n04486054_128.JPEG	10	1	52	44
n04486054_129.JPEG	11	5	55	49
n04486054_130.JPEG	0	0	63	63
n04486054_131.JPEG	0	12	59	61
n04486054_132.JPEG	0	0	63	63
n04486054_133.JPEG	0	0	63	61
n04486054_134.JPEG	0	8	63	44
n04486054_135.JPEG	0	0	63	63
n04486054_136.JPEG	0	2	63	52
n04486054_137.JPEG	24	36	41	60
n04486054_138.JPEG	5	8	52	63
n04486054_139.JPEG	32	33	47	57
n04486054_140.JPEG	19	18	48	51
n04486054_141.JPEG	3	0	63	61
n04486054_142.JPEG	1	4	62	58
n04486054_143.JPEG	9	0	54	63
n04486054_144.JPEG	1	0	63	63
n04486054_145.JPEG	5	2	58	55
n04486054_146.JPEG	1	0	63	63
n04486054_147.JPEG	11	15	45	49
n04486054_148.JPEG	0	0	63	63
n04486054_149.JPEG	0	8	63	60
n04486054_150.JPEG	3	2	63	63
n04486054_151.JPEG	29	29	43	55
n04486054_152.JPEG	24	26	43	55
n04486054_153.JPEG	25	20	56	51
n04486054_154.JPEG	1	0	63	63
n04486054_155.JPEG	8	14	63	45
n04486054_156.JPEG	0	1	41	50
n04486054_157.JPEG	16	37	38	63
n04486054_158.JPEG	17	13	56	55
n04486054_159.JPEG	17	8	48	46
n04486054_160.JPEG	18	18	43	63
n04486054_161.JPEG	13	5	48	45
n04486054_162.JPEG	0	1	62	60
n04486054_163.JPEG	24	4	45	53
n04486054_164.JPEG	0	4	63	63
n04486054_165.JPEG	6	9	61	51
n04486054_166.JPEG	17	25	46	60
n04486054_167.JPEG	8	7	57	60
n04486054_168.JPEG	0	0	63	63
n04486054_169.JPEG	7	0	63	63
n04486054_170.JPEG	4	8	62	56
n04486054_171.JPEG	2	0	62	63
n04486054_172.JPEG	7	7	53	53
n04486054_173.JPEG	3	0	63	60
n04486054_174.JPEG	14	5	56	59
n04486054_175.JPEG	16	4	63	62
n04486054_176.JPEG	0	2	63	62
n04486054_177.JPEG	8	29	20	51
n04486054_178.JPEG	33	3	63	53
n04486054_179.JPEG	1	1	59	57
n04486054_180.JPEG	19	16	56	52
n04486054_181.JPEG	15	1	63	63
n04486054_182.JPEG	5	5	63	62
n04486054_183.JPEG	0	0	63	63
n04486054_184.JPEG	26	21	44	39
n04486054_185.JPEG	27	20	59	49
n04486054_186.JPEG	15	35	37	60
n04486054_187.JPEG	0	1	63	63
n04486054_188.JPEG	19	15	48	39
n04486054_189.JPEG	18	4	58	44
n04486054_190.JPEG	4	1	59	61
n04486054_191.JPEG	1	1	63	63
n04486054_192.JPEG	10	0	59	50
n04486054_193.JPEG	4	11	61	63
n04486054_194.JPEG	0	2	63	61
n04486054_195.JPEG	8	0	59	63
n04486054_196.JPEG	1	30	51	50
n04486054_197.JPEG	8	7	58	55
n04486054_198.JPEG	17	19	48	49
n04486054_199.JPEG	9	0	59	61
n04486054_200.JPEG	0	0	58	63
n04486054_201.JPEG	29	19	45	44
n04486054_202.JPEG	5	7	63	61
n04486054_203.JPEG	6	6	58	62
n04486054_204.JPEG	11	32	40	60
n04486054_205.JPEG	0	0	63	63
n04486054_206.JPEG	0	2	63	63
n04486054_207.JPEG	1	0	63	40
n04486054_208.JPEG	0	0	31	39
n04486054_209.JPEG	0	9	62	58
n04486054_210.JPEG	8	3	61	50
n04486054_211.JPEG	16	21	40	40
n04486054_212.JPEG	0	11	63	54
n04486054_213.JPEG	0	0	63	63
n04486054_214.JPEG	10	46	38	63
n04486054_215.JPEG	0	1	62	63
n04486054_216.JPEG	11	12	40	46
n04486054_217.JPEG	9	0	61	63
n04486054_218.JPEG	24	9	63	51
n04486054_219.JPEG	0	5	63	54
n04486054_220.JPEG	23	23	41	47
n04486054_221.JPEG	0	2	50	59
n04486054_222.JPEG	8	11	48	58
n04486054_223.JPEG	18	24	62	63
n04486054_224.JPEG	5	0	63	63
n04486054_225.JPEG	0	0	63	63
n04486054_226.JPEG	0	0	63	63
n04486054_227.JPEG	6	4	63	63
n04486054_228.JPEG	18	21	39	56
n04486054_229.JPEG	0	3	63	63
n04486054_230.JPEG	0	6	63	63
n04486054_231.JPEG	5	5	55	58
n04486054_232.JPEG	15	5	52	41
n04486054_233.JPEG	0	0	63	63
n04486054_234.JPEG	18	24	45	58
n04486054_235.JPEG	1	8	63	60
n04486054_236.JPEG	3	5	35	25
n04486054_237.JPEG	15	0	63	47
n04486054_238.JPEG	27	13	63	57
n04486054_239.JPEG	16	5	50	50
n04486054_240.JPEG	3	6	53	55
n04486054_241.JPEG	15	10	51	48
n04486054_242.JPEG	15	20	43	63
n04486054_243.JPEG	0	10	55	63
n04486054_244.JPEG	15	26	28	51
n04486054_245.JPEG	6	0	60	59
n04486054_246.JPEG	24	33	40	55
n04486054_247.JPEG	0	0	63	63
n04486054_248.JPEG	25	28	47	47
n04486054_249.JPEG	0	1	63	63
n04486054_250.JPEG	1	0	63	63
n04486054_251.JPEG	9	0	55	62
n04486054_252.JPEG	0	0	63	63
n04486054_253.JPEG	12	27	55	60
n04486054_254.JPEG	4	4	63	63
n04486054_255.JPEG	15	13	50	51
n04486054_256.JPEG	9	9	60	53
n04486054_257.JPEG	8	6	62	62
n04486054_258.JPEG	17	6	53	44
n04486054_259.JPEG	15	0	43	59
n04486054_260.JPEG	8	6	60	57
n04486054_261.JPEG	3	23	63	63
n04486054_262.JPEG	7	4	57	52
n04486054_263.JPEG	0	0	63	51
n04486054_264.JPEG	3	0	63	58
n04486054_265.JPEG	18	1	47	59
n04486054_266.JPEG	0	0	63	62
n04486054_267.JPEG	16	24	32	34
n04486054_268.JPEG	5	0	63	56
n04486054_269.JPEG	0	10	63	63
n04486054_270.JPEG	15	18	46	63
n04486054_271.JPEG	11	10	56	47
n04486054_272.JPEG	0	1	63	63
n04486054_273.JPEG	33	31	63	62
n04486054_274.JPEG	8	1	60	55
n04486054_275.JPEG	11	4	55	50
n04486054_276.JPEG	0	1	63	63
n04486054_277.JPEG	5	24	63	61
n04486054_278.JPEG	0	9	63	63
n04486054_279.JPEG	5	0	51	52
n04486054_280.JPEG	0	1	63	63
n04486054_281.JPEG	20	6	63	61
n04486054_282.JPEG	0	0	63	63
n04486054_283.JPEG	16	10	51	48
n04486054_284.JPEG	20	5	48	30
n04486054_285.JPEG	4	7	55	51
n04486054_286.JPEG	9	5	50	45
n04486054_287.JPEG	11	7	62	57
n04486054_288.JPEG	1	0	62	63
n04486054_289.JPEG	2	10	63	55
n04486054_290.JPEG	13	16	52	63
n04486054_291.JPEG	25	20	46	56
n04486054_292.JPEG	8	1	61	56
n04486054_293.JPEG	29	34	37	43
n04486054_294.JPEG	3	11	56	59
n04486054_295.JPEG	7	7	57	60
n04486054_296.JPEG	6	6	63	63
n04486054_297.JPEG	5	3	63	60
n04486054_298.JPEG	0	3	63	63
n04486054_299.JPEG	0	0	63	63
n04486054_300.JPEG	0	5	63	63
n04486054_301.JPEG	11	4	52	50
n04486054_302.JPEG	0	0	63	53
n04486054_303.JPEG	18	13	46	35
n04486054_304.JPEG	6	12	47	62
n04486054_305.JPEG	52	1	63	60
n04486054_306.JPEG	0	4	63	62
n04486054_307.JPEG	7	0	58	55
n04486054_308.JPEG	27	20	49	63
n04486054_309.JPEG	18	30	38	63
n04486054_310.JPEG	5	4	57	63
n04486054_311.JPEG	5	11	60	63
n04486054_312.JPEG	0	1	63	63
n04486054_313.JPEG	5	29	54	63
n04486054_314.JPEG	3	3	63	63
n04486054_315.JPEG	0	3	63	63
n04486054_316.JPEG	0	12	47	47
n04486054_317.JPEG	15	8	60	50
n04486054_318.JPEG	7	0	50	63
n04486054_319.JPEG	0	4	63	63
n04486054_320.JPEG	12	0	49	53
n04486054_321.JPEG	6	12	59	61
n04486054_322.JPEG	0	0	63	63
n04486054_323.JPEG	4	3	59	55
n04486054_324.JPEG	12	6	63	52
n04486054_325.JPEG	0	7	63	63
n04486054_326.JPEG	0	14	62	54
n04486054_327.JPEG	14	30	41	63
n04486054_328.JPEG	0	7	63	53
n04486054_329.JPEG	1	13	48	54
n04486054_330.JPEG	3	1	62	61
n04486054_331.JPEG	9	16	47	62
n04486054_332.JPEG	16	2	55	49
n04486054_333.JPEG	7	5	56	61
n04486054_334.JPEG	0	2	63	62
n04486054_335.JPEG	14	11	57	57
n04486054_336.JPEG	4	2	58	54
n04486054_337.JPEG	0	0	63	63
n04486054_338.JPEG	5	2	63	63
n04486054_339.JPEG	2	1	59	54
n04486054_340.JPEG	0	1	63	63
n04486054_341.JPEG	0	12	63	63
n04486054_342.JPEG	6	0	63	43
n04486054_343.JPEG	21	14	34	26
n04486054_344.JPEG	0	0	63	63
n04486054_345.JPEG	9	12	52	49
n04486054_346.JPEG	0	3	26	32
n04486054_347.JPEG	0	0	44	60
n04486054_348.JPEG	19	5	46	46
n04486054_349.JPEG	8	17	53	63
n04486054_350.JPEG	20	17	59	49
n04486054_351.JPEG	0	0	63	53
n04486054_352.JPEG	22	16	45	47
n04486054_353.JPEG	0	0	63	63
n04486054_354.JPEG	23	1	63	47
n04486054_355.JPEG	13	25	30	63
n04486054_356.JPEG	6	5	48	46
n04486054_357.JPEG	1	0	61	60
n04486054_358.JPEG	14	23	42	57
n04486054_359.JPEG	9	8	60	48
n04486054_360.JPEG	22	12	55	56
n04486054_361.JPEG	0	0	63	63
n04486054_362.JPEG	0	0	63	63
n04486054_363.JPEG	2	16	35	44
n04486054_364.JPEG	0	1	63	62
n04486054_365.JPEG	0	0	63	63
n04486054_366.JPEG	3	3	61	55
n04486054_367.JPEG	1	0	63	63
n04486054_368.JPEG	12	0	59	63
n04486054_369.JPEG	5	1	56	61
n04486054_370.JPEG	13	0	63	59
n04486054_371.JPEG	0	0	42	44
n04486054_372.JPEG	0	3	42	55
n04486054_373.JPEG	16	13	49	48
n04486054_374.JPEG	4	3	50	54
n04486054_375.JPEG	18	6	54	49
n04486054_376.JPEG	10	3	53	45
n04486054_377.JPEG	19	26	47	63
n04486054_378.JPEG	20	10	44	47
n04486054_379.JPEG	2	2	62	62
n04486054_380.JPEG	7	2	63	63
n04486054_381.JPEG	26	32	45	60
n04486054_382.JPEG	0	0	63	63
n04486054_383.JPEG	2	7	57	52
n04486054_384.JPEG	13	13	56	63
n04486054_385.JPEG	0	0	63	63
n04486054_386.JPEG	15	23	32	61
n04486054_387.JPEG	0	0	63	63
n04486054_388.JPEG	0	6	56	63
n04486054_389.JPEG	0	1	63	63
n04486054_390.JPEG	27	14	52	36
n04486054_391.JPEG	0	3	63	62
n04486054_392.JPEG	0	6	63	63
n04486054_393.JPEG	0	1	63	63
n04486054_394.JPEG	22	24	43	61
n04486054_395.JPEG	0	27	63	63
n04486054_396.JPEG	0	21	63	63
n04486054_397.JPEG	38	22	58	41
n04486054_398.JPEG	5	1	61	58
n04486054_399.JPEG	34	26	47	49
n04486054_400.JPEG	0	26	63	63
n04486054_401.JPEG	10	20	49	52
n04486054_402.JPEG	20	2	44	47
n04486054_403.JPEG	35	22	63	43
n04486054_404.JPEG	15	40	45	63
n04486054_405.JPEG	0	4	63	62
n04486054_406.JPEG	0	22	63	63
n04486054_407.JPEG	5	9	61	54
n04486054_408.JPEG	3	9	61	63
n04486054_409.JPEG	14	6	53	38
n04486054_410.JPEG	0	2	63	63
n04486054_411.JPEG	3	46	59	63
n04486054_412.JPEG	10	6	55	56
n04486054_413.JPEG	2	0	63	63
n04486054_414.JPEG	11	8	54	48
n04486054_415.JPEG	9	12	55	53
n04486054_416.JPEG	5	0	58	53
n04486054_417.JPEG	11	16	63	60
n04486054_418.JPEG	3	0	63	53
n04486054_419.JPEG	27	33	38	45
n04486054_420.JPEG	0	4	61	63
n04486054_421.JPEG	27	0	63	46
n04486054_422.JPEG	0	1	59	63
n04486054_423.JPEG	1	9	63	59
n04486054_424.JPEG	4	0	63	63
n04486054_425.JPEG	6	2	56	60
n04486054_426.JPEG	6	0	55	63
n04486054_427.JPEG	5	16	58	61
n04486054_428.JPEG	1	0	63	63
n04486054_429.JPEG	1	0	63	63
n04486054_430.JPEG	12	4	52	56
n04486054_431.JPEG	28	27	43	55
n04486054_432.JPEG	0	0	63	63
n04486054_433.JPEG	1	4	61	63
n04486054_434.JPEG	22	18	45	41
n04486054_435.JPEG	6	0	53	63
n04486054_436.JPEG	30	28	36	38
n04486054_437.JPEG	0	0	63	63
n04486054_438.JPEG	23	21	42	48
n04486054_439.JPEG	14	4	54	54
n04486054_440.JPEG	2	1	41	39
n04486054_441.JPEG	0	0	63	63
n04486054_442.JPEG	3	8	63	55
n04486054_443.JPEG	17	26	42	62
n04486054_444.JPEG	27	27	41	44
n04486054_445.JPEG	0	0	63	63
n04486054_446.JPEG	3	0	54	63
n04486054_447.JPEG	15	12	51	57
n04486054_448.JPEG	13	1	49	45
n04486054_449.JPEG	2	15	55	58
n04486054_450.JPEG	10	1	53	40
n04486054_451.JPEG	3	1	63	54
n04486054_452.JPEG	0	1	57	62
n04486054_453.JPEG	24	0	63	63
n04486054_454.JPEG	11	5	45	35
n04486054_455.JPEG	19	20	43	33
n04486054_456.JPEG	0	0	63	63
n04486054_457.JPEG	0	1	63	63
n04486054_458.JPEG	1	3	63	61
n04486054_459.JPEG	12	14	63	49
n04486054_460.JPEG	1	0	63	63
n04486054_461.JPEG	27	33	39	55
n04486054_462.JPEG	8	8	62	57
n04486054_463.JPEG	4	0	61	54
n04486054_464.JPEG	19	16	38	47
n04486054_465.JPEG	2	0	63	55
n04486054_466.JPEG	14	2	47	39
n04486054_467.JPEG	4	0	63	63
n04486054_468.JPEG	0	9	56	63
n04486054_469.JPEG	15	4	63	63
n04486054_470.JPEG	0	0	63	59
n04486054_471.JPEG	8	4	56	61
n04486054_472.JPEG	0	29	33	56
n04486054_473.JPEG	21	25	43	38
n04486054_474.JPEG	5	9	57	58
n04486054_475.JPEG	26	29	40	49
n04486054_476.JPEG	0	0	62	63
n04486054_477.JPEG	0	5	63	63
n04486054_478.JPEG	12	23	51	54
n04486054_479.JPEG	8	4	63	63
n04486054_480.JPEG	0	0	63	63
n04486054_481.JPEG	0	0	55	63
n04486054_482.JPEG	9	19	30	44
n04486054_483.JPEG	0	0	63	63
n04486054_484.JPEG	22	13	51	36
n04486054_485.JPEG	3	5	61	63
n04486054_486.JPEG	10	11	51	50
n04486054_487.JPEG	4	28	32	55
n04486054_488.JPEG	0	10	59	63
n04486054_489.JPEG	28	22	46	39
n04486054_490.JPEG	5	19	54	63
n04486054_491.JPEG	7	7	51	53
n04486054_492.JPEG	0	9	63	63
n04486054_493.JPEG	0	0	63	61
n04486054_494.JPEG	4	11	58	61
n04486054_495.JPEG	1	0	63	55
n04486054_496.JPEG	2	0	55	45
n04486054_497.JPEG	0	0	63	63
n04486054_498.JPEG	18	15	61	52
n04486054_499.JPEG	5	0	48	37
