n02909870_0.JPEG	6	21	57	63
n02909870_1.JPEG	4	16	62	63
n02909870_2.JPEG	7	29	30	63
n02909870_3.JPEG	0	22	16	57
n02909870_4.JPEG	0	0	63	63
n02909870_5.JPEG	16	3	48	44
n02909870_6.JPEG	6	17	44	54
n02909870_7.JPEG	4	0	61	63
n02909870_8.JPEG	20	36	58	63
n02909870_9.JPEG	0	41	36	63
n02909870_10.JPEG	0	35	63	63
n02909870_11.JPEG	0	5	31	58
n02909870_12.JPEG	10	6	54	58
n02909870_13.JPEG	6	0	58	63
n02909870_14.JPEG	13	3	54	63
n02909870_15.JPEG	35	24	62	53
n02909870_16.JPEG	0	0	63	63
n02909870_17.JPEG	35	37	57	59
n02909870_18.JPEG	14	58	28	63
n02909870_19.JPEG	3	1	60	63
n02909870_20.JPEG	3	16	60	63
n02909870_21.JPEG	24	26	35	41
n02909870_22.JPEG	24	26	31	37
n02909870_23.JPEG	13	19	63	63
n02909870_24.JPEG	5	1	62	63
n02909870_25.JPEG	11	9	63	63
n02909870_26.JPEG	0	0	54	55
n02909870_27.JPEG	51	3	63	15
n02909870_28.JPEG	16	31	63	63
n02909870_29.JPEG	6	0	63	63
n02909870_30.JPEG	1	0	63	63
n02909870_31.JPEG	7	0	55	56
n02909870_32.JPEG	4	3	61	60
n02909870_33.JPEG	4	9	48	63
n02909870_34.JPEG	17	27	42	58
n02909870_35.JPEG	4	1	62	63
n02909870_36.JPEG	0	0	63	55
n02909870_37.JPEG	21	26	45	51
n02909870_38.JPEG	10	4	55	63
n02909870_39.JPEG	16	24	33	50
n02909870_40.JPEG	6	4	58	59
n02909870_41.JPEG	0	3	63	62
n02909870_42.JPEG	0	13	63	63
n02909870_43.JPEG	0	7	63	63
n02909870_44.JPEG	6	0	61	63
n02909870_45.JPEG	25	7	63	52
n02909870_46.JPEG	0	18	20	47
n02909870_47.JPEG	24	31	61	63
n02909870_48.JPEG	33	38	57	63
n02909870_49.JPEG	0	20	21	59
n02909870_50.JPEG	2	0	63	63
n02909870_51.JPEG	21	30	54	63
n02909870_52.JPEG	34	37	50	59
n02909870_53.JPEG	10	0	48	63
n02909870_54.JPEG	10	0	58	63
n02909870_55.JPEG	24	20	50	43
n02909870_56.JPEG	14	0	60	63
n02909870_57.JPEG	30	20	63	49
n02909870_58.JPEG	0	0	63	63
n02909870_59.JPEG	0	29	13	59
n02909870_60.JPEG	2	0	63	63
n02909870_61.JPEG	0	11	63	63
n02909870_62.JPEG	13	45	51	63
n02909870_63.JPEG	6	4	60	63
n02909870_64.JPEG	1	1	63	63
n02909870_65.JPEG	0	9	63	63
n02909870_66.JPEG	5	11	57	62
n02909870_67.JPEG	28	28	53	46
n02909870_68.JPEG	14	4	60	62
n02909870_69.JPEG	0	2	56	61
n02909870_70.JPEG	4	0	59	63
n02909870_71.JPEG	28	57	34	63
n02909870_72.JPEG	41	42	60	62
n02909870_73.JPEG	24	7	57	56
n02909870_74.JPEG	0	13	38	63
n02909870_75.JPEG	8	63	20	63
n02909870_76.JPEG	10	23	60	62
n02909870_77.JPEG	40	9	63	58
n02909870_78.JPEG	8	21	42	51
n02909870_79.JPEG	0	0	63	63
n02909870_80.JPEG	4	13	57	63
n02909870_81.JPEG	4	4	60	63
n02909870_82.JPEG	22	30	44	57
n02909870_83.JPEG	2	1	61	63
n02909870_84.JPEG	23	12	53	50
n02909870_85.JPEG	4	0	56	63
n02909870_86.JPEG	31	38	51	61
n02909870_87.JPEG	9	14	63	63
n02909870_88.JPEG	30	47	44	59
n02909870_89.JPEG	0	20	28	53
n02909870_90.JPEG	11	0	63	63
n02909870_91.JPEG	26	5	63	47
n02909870_92.JPEG	9	10	60	63
n02909870_93.JPEG	19	20	53	55
n02909870_94.JPEG	0	29	62	63
n02909870_95.JPEG	0	1	29	50
n02909870_96.JPEG	22	0	40	4
n02909870_97.JPEG	1	3	63	57
n02909870_98.JPEG	5	26	63	63
n02909870_99.JPEG	19	27	63	57
n02909870_100.JPEG	6	16	52	63
n02909870_101.JPEG	0	36	63	63
n02909870_102.JPEG	5	19	41	55
n02909870_103.JPEG	0	6	63	63
n02909870_104.JPEG	16	28	50	61
n02909870_105.JPEG	3	13	61	62
n02909870_106.JPEG	36	45	50	60
n02909870_107.JPEG	2	0	57	63
n02909870_108.JPEG	5	26	35	55
n02909870_109.JPEG	27	39	51	60
n02909870_110.JPEG	7	0	57	63
n02909870_111.JPEG	5	38	63	58
n02909870_112.JPEG	17	24	40	52
n02909870_113.JPEG	16	1	52	57
n02909870_114.JPEG	31	22	59	46
n02909870_115.JPEG	4	0	63	63
n02909870_116.JPEG	14	56	24	63
n02909870_117.JPEG	1	0	63	63
n02909870_118.JPEG	1	33	32	56
n02909870_119.JPEG	0	3	27	35
n02909870_120.JPEG	10	44	39	63
n02909870_121.JPEG	19	9	52	60
n02909870_122.JPEG	2	16	63	63
n02909870_123.JPEG	29	0	47	18
n02909870_124.JPEG	2	63	23	63
n02909870_125.JPEG	34	39	53	60
n02909870_126.JPEG	10	18	61	63
n02909870_127.JPEG	0	2	47	54
n02909870_128.JPEG	8	17	58	63
n02909870_129.JPEG	0	21	61	63
n02909870_130.JPEG	2	4	57	57
n02909870_131.JPEG	1	0	63	63
n02909870_132.JPEG	27	4	62	28
n02909870_133.JPEG	15	2	49	63
n02909870_134.JPEG	13	29	19	36
n02909870_135.JPEG	1	0	63	63
n02909870_136.JPEG	0	0	58	63
n02909870_137.JPEG	4	7	61	63
n02909870_138.JPEG	3	0	63	63
n02909870_139.JPEG	11	20	50	63
n02909870_140.JPEG	2	18	57	63
n02909870_141.JPEG	1	1	63	63
n02909870_142.JPEG	21	27	47	59
n02909870_143.JPEG	20	11	50	39
n02909870_144.JPEG	59	24	63	32
n02909870_145.JPEG	21	16	63	63
n02909870_146.JPEG	15	1	51	63
n02909870_147.JPEG	26	29	31	36
n02909870_148.JPEG	0	0	60	55
n02909870_149.JPEG	0	17	27	48
n02909870_150.JPEG	12	13	49	54
n02909870_151.JPEG	0	25	18	43
n02909870_152.JPEG	0	2	63	63
n02909870_153.JPEG	12	0	57	63
n02909870_154.JPEG	6	1	55	63
n02909870_155.JPEG	4	20	50	63
n02909870_156.JPEG	3	0	63	63
n02909870_157.JPEG	0	11	56	63
n02909870_158.JPEG	4	34	34	63
n02909870_159.JPEG	18	21	45	61
n02909870_160.JPEG	20	37	45	58
n02909870_161.JPEG	2	31	62	63
n02909870_162.JPEG	0	41	28	63
n02909870_163.JPEG	10	0	63	63
n02909870_164.JPEG	16	27	50	63
n02909870_165.JPEG	32	44	52	63
n02909870_166.JPEG	2	3	63	60
n02909870_167.JPEG	5	19	63	63
n02909870_168.JPEG	10	14	54	59
n02909870_169.JPEG	7	37	24	56
n02909870_170.JPEG	0	3	36	42
n02909870_171.JPEG	6	9	61	57
n02909870_172.JPEG	1	7	63	63
n02909870_173.JPEG	1	0	63	63
n02909870_174.JPEG	0	7	33	48
n02909870_175.JPEG	53	35	63	52
n02909870_176.JPEG	8	6	59	49
n02909870_177.JPEG	5	20	16	31
n02909870_178.JPEG	17	1	57	60
n02909870_179.JPEG	36	22	63	63
n02909870_180.JPEG	8	12	57	62
n02909870_181.JPEG	0	8	63	62
n02909870_182.JPEG	0	1	63	62
n02909870_183.JPEG	2	6	49	49
n02909870_184.JPEG	6	8	60	63
n02909870_185.JPEG	2	2	63	63
n02909870_186.JPEG	11	0	61	63
n02909870_187.JPEG	0	1	61	63
n02909870_188.JPEG	6	5	47	63
n02909870_189.JPEG	30	19	47	40
n02909870_190.JPEG	40	41	49	53
n02909870_191.JPEG	0	11	63	63
n02909870_192.JPEG	27	22	54	45
n02909870_193.JPEG	4	2	60	63
n02909870_194.JPEG	16	0	63	62
n02909870_195.JPEG	16	10	56	63
n02909870_196.JPEG	2	18	27	44
n02909870_197.JPEG	14	31	61	63
n02909870_198.JPEG	3	8	63	52
n02909870_199.JPEG	18	13	59	57
n02909870_200.JPEG	14	4	51	53
n02909870_201.JPEG	0	1	63	63
n02909870_202.JPEG	4	0	53	62
n02909870_203.JPEG	0	29	63	63
n02909870_204.JPEG	10	25	39	56
n02909870_205.JPEG	9	13	50	47
n02909870_206.JPEG	7	4	60	63
n02909870_207.JPEG	10	14	60	63
n02909870_208.JPEG	9	0	52	44
n02909870_209.JPEG	10	8	46	62
n02909870_210.JPEG	14	16	40	45
n02909870_211.JPEG	31	22	61	57
n02909870_212.JPEG	3	5	51	48
n02909870_213.JPEG	0	14	28	49
n02909870_214.JPEG	52	11	63	33
n02909870_215.JPEG	0	1	63	61
n02909870_216.JPEG	2	13	43	53
n02909870_217.JPEG	0	20	53	61
n02909870_218.JPEG	6	0	60	63
n02909870_219.JPEG	0	0	12	34
n02909870_220.JPEG	0	7	57	63
n02909870_221.JPEG	52	39	61	49
n02909870_222.JPEG	6	61	19	63
n02909870_223.JPEG	6	15	58	63
n02909870_224.JPEG	0	19	56	63
n02909870_225.JPEG	0	3	46	55
n02909870_226.JPEG	6	26	43	63
n02909870_227.JPEG	0	3	33	60
n02909870_228.JPEG	0	0	63	63
n02909870_229.JPEG	2	2	63	63
n02909870_230.JPEG	11	18	44	49
n02909870_231.JPEG	42	24	63	54
n02909870_232.JPEG	11	45	63	63
n02909870_233.JPEG	0	0	63	63
n02909870_234.JPEG	11	4	56	62
n02909870_235.JPEG	21	33	40	59
n02909870_236.JPEG	3	4	63	63
n02909870_237.JPEG	5	1	55	62
n02909870_238.JPEG	35	24	55	47
n02909870_239.JPEG	2	11	56	60
n02909870_240.JPEG	13	17	57	63
n02909870_241.JPEG	32	35	63	63
n02909870_242.JPEG	6	19	31	62
n02909870_243.JPEG	21	8	48	35
n02909870_244.JPEG	5	0	48	48
n02909870_245.JPEG	19	28	60	59
n02909870_246.JPEG	4	12	61	56
n02909870_247.JPEG	0	32	35	63
n02909870_248.JPEG	43	30	59	56
n02909870_249.JPEG	18	13	47	61
n02909870_250.JPEG	4	0	63	63
n02909870_251.JPEG	31	2	63	54
n02909870_252.JPEG	4	0	60	63
n02909870_253.JPEG	8	14	53	58
n02909870_254.JPEG	19	10	45	49
n02909870_255.JPEG	38	21	63	51
n02909870_256.JPEG	18	13	48	41
n02909870_257.JPEG	0	1	63	63
n02909870_258.JPEG	23	20	45	40
n02909870_259.JPEG	7	19	37	58
n02909870_260.JPEG	7	17	60	63
n02909870_261.JPEG	11	49	42	63
n02909870_262.JPEG	15	3	51	62
n02909870_263.JPEG	12	18	33	50
n02909870_264.JPEG	8	8	57	58
n02909870_265.JPEG	15	6	46	59
n02909870_266.JPEG	18	20	50	57
n02909870_267.JPEG	0	25	28	53
n02909870_268.JPEG	0	8	62	63
n02909870_269.JPEG	28	47	42	61
n02909870_270.JPEG	33	39	59	62
n02909870_271.JPEG	14	6	58	56
n02909870_272.JPEG	9	5	33	33
n02909870_273.JPEG	11	5	46	49
n02909870_274.JPEG	5	0	59	63
n02909870_275.JPEG	30	11	62	57
n02909870_276.JPEG	0	0	63	62
n02909870_277.JPEG	50	16	63	47
n02909870_278.JPEG	20	41	42	57
n02909870_279.JPEG	14	9	53	55
n02909870_280.JPEG	8	3	45	57
n02909870_281.JPEG	12	27	52	63
n02909870_282.JPEG	23	27	55	63
n02909870_283.JPEG	43	2	63	55
n02909870_284.JPEG	30	61	46	63
n02909870_285.JPEG	5	14	59	63
n02909870_286.JPEG	0	10	63	55
n02909870_287.JPEG	12	26	59	63
n02909870_288.JPEG	33	15	63	49
n02909870_289.JPEG	13	38	50	63
n02909870_290.JPEG	9	30	63	63
n02909870_291.JPEG	17	13	48	55
n02909870_292.JPEG	25	60	41	63
n02909870_293.JPEG	12	4	63	62
n02909870_294.JPEG	0	1	63	63
n02909870_295.JPEG	19	11	54	62
n02909870_296.JPEG	5	0	62	63
n02909870_297.JPEG	11	14	55	62
n02909870_298.JPEG	49	18	63	49
n02909870_299.JPEG	33	29	55	50
n02909870_300.JPEG	0	0	63	63
n02909870_301.JPEG	0	3	63	63
n02909870_302.JPEG	3	0	62	63
n02909870_303.JPEG	25	11	63	61
n02909870_304.JPEG	0	12	36	47
n02909870_305.JPEG	3	7	59	55
n02909870_306.JPEG	9	0	55	63
n02909870_307.JPEG	16	0	40	17
n02909870_308.JPEG	12	13	58	54
n02909870_309.JPEG	8	19	41	63
n02909870_310.JPEG	7	30	47	63
n02909870_311.JPEG	6	31	41	62
n02909870_312.JPEG	1	12	63	63
n02909870_313.JPEG	5	5	57	57
n02909870_314.JPEG	19	29	45	54
n02909870_315.JPEG	2	1	55	63
n02909870_316.JPEG	1	1	63	63
n02909870_317.JPEG	20	15	54	63
n02909870_318.JPEG	4	4	58	63
n02909870_319.JPEG	13	20	58	59
n02909870_320.JPEG	12	45	53	63
n02909870_321.JPEG	9	0	59	63
n02909870_322.JPEG	8	16	44	52
n02909870_323.JPEG	5	10	59	60
n02909870_324.JPEG	4	38	36	63
n02909870_325.JPEG	23	33	48	59
n02909870_326.JPEG	8	0	57	63
n02909870_327.JPEG	0	24	60	63
n02909870_328.JPEG	24	0	53	18
n02909870_329.JPEG	19	45	42	63
n02909870_330.JPEG	19	45	44	63
n02909870_331.JPEG	1	7	63	63
n02909870_332.JPEG	19	38	36	56
n02909870_333.JPEG	25	12	63	63
n02909870_334.JPEG	38	31	61	54
n02909870_335.JPEG	18	32	50	59
n02909870_336.JPEG	15	9	49	59
n02909870_337.JPEG	6	6	58	59
n02909870_338.JPEG	35	2	63	34
n02909870_339.JPEG	28	20	54	61
n02909870_340.JPEG	0	14	36	63
n02909870_341.JPEG	0	0	63	63
n02909870_342.JPEG	12	7	48	58
n02909870_343.JPEG	2	0	58	63
n02909870_344.JPEG	0	14	57	63
n02909870_345.JPEG	11	21	24	32
n02909870_346.JPEG	0	0	63	63
n02909870_347.JPEG	13	28	49	62
n02909870_348.JPEG	22	12	57	54
n02909870_349.JPEG	2	3	59	63
n02909870_350.JPEG	14	13	48	63
n02909870_351.JPEG	19	49	55	63
n02909870_352.JPEG	22	31	33	43
n02909870_353.JPEG	0	1	63	62
n02909870_354.JPEG	1	1	63	63
n02909870_355.JPEG	11	9	56	63
n02909870_356.JPEG	3	11	59	63
n02909870_357.JPEG	17	14	50	50
n02909870_358.JPEG	40	40	52	58
n02909870_359.JPEG	17	0	48	43
n02909870_360.JPEG	3	0	61	63
n02909870_361.JPEG	5	5	63	63
n02909870_362.JPEG	11	1	55	63
n02909870_363.JPEG	9	4	53	61
n02909870_364.JPEG	14	6	47	34
n02909870_365.JPEG	3	3	49	46
n02909870_366.JPEG	10	1	63	35
n02909870_367.JPEG	4	8	62	58
n02909870_368.JPEG	0	0	63	63
n02909870_369.JPEG	34	11	45	23
n02909870_370.JPEG	28	26	61	60
n02909870_371.JPEG	25	17	40	33
n02909870_372.JPEG	6	0	59	63
n02909870_373.JPEG	30	0	63	63
n02909870_374.JPEG	0	15	38	57
n02909870_375.JPEG	25	3	63	45
n02909870_376.JPEG	4	0	54	48
n02909870_377.JPEG	2	23	61	63
n02909870_378.JPEG	0	3	63	62
n02909870_379.JPEG	24	0	38	13
n02909870_380.JPEG	9	20	54	61
n02909870_381.JPEG	8	17	57	63
n02909870_382.JPEG	19	30	36	53
n02909870_383.JPEG	6	4	62	62
n02909870_384.JPEG	15	8	35	30
n02909870_385.JPEG	25	7	63	63
n02909870_386.JPEG	44	16	63	61
n02909870_387.JPEG	9	3	50	60
n02909870_388.JPEG	12	11	45	48
n02909870_389.JPEG	11	7	53	58
n02909870_390.JPEG	45	27	63	63
n02909870_391.JPEG	1	4	63	63
n02909870_392.JPEG	9	0	56	63
n02909870_393.JPEG	14	7	48	37
n02909870_394.JPEG	4	0	63	62
n02909870_395.JPEG	31	56	44	63
n02909870_396.JPEG	8	33	58	63
n02909870_397.JPEG	10	6	55	51
n02909870_398.JPEG	17	27	48	63
n02909870_399.JPEG	28	3	63	35
n02909870_400.JPEG	9	18	49	63
n02909870_401.JPEG	40	36	53	49
n02909870_402.JPEG	24	36	44	56
n02909870_403.JPEG	10	11	54	51
n02909870_404.JPEG	25	20	59	62
n02909870_405.JPEG	0	5	63	63
n02909870_406.JPEG	0	0	43	63
n02909870_407.JPEG	9	0	51	63
n02909870_408.JPEG	0	1	63	63
n02909870_409.JPEG	7	22	56	63
n02909870_410.JPEG	18	7	56	59
n02909870_411.JPEG	0	14	38	56
n02909870_412.JPEG	0	34	9	40
n02909870_413.JPEG	8	13	41	63
n02909870_414.JPEG	4	0	60	63
n02909870_415.JPEG	0	14	63	63
n02909870_416.JPEG	13	13	44	45
n02909870_417.JPEG	11	1	53	63
n02909870_418.JPEG	2	29	18	45
n02909870_419.JPEG	0	0	41	63
n02909870_420.JPEG	3	0	63	63
n02909870_421.JPEG	0	2	53	63
n02909870_422.JPEG	22	17	45	53
n02909870_423.JPEG	13	15	52	54
n02909870_424.JPEG	2	28	20	56
n02909870_425.JPEG	8	24	56	63
n02909870_426.JPEG	1	0	62	63
n02909870_427.JPEG	3	0	62	63
n02909870_428.JPEG	12	1	51	62
n02909870_429.JPEG	58	23	63	44
n02909870_430.JPEG	8	18	63	63
n02909870_431.JPEG	37	29	63	62
n02909870_432.JPEG	9	29	27	48
n02909870_433.JPEG	2	0	63	63
n02909870_434.JPEG	3	18	43	51
n02909870_435.JPEG	0	3	57	55
n02909870_436.JPEG	33	7	63	53
n02909870_437.JPEG	6	18	62	63
n02909870_438.JPEG	16	21	43	48
n02909870_439.JPEG	26	39	39	54
n02909870_440.JPEG	0	30	24	55
n02909870_441.JPEG	0	7	63	63
n02909870_442.JPEG	18	4	63	63
n02909870_443.JPEG	42	18	61	47
n02909870_444.JPEG	3	7	50	42
n02909870_445.JPEG	6	2	25	27
n02909870_446.JPEG	20	29	63	63
n02909870_447.JPEG	6	7	59	63
n02909870_448.JPEG	18	28	48	53
n02909870_449.JPEG	1	0	54	63
n02909870_450.JPEG	0	29	63	63
n02909870_451.JPEG	1	10	31	49
n02909870_452.JPEG	16	18	50	54
n02909870_453.JPEG	12	20	60	63
n02909870_454.JPEG	12	0	62	53
n02909870_455.JPEG	10	2	54	62
n02909870_456.JPEG	0	2	53	57
n02909870_457.JPEG	11	26	53	63
n02909870_458.JPEG	0	8	55	63
n02909870_459.JPEG	0	0	58	63
n02909870_460.JPEG	7	31	41	63
n02909870_461.JPEG	17	20	54	51
n02909870_462.JPEG	1	15	42	61
n02909870_463.JPEG	15	9	48	39
n02909870_464.JPEG	10	6	56	58
n02909870_465.JPEG	9	21	56	63
n02909870_466.JPEG	14	15	45	58
n02909870_467.JPEG	11	24	54	63
n02909870_468.JPEG	23	0	48	35
n02909870_469.JPEG	10	0	58	63
n02909870_470.JPEG	22	17	53	50
n02909870_471.JPEG	0	1	63	63
n02909870_472.JPEG	4	0	63	63
n02909870_473.JPEG	0	25	63	63
n02909870_474.JPEG	7	6	56	63
n02909870_475.JPEG	3	0	61	63
n02909870_476.JPEG	11	4	55	48
n02909870_477.JPEG	0	4	48	48
n02909870_478.JPEG	6	0	62	63
n02909870_479.JPEG	27	33	48	57
n02909870_480.JPEG	47	21	63	51
n02909870_481.JPEG	2	1	63	63
n02909870_482.JPEG	18	39	53	63
n02909870_483.JPEG	46	2	63	35
n02909870_484.JPEG	0	25	46	63
n02909870_485.JPEG	30	9	63	54
n02909870_486.JPEG	6	18	43	63
n02909870_487.JPEG	17	18	48	63
n02909870_488.JPEG	40	38	50	52
n02909870_489.JPEG	17	26	50	54
n02909870_490.JPEG	3	0	36	42
n02909870_491.JPEG	0	10	35	56
n02909870_492.JPEG	17	43	38	61
n02909870_493.JPEG	1	13	41	60
n02909870_494.JPEG	39	14	63	47
n02909870_495.JPEG	2	10	63	63
n02909870_496.JPEG	0	0	63	63
n02909870_497.JPEG	0	5	41	53
n02909870_498.JPEG	11	0	63	54
n02909870_499.JPEG	39	16	63	62
