n03976657_0.JPEG	8	5	52	63
n03976657_1.JPEG	23	0	44	63
n03976657_2.JPEG	49	0	57	46
n03976657_3.JPEG	17	0	28	63
n03976657_4.JPEG	32	0	35	63
n03976657_5.JPEG	20	0	40	63
n03976657_6.JPEG	39	0	41	60
n03976657_7.JPEG	23	0	28	63
n03976657_8.JPEG	18	0	25	63
n03976657_9.JPEG	3	0	59	63
n03976657_10.JPEG	51	1	56	63
n03976657_11.JPEG	20	1	25	63
n03976657_12.JPEG	22	13	29	63
n03976657_13.JPEG	9	19	20	63
n03976657_14.JPEG	23	0	27	63
n03976657_15.JPEG	54	0	62	63
n03976657_16.JPEG	33	26	39	63
n03976657_17.JPEG	31	3	37	63
n03976657_18.JPEG	24	6	30	59
n03976657_19.JPEG	31	0	35	58
n03976657_20.JPEG	28	9	44	63
n03976657_21.JPEG	11	33	15	63
n03976657_22.JPEG	25	0	38	53
n03976657_23.JPEG	33	0	39	63
n03976657_24.JPEG	27	8	30	63
n03976657_25.JPEG	26	0	42	63
n03976657_26.JPEG	33	0	48	63
n03976657_27.JPEG	51	0	60	63
n03976657_28.JPEG	52	37	56	63
n03976657_29.JPEG	36	1	39	63
n03976657_30.JPEG	28	0	37	63
n03976657_31.JPEG	6	2	63	61
n03976657_32.JPEG	20	3	63	63
n03976657_33.JPEG	47	0	51	47
n03976657_34.JPEG	8	0	30	63
n03976657_35.JPEG	4	39	48	63
n03976657_36.JPEG	24	4	26	63
n03976657_37.JPEG	38	19	42	63
n03976657_38.JPEG	28	31	41	63
n03976657_39.JPEG	28	0	35	63
n03976657_40.JPEG	30	4	63	46
n03976657_41.JPEG	29	18	35	63
n03976657_42.JPEG	36	1	39	58
n03976657_43.JPEG	6	12	22	63
n03976657_44.JPEG	33	0	48	58
n03976657_45.JPEG	27	18	31	62
n03976657_46.JPEG	26	0	30	63
n03976657_47.JPEG	8	30	63	48
n03976657_48.JPEG	29	34	30	63
n03976657_49.JPEG	0	4	63	63
n03976657_50.JPEG	31	0	35	63
n03976657_51.JPEG	11	0	16	63
n03976657_52.JPEG	32	0	38	44
n03976657_53.JPEG	27	0	33	63
n03976657_54.JPEG	20	0	26	63
n03976657_55.JPEG	18	0	63	41
n03976657_56.JPEG	34	7	40	63
n03976657_57.JPEG	41	16	47	63
n03976657_58.JPEG	5	0	15	63
n03976657_59.JPEG	15	0	22	63
n03976657_60.JPEG	28	0	33	63
n03976657_61.JPEG	39	0	62	63
n03976657_62.JPEG	1	0	56	63
n03976657_63.JPEG	2	0	60	63
n03976657_64.JPEG	18	9	26	55
n03976657_65.JPEG	0	18	63	52
n03976657_66.JPEG	30	26	33	63
n03976657_67.JPEG	45	8	59	63
n03976657_68.JPEG	2	1	46	63
n03976657_69.JPEG	20	1	63	63
n03976657_70.JPEG	15	0	17	63
n03976657_71.JPEG	28	11	40	63
n03976657_72.JPEG	13	0	51	63
n03976657_73.JPEG	22	0	40	63
n03976657_74.JPEG	32	0	51	63
n03976657_75.JPEG	33	0	48	63
n03976657_76.JPEG	8	13	56	63
n03976657_77.JPEG	0	1	47	53
n03976657_78.JPEG	27	30	29	39
n03976657_79.JPEG	7	1	51	63
n03976657_80.JPEG	16	0	51	63
n03976657_81.JPEG	18	21	30	63
n03976657_82.JPEG	36	3	52	61
n03976657_83.JPEG	21	0	44	63
n03976657_84.JPEG	9	2	60	63
n03976657_85.JPEG	25	12	28	34
n03976657_86.JPEG	24	0	29	63
n03976657_87.JPEG	35	0	44	63
n03976657_88.JPEG	22	0	30	63
n03976657_89.JPEG	30	0	37	63
n03976657_90.JPEG	36	0	40	63
n03976657_91.JPEG	5	0	24	63
n03976657_92.JPEG	0	0	11	63
n03976657_93.JPEG	19	5	24	63
n03976657_94.JPEG	24	0	43	63
n03976657_95.JPEG	51	25	61	63
n03976657_96.JPEG	37	0	38	62
n03976657_97.JPEG	33	9	37	40
n03976657_98.JPEG	34	9	37	54
n03976657_99.JPEG	0	8	1	37
n03976657_100.JPEG	23	0	28	63
n03976657_101.JPEG	0	11	63	63
n03976657_102.JPEG	29	0	33	12
n03976657_103.JPEG	0	16	63	63
n03976657_104.JPEG	27	0	31	63
n03976657_105.JPEG	8	0	57	63
n03976657_106.JPEG	30	32	33	62
n03976657_107.JPEG	28	0	32	63
n03976657_108.JPEG	31	1	36	54
n03976657_109.JPEG	40	0	45	62
n03976657_110.JPEG	32	11	44	63
n03976657_111.JPEG	20	21	33	63
n03976657_112.JPEG	21	19	26	63
n03976657_113.JPEG	6	0	59	63
n03976657_114.JPEG	23	16	28	63
n03976657_115.JPEG	18	0	25	63
n03976657_116.JPEG	22	4	27	63
n03976657_117.JPEG	20	11	49	49
n03976657_118.JPEG	22	7	63	63
n03976657_119.JPEG	16	0	63	63
n03976657_120.JPEG	40	10	46	57
n03976657_121.JPEG	38	0	45	63
n03976657_122.JPEG	20	6	43	63
n03976657_123.JPEG	30	6	39	63
n03976657_124.JPEG	30	0	36	63
n03976657_125.JPEG	0	0	63	63
n03976657_126.JPEG	16	0	53	63
n03976657_127.JPEG	22	4	25	63
n03976657_128.JPEG	25	0	27	63
n03976657_129.JPEG	31	8	34	63
n03976657_130.JPEG	7	16	54	63
n03976657_131.JPEG	8	0	63	63
n03976657_132.JPEG	29	1	34	63
n03976657_133.JPEG	43	31	46	63
n03976657_134.JPEG	3	0	38	63
n03976657_135.JPEG	35	0	39	27
n03976657_136.JPEG	17	9	44	63
n03976657_137.JPEG	37	1	51	63
n03976657_138.JPEG	42	0	48	63
n03976657_139.JPEG	0	5	63	63
n03976657_140.JPEG	20	1	43	63
n03976657_141.JPEG	9	12	14	53
n03976657_142.JPEG	15	0	29	63
n03976657_143.JPEG	30	4	33	47
n03976657_144.JPEG	31	1	34	57
n03976657_145.JPEG	21	0	34	63
n03976657_146.JPEG	9	0	36	35
n03976657_147.JPEG	12	0	37	37
n03976657_148.JPEG	50	3	59	63
n03976657_149.JPEG	37	0	41	63
n03976657_150.JPEG	8	0	28	63
n03976657_151.JPEG	40	20	52	63
n03976657_152.JPEG	28	0	36	63
n03976657_153.JPEG	33	6	41	63
n03976657_154.JPEG	28	0	31	63
n03976657_155.JPEG	26	0	38	63
n03976657_156.JPEG	19	0	25	44
n03976657_157.JPEG	15	9	19	63
n03976657_158.JPEG	40	0	43	63
n03976657_159.JPEG	22	30	37	63
n03976657_160.JPEG	15	13	50	34
n03976657_161.JPEG	8	0	13	63
n03976657_162.JPEG	29	2	35	63
n03976657_163.JPEG	29	28	39	63
n03976657_164.JPEG	17	0	20	63
n03976657_165.JPEG	34	0	51	63
n03976657_166.JPEG	0	1	26	63
n03976657_167.JPEG	51	0	56	59
n03976657_168.JPEG	18	0	40	63
n03976657_169.JPEG	24	0	37	63
n03976657_170.JPEG	25	0	33	63
n03976657_171.JPEG	55	1	58	63
n03976657_172.JPEG	49	0	50	63
n03976657_173.JPEG	26	4	33	59
n03976657_174.JPEG	13	0	56	63
n03976657_175.JPEG	22	0	25	47
n03976657_176.JPEG	7	24	63	63
n03976657_177.JPEG	44	5	47	47
n03976657_178.JPEG	52	0	56	63
n03976657_179.JPEG	0	10	9	63
n03976657_180.JPEG	20	0	36	63
n03976657_181.JPEG	29	14	51	63
n03976657_182.JPEG	29	5	33	63
n03976657_183.JPEG	8	20	16	63
n03976657_184.JPEG	39	0	51	63
n03976657_185.JPEG	27	2	37	63
n03976657_186.JPEG	9	26	18	63
n03976657_187.JPEG	39	7	46	63
n03976657_188.JPEG	44	0	50	63
n03976657_189.JPEG	29	32	42	63
n03976657_190.JPEG	25	14	33	63
n03976657_191.JPEG	38	18	63	63
n03976657_192.JPEG	32	0	44	63
n03976657_193.JPEG	7	20	31	63
n03976657_194.JPEG	1	0	9	63
n03976657_195.JPEG	32	0	33	48
n03976657_196.JPEG	29	0	36	63
n03976657_197.JPEG	22	0	28	63
n03976657_198.JPEG	56	3	63	63
n03976657_199.JPEG	30	7	35	56
n03976657_200.JPEG	28	4	32	63
n03976657_201.JPEG	20	6	34	56
n03976657_202.JPEG	14	0	26	63
n03976657_203.JPEG	39	0	43	63
n03976657_204.JPEG	1	29	36	63
n03976657_205.JPEG	0	25	63	48
n03976657_206.JPEG	45	0	63	62
n03976657_207.JPEG	43	0	53	63
n03976657_208.JPEG	32	14	44	63
n03976657_209.JPEG	0	4	20	63
n03976657_210.JPEG	49	0	52	62
n03976657_211.JPEG	24	4	63	62
n03976657_212.JPEG	32	0	46	63
n03976657_213.JPEG	20	0	48	63
n03976657_214.JPEG	27	0	37	63
n03976657_215.JPEG	39	0	60	32
n03976657_216.JPEG	30	0	34	63
n03976657_217.JPEG	0	1	63	49
n03976657_218.JPEG	20	2	35	63
n03976657_219.JPEG	0	8	63	63
n03976657_220.JPEG	51	7	60	63
n03976657_221.JPEG	27	0	35	63
n03976657_222.JPEG	44	0	47	63
n03976657_223.JPEG	27	0	39	63
n03976657_224.JPEG	17	0	28	63
n03976657_225.JPEG	23	0	30	63
n03976657_226.JPEG	27	18	37	62
n03976657_227.JPEG	28	0	31	63
n03976657_228.JPEG	0	2	51	63
n03976657_229.JPEG	33	10	38	63
n03976657_230.JPEG	55	0	61	59
n03976657_231.JPEG	42	0	48	49
n03976657_232.JPEG	1	0	55	63
n03976657_233.JPEG	23	0	36	58
n03976657_234.JPEG	40	0	45	63
n03976657_235.JPEG	28	14	63	63
n03976657_236.JPEG	25	0	30	63
n03976657_237.JPEG	0	18	63	34
n03976657_238.JPEG	22	0	63	63
n03976657_239.JPEG	30	0	38	63
n03976657_240.JPEG	31	4	54	34
n03976657_241.JPEG	19	8	42	63
n03976657_242.JPEG	45	0	60	50
n03976657_243.JPEG	32	14	42	63
n03976657_244.JPEG	34	36	37	63
n03976657_245.JPEG	32	0	34	36
n03976657_246.JPEG	13	0	27	63
n03976657_247.JPEG	0	1	2	51
n03976657_248.JPEG	42	9	63	26
n03976657_249.JPEG	25	1	30	63
n03976657_250.JPEG	0	1	63	56
n03976657_251.JPEG	21	3	26	41
n03976657_252.JPEG	10	5	63	38
n03976657_253.JPEG	43	0	46	63
n03976657_254.JPEG	10	0	62	63
n03976657_255.JPEG	2	28	46	58
n03976657_256.JPEG	31	0	39	63
n03976657_257.JPEG	13	0	37	63
n03976657_258.JPEG	33	1	52	63
n03976657_259.JPEG	24	0	36	63
n03976657_260.JPEG	16	10	19	63
n03976657_261.JPEG	6	11	45	63
n03976657_262.JPEG	0	1	4	63
n03976657_263.JPEG	33	0	38	60
n03976657_264.JPEG	60	0	63	63
n03976657_265.JPEG	44	11	49	63
n03976657_266.JPEG	38	8	47	63
n03976657_267.JPEG	25	0	29	63
n03976657_268.JPEG	56	30	63	63
n03976657_269.JPEG	0	0	25	44
n03976657_270.JPEG	0	0	48	63
n03976657_271.JPEG	23	0	27	63
n03976657_272.JPEG	15	7	34	61
n03976657_273.JPEG	20	0	46	63
n03976657_274.JPEG	28	0	38	63
n03976657_275.JPEG	29	0	33	59
n03976657_276.JPEG	0	28	48	63
n03976657_277.JPEG	29	17	32	63
n03976657_278.JPEG	26	0	35	63
n03976657_279.JPEG	63	27	63	63
n03976657_280.JPEG	30	0	33	63
n03976657_281.JPEG	5	0	24	63
n03976657_282.JPEG	56	28	63	63
n03976657_283.JPEG	28	15	39	63
n03976657_284.JPEG	26	12	37	63
n03976657_285.JPEG	24	0	40	63
n03976657_286.JPEG	42	1	45	28
n03976657_287.JPEG	45	0	54	63
n03976657_288.JPEG	29	0	41	60
n03976657_289.JPEG	46	8	52	63
n03976657_290.JPEG	26	0	45	63
n03976657_291.JPEG	1	0	63	0
n03976657_292.JPEG	8	0	31	63
n03976657_293.JPEG	27	0	35	63
n03976657_294.JPEG	28	0	35	63
n03976657_295.JPEG	26	0	47	63
n03976657_296.JPEG	10	13	17	63
n03976657_297.JPEG	33	0	42	63
n03976657_298.JPEG	4	4	61	60
n03976657_299.JPEG	0	1	63	61
n03976657_300.JPEG	30	19	63	63
n03976657_301.JPEG	1	9	32	63
n03976657_302.JPEG	17	8	50	63
n03976657_303.JPEG	43	0	63	63
n03976657_304.JPEG	28	0	35	63
n03976657_305.JPEG	26	0	33	63
n03976657_306.JPEG	17	6	22	63
n03976657_307.JPEG	0	0	11	63
n03976657_308.JPEG	25	0	29	63
n03976657_309.JPEG	15	16	19	63
n03976657_310.JPEG	10	0	25	63
n03976657_311.JPEG	17	52	22	63
n03976657_312.JPEG	24	8	40	63
n03976657_313.JPEG	34	15	63	63
n03976657_314.JPEG	25	0	33	63
n03976657_315.JPEG	42	18	44	57
n03976657_316.JPEG	32	8	56	63
n03976657_317.JPEG	24	34	63	63
n03976657_318.JPEG	31	0	37	63
n03976657_319.JPEG	10	0	33	63
n03976657_320.JPEG	39	32	43	63
n03976657_321.JPEG	34	4	36	32
n03976657_322.JPEG	0	0	35	45
n03976657_323.JPEG	13	0	38	63
n03976657_324.JPEG	30	0	38	63
n03976657_325.JPEG	31	23	34	63
n03976657_326.JPEG	0	1	35	42
n03976657_327.JPEG	38	0	42	63
n03976657_328.JPEG	25	0	39	63
n03976657_329.JPEG	38	3	50	63
n03976657_330.JPEG	10	0	63	3
n03976657_331.JPEG	28	9	34	63
n03976657_332.JPEG	0	0	27	63
n03976657_333.JPEG	28	0	59	63
n03976657_334.JPEG	37	3	42	45
n03976657_335.JPEG	27	0	36	63
n03976657_336.JPEG	11	0	63	63
n03976657_337.JPEG	36	7	41	63
n03976657_338.JPEG	15	3	21	63
n03976657_339.JPEG	7	6	19	59
n03976657_340.JPEG	0	34	61	42
n03976657_341.JPEG	23	0	30	27
n03976657_342.JPEG	37	1	50	63
n03976657_343.JPEG	0	20	63	63
n03976657_344.JPEG	44	22	49	63
n03976657_345.JPEG	34	1	43	63
n03976657_346.JPEG	13	25	20	63
n03976657_347.JPEG	14	5	46	63
n03976657_348.JPEG	38	0	48	63
n03976657_349.JPEG	30	0	34	63
n03976657_350.JPEG	33	0	36	63
n03976657_351.JPEG	42	0	45	63
n03976657_352.JPEG	19	19	63	34
n03976657_353.JPEG	28	7	32	63
n03976657_354.JPEG	1	0	46	63
n03976657_355.JPEG	0	39	63	50
n03976657_356.JPEG	29	0	32	63
n03976657_357.JPEG	0	3	63	63
n03976657_358.JPEG	0	4	63	63
n03976657_359.JPEG	3	0	24	63
n03976657_360.JPEG	39	9	44	63
n03976657_361.JPEG	35	0	40	62
n03976657_362.JPEG	21	2	24	38
n03976657_363.JPEG	16	0	24	63
n03976657_364.JPEG	15	1	46	63
n03976657_365.JPEG	11	5	23	63
n03976657_366.JPEG	27	0	39	63
n03976657_367.JPEG	26	38	31	63
n03976657_368.JPEG	30	9	33	63
n03976657_369.JPEG	28	28	29	54
n03976657_370.JPEG	50	17	58	51
n03976657_371.JPEG	28	0	30	63
n03976657_372.JPEG	23	14	29	63
n03976657_373.JPEG	25	4	38	62
n03976657_374.JPEG	0	12	10	63
n03976657_375.JPEG	2	0	63	63
n03976657_376.JPEG	31	0	34	63
n03976657_377.JPEG	0	0	48	61
n03976657_378.JPEG	27	0	36	59
n03976657_379.JPEG	34	0	45	63
n03976657_380.JPEG	0	27	1	63
n03976657_381.JPEG	37	26	63	32
n03976657_382.JPEG	31	16	33	54
n03976657_383.JPEG	31	0	37	63
n03976657_384.JPEG	34	3	37	63
n03976657_385.JPEG	25	28	29	52
n03976657_386.JPEG	42	0	60	63
n03976657_387.JPEG	29	3	41	63
n03976657_388.JPEG	0	0	56	12
n03976657_389.JPEG	16	0	23	63
n03976657_390.JPEG	22	0	38	63
n03976657_391.JPEG	31	29	33	45
n03976657_392.JPEG	35	12	41	63
n03976657_393.JPEG	46	4	63	63
n03976657_394.JPEG	20	0	31	63
n03976657_395.JPEG	5	59	6	63
n03976657_396.JPEG	36	0	44	58
n03976657_397.JPEG	28	0	56	63
n03976657_398.JPEG	23	28	54	63
n03976657_399.JPEG	28	11	48	63
n03976657_400.JPEG	24	0	34	63
n03976657_401.JPEG	19	17	33	51
n03976657_402.JPEG	32	20	41	63
n03976657_403.JPEG	34	0	40	63
n03976657_404.JPEG	26	0	37	63
n03976657_405.JPEG	28	0	34	63
n03976657_406.JPEG	12	0	46	63
n03976657_407.JPEG	24	0	27	63
n03976657_408.JPEG	28	0	38	63
n03976657_409.JPEG	32	0	36	62
n03976657_410.JPEG	33	5	63	63
n03976657_411.JPEG	26	0	34	51
n03976657_412.JPEG	32	0	44	63
n03976657_413.JPEG	40	2	43	63
n03976657_414.JPEG	21	22	31	63
n03976657_415.JPEG	9	12	14	63
n03976657_416.JPEG	40	0	58	62
n03976657_417.JPEG	33	0	44	63
n03976657_418.JPEG	40	18	54	63
n03976657_419.JPEG	1	4	63	14
n03976657_420.JPEG	30	35	32	63
n03976657_421.JPEG	40	0	50	58
n03976657_422.JPEG	31	2	36	61
n03976657_423.JPEG	40	29	48	63
n03976657_424.JPEG	30	0	38	63
n03976657_425.JPEG	0	0	54	63
n03976657_426.JPEG	28	14	40	63
n03976657_427.JPEG	8	14	9	48
n03976657_428.JPEG	30	10	35	63
n03976657_429.JPEG	29	0	38	63
n03976657_430.JPEG	43	2	52	63
n03976657_431.JPEG	41	12	53	63
n03976657_432.JPEG	0	4	45	63
n03976657_433.JPEG	24	13	49	63
n03976657_434.JPEG	0	1	63	63
n03976657_435.JPEG	55	41	63	61
n03976657_436.JPEG	26	0	31	63
n03976657_437.JPEG	53	42	55	48
n03976657_438.JPEG	19	0	39	63
n03976657_439.JPEG	26	7	34	63
n03976657_440.JPEG	0	0	57	57
n03976657_441.JPEG	9	0	12	63
n03976657_442.JPEG	16	11	57	63
n03976657_443.JPEG	21	0	25	38
n03976657_444.JPEG	51	1	53	61
n03976657_445.JPEG	9	0	22	63
n03976657_446.JPEG	49	0	53	63
n03976657_447.JPEG	38	18	51	59
n03976657_448.JPEG	36	0	49	63
n03976657_449.JPEG	35	0	38	63
n03976657_450.JPEG	10	7	33	32
n03976657_451.JPEG	17	0	23	63
n03976657_452.JPEG	15	9	25	63
n03976657_453.JPEG	36	0	50	63
n03976657_454.JPEG	11	17	19	63
n03976657_455.JPEG	19	0	22	63
n03976657_456.JPEG	46	0	53	63
n03976657_457.JPEG	4	0	63	63
n03976657_458.JPEG	31	6	39	53
n03976657_459.JPEG	37	0	42	63
n03976657_460.JPEG	8	11	14	48
n03976657_461.JPEG	1	0	41	63
n03976657_462.JPEG	24	4	34	56
n03976657_463.JPEG	1	40	63	42
n03976657_464.JPEG	0	7	63	63
n03976657_465.JPEG	14	1	63	48
n03976657_466.JPEG	23	2	41	63
n03976657_467.JPEG	28	21	34	63
n03976657_468.JPEG	41	13	44	46
n03976657_469.JPEG	32	4	36	63
n03976657_470.JPEG	26	5	32	55
n03976657_471.JPEG	41	46	44	60
n03976657_472.JPEG	33	12	36	37
n03976657_473.JPEG	16	0	51	63
n03976657_474.JPEG	27	0	36	63
n03976657_475.JPEG	24	17	43	63
n03976657_476.JPEG	29	0	57	63
n03976657_477.JPEG	17	17	30	63
n03976657_478.JPEG	33	0	43	63
n03976657_479.JPEG	0	7	48	63
n03976657_480.JPEG	31	0	53	63
n03976657_481.JPEG	25	22	32	59
n03976657_482.JPEG	29	15	32	53
n03976657_483.JPEG	20	13	49	63
n03976657_484.JPEG	1	12	18	63
n03976657_485.JPEG	28	7	34	63
n03976657_486.JPEG	28	0	34	26
n03976657_487.JPEG	26	1	28	57
n03976657_488.JPEG	22	5	37	60
n03976657_489.JPEG	29	5	38	63
n03976657_490.JPEG	5	0	22	63
n03976657_491.JPEG	20	0	30	63
n03976657_492.JPEG	25	0	54	63
n03976657_493.JPEG	11	0	19	56
n03976657_494.JPEG	25	0	41	63
n03976657_495.JPEG	26	3	47	63
n03976657_496.JPEG	42	0	54	63
n03976657_497.JPEG	30	0	37	55
n03976657_498.JPEG	30	0	34	63
n03976657_499.JPEG	25	4	38	63
