n02808440_0.JPEG	0	3	63	63
n02808440_1.JPEG	2	11	63	63
n02808440_2.JPEG	0	21	43	60
n02808440_3.JPEG	1	0	63	63
n02808440_4.JPEG	0	27	63	63
n02808440_5.JPEG	1	12	40	52
n02808440_6.JPEG	4	45	36	58
n02808440_7.JPEG	0	0	63	63
n02808440_8.JPEG	0	0	63	63
n02808440_9.JPEG	0	41	47	63
n02808440_10.JPEG	0	6	63	57
n02808440_11.JPEG	0	8	63	63
n02808440_12.JPEG	0	7	63	63
n02808440_13.JPEG	0	32	63	63
n02808440_14.JPEG	0	0	63	63
n02808440_15.JPEG	0	17	63	63
n02808440_16.JPEG	0	11	63	59
n02808440_17.JPEG	0	35	62	63
n02808440_18.JPEG	0	1	63	63
n02808440_19.JPEG	0	38	30	54
n02808440_20.JPEG	12	27	55	62
n02808440_21.JPEG	14	6	63	58
n02808440_22.JPEG	0	39	63	63
n02808440_23.JPEG	0	20	63	63
n02808440_24.JPEG	0	14	63	63
n02808440_25.JPEG	0	0	63	63
n02808440_26.JPEG	0	16	63	63
n02808440_27.JPEG	0	5	63	63
n02808440_28.JPEG	0	0	63	63
n02808440_29.JPEG	0	35	63	63
n02808440_30.JPEG	0	8	63	49
n02808440_31.JPEG	20	5	62	55
n02808440_32.JPEG	1	30	50	56
n02808440_33.JPEG	13	27	63	61
n02808440_34.JPEG	0	25	63	63
n02808440_35.JPEG	0	5	63	55
n02808440_36.JPEG	10	20	57	40
n02808440_37.JPEG	0	11	63	55
n02808440_38.JPEG	0	26	63	63
n02808440_39.JPEG	0	21	60	59
n02808440_40.JPEG	8	12	63	46
n02808440_41.JPEG	0	35	63	63
n02808440_42.JPEG	0	32	40	63
n02808440_43.JPEG	3	21	62	47
n02808440_44.JPEG	14	21	63	63
n02808440_45.JPEG	0	1	63	63
n02808440_46.JPEG	0	10	63	58
n02808440_47.JPEG	0	0	63	54
n02808440_48.JPEG	7	22	63	63
n02808440_49.JPEG	0	34	63	63
n02808440_50.JPEG	0	20	63	63
n02808440_51.JPEG	0	0	63	63
n02808440_52.JPEG	3	27	63	63
n02808440_53.JPEG	0	7	63	63
n02808440_54.JPEG	0	43	63	63
n02808440_55.JPEG	4	12	62	40
n02808440_56.JPEG	7	34	63	63
n02808440_57.JPEG	21	30	63	56
n02808440_58.JPEG	0	14	63	63
n02808440_59.JPEG	7	39	53	59
n02808440_60.JPEG	0	15	63	54
n02808440_61.JPEG	0	15	63	53
n02808440_62.JPEG	0	11	63	52
n02808440_63.JPEG	0	15	63	50
n02808440_64.JPEG	19	39	60	63
n02808440_65.JPEG	0	15	58	61
n02808440_66.JPEG	0	22	63	56
n02808440_67.JPEG	6	45	46	63
n02808440_68.JPEG	0	11	63	58
n02808440_69.JPEG	0	14	63	63
n02808440_70.JPEG	7	17	63	63
n02808440_71.JPEG	0	21	63	57
n02808440_72.JPEG	42	41	62	57
n02808440_73.JPEG	0	6	63	63
n02808440_74.JPEG	0	17	63	63
n02808440_75.JPEG	0	11	63	63
n02808440_76.JPEG	8	21	61	60
n02808440_77.JPEG	0	0	63	63
n02808440_78.JPEG	0	11	63	58
n02808440_79.JPEG	5	11	60	63
n02808440_80.JPEG	0	1	63	63
n02808440_81.JPEG	0	12	63	61
n02808440_82.JPEG	10	14	63	57
n02808440_83.JPEG	27	17	62	33
n02808440_84.JPEG	0	11	63	63
n02808440_85.JPEG	0	37	35	58
n02808440_86.JPEG	0	13	63	63
n02808440_87.JPEG	12	28	61	63
n02808440_88.JPEG	0	31	63	56
n02808440_89.JPEG	0	20	63	63
n02808440_90.JPEG	4	4	63	62
n02808440_91.JPEG	0	22	57	63
n02808440_92.JPEG	4	54	63	63
n02808440_93.JPEG	0	4	63	63
n02808440_94.JPEG	0	0	63	62
n02808440_95.JPEG	0	27	63	63
n02808440_96.JPEG	0	29	63	63
n02808440_97.JPEG	0	1	63	63
n02808440_98.JPEG	0	13	63	63
n02808440_99.JPEG	0	1	63	63
n02808440_100.JPEG	0	2	63	63
n02808440_101.JPEG	3	36	57	58
n02808440_102.JPEG	0	30	63	63
n02808440_103.JPEG	0	1	63	54
n02808440_104.JPEG	7	38	57	60
n02808440_105.JPEG	0	20	63	63
n02808440_106.JPEG	0	0	63	63
n02808440_107.JPEG	0	24	57	58
n02808440_108.JPEG	0	4	63	63
n02808440_109.JPEG	11	35	63	63
n02808440_110.JPEG	4	16	62	51
n02808440_111.JPEG	0	3	63	63
n02808440_112.JPEG	0	24	63	61
n02808440_113.JPEG	0	20	63	54
n02808440_114.JPEG	0	13	55	63
n02808440_115.JPEG	11	39	53	54
n02808440_116.JPEG	0	35	63	63
n02808440_117.JPEG	0	10	63	63
n02808440_118.JPEG	0	15	63	61
n02808440_119.JPEG	0	9	63	51
n02808440_120.JPEG	0	5	63	63
n02808440_121.JPEG	1	0	63	63
n02808440_122.JPEG	3	24	63	40
n02808440_123.JPEG	4	26	63	50
n02808440_124.JPEG	0	33	63	63
n02808440_125.JPEG	3	30	61	52
n02808440_126.JPEG	0	19	63	55
n02808440_127.JPEG	0	20	63	63
n02808440_128.JPEG	0	1	63	63
n02808440_129.JPEG	0	38	63	63
n02808440_130.JPEG	0	0	33	63
n02808440_131.JPEG	0	13	63	56
n02808440_132.JPEG	0	7	63	61
n02808440_133.JPEG	0	2	63	63
n02808440_134.JPEG	1	32	63	63
n02808440_135.JPEG	0	4	63	63
n02808440_136.JPEG	8	10	44	40
n02808440_137.JPEG	20	39	56	48
n02808440_138.JPEG	0	0	63	63
n02808440_139.JPEG	0	19	63	63
n02808440_140.JPEG	0	11	63	63
n02808440_141.JPEG	0	0	63	63
n02808440_142.JPEG	0	0	63	63
n02808440_143.JPEG	18	43	61	63
n02808440_144.JPEG	0	6	63	63
n02808440_145.JPEG	1	17	62	56
n02808440_146.JPEG	4	21	63	60
n02808440_147.JPEG	0	0	63	63
n02808440_148.JPEG	0	42	52	63
n02808440_149.JPEG	0	27	63	63
n02808440_150.JPEG	1	11	63	48
n02808440_151.JPEG	0	21	63	63
n02808440_152.JPEG	0	0	63	54
n02808440_153.JPEG	0	14	63	62
n02808440_154.JPEG	0	21	63	63
n02808440_155.JPEG	0	26	63	63
n02808440_156.JPEG	0	33	63	63
n02808440_157.JPEG	20	25	45	41
n02808440_158.JPEG	0	0	63	63
n02808440_159.JPEG	2	20	63	63
n02808440_160.JPEG	0	20	63	63
n02808440_161.JPEG	0	17	63	59
n02808440_162.JPEG	0	4	63	61
n02808440_163.JPEG	0	15	63	49
n02808440_164.JPEG	0	6	63	33
n02808440_165.JPEG	0	21	61	51
n02808440_166.JPEG	0	10	63	63
n02808440_167.JPEG	0	15	63	63
n02808440_168.JPEG	0	5	63	63
n02808440_169.JPEG	1	4	63	63
n02808440_170.JPEG	0	2	63	57
n02808440_171.JPEG	0	10	63	63
n02808440_172.JPEG	2	31	60	63
n02808440_173.JPEG	0	0	63	63
n02808440_174.JPEG	0	17	63	53
n02808440_175.JPEG	0	41	63	63
n02808440_176.JPEG	38	35	63	63
n02808440_177.JPEG	0	13	63	59
n02808440_178.JPEG	0	1	63	32
n02808440_179.JPEG	2	10	63	62
n02808440_180.JPEG	16	37	50	56
n02808440_181.JPEG	0	0	63	63
n02808440_182.JPEG	0	13	51	63
n02808440_183.JPEG	0	5	63	63
n02808440_184.JPEG	10	31	52	58
n02808440_185.JPEG	0	11	63	63
n02808440_186.JPEG	0	3	63	63
n02808440_187.JPEG	0	22	63	63
n02808440_188.JPEG	4	31	62	55
n02808440_189.JPEG	0	16	63	63
n02808440_190.JPEG	0	22	63	63
n02808440_191.JPEG	7	7	63	63
n02808440_192.JPEG	0	40	25	63
n02808440_193.JPEG	0	12	63	63
n02808440_194.JPEG	18	20	63	63
n02808440_195.JPEG	21	51	44	63
n02808440_196.JPEG	0	0	63	63
n02808440_197.JPEG	0	0	63	63
n02808440_198.JPEG	0	39	63	63
n02808440_199.JPEG	0	32	63	54
n02808440_200.JPEG	5	21	55	46
n02808440_201.JPEG	0	34	63	63
n02808440_202.JPEG	16	26	55	50
n02808440_203.JPEG	0	2	63	63
n02808440_204.JPEG	0	17	63	61
n02808440_205.JPEG	8	10	58	55
n02808440_206.JPEG	8	55	58	63
n02808440_207.JPEG	1	0	63	63
n02808440_208.JPEG	0	9	63	63
n02808440_209.JPEG	0	7	63	63
n02808440_210.JPEG	0	23	63	63
n02808440_211.JPEG	0	3	63	63
n02808440_212.JPEG	0	1	63	63
n02808440_213.JPEG	26	37	63	56
n02808440_214.JPEG	11	56	63	63
n02808440_215.JPEG	32	0	63	63
n02808440_216.JPEG	0	47	57	63
n02808440_217.JPEG	0	24	58	63
n02808440_218.JPEG	2	29	57	63
n02808440_219.JPEG	0	0	63	63
n02808440_220.JPEG	0	23	63	63
n02808440_221.JPEG	40	53	63	63
n02808440_222.JPEG	0	46	63	63
n02808440_223.JPEG	0	0	63	63
n02808440_224.JPEG	0	22	63	63
n02808440_225.JPEG	0	13	63	63
n02808440_226.JPEG	0	9	63	61
n02808440_227.JPEG	14	14	63	63
n02808440_228.JPEG	0	10	63	58
n02808440_229.JPEG	3	24	63	58
n02808440_230.JPEG	0	11	63	60
n02808440_231.JPEG	18	34	62	56
n02808440_232.JPEG	2	27	63	53
n02808440_233.JPEG	0	8	63	56
n02808440_234.JPEG	3	38	39	53
n02808440_235.JPEG	1	20	56	58
n02808440_236.JPEG	0	31	63	63
n02808440_237.JPEG	0	18	63	63
n02808440_238.JPEG	0	18	63	63
n02808440_239.JPEG	0	19	63	62
n02808440_240.JPEG	0	0	63	53
n02808440_241.JPEG	0	0	63	63
n02808440_242.JPEG	0	16	63	62
n02808440_243.JPEG	10	31	61	63
n02808440_244.JPEG	0	0	63	63
n02808440_245.JPEG	20	37	49	50
n02808440_246.JPEG	3	22	62	56
n02808440_247.JPEG	0	26	63	63
n02808440_248.JPEG	18	28	62	52
n02808440_249.JPEG	0	0	63	63
n02808440_250.JPEG	1	20	58	58
n02808440_251.JPEG	0	1	63	63
n02808440_252.JPEG	1	19	59	63
n02808440_253.JPEG	0	33	63	63
n02808440_254.JPEG	0	6	63	62
n02808440_255.JPEG	0	17	63	63
n02808440_256.JPEG	0	0	63	63
n02808440_257.JPEG	0	11	63	63
n02808440_258.JPEG	0	14	63	60
n02808440_259.JPEG	1	27	63	62
n02808440_260.JPEG	0	14	63	63
n02808440_261.JPEG	0	18	63	63
n02808440_262.JPEG	0	3	63	62
n02808440_263.JPEG	0	33	63	57
n02808440_264.JPEG	2	20	63	42
n02808440_265.JPEG	0	3	63	53
n02808440_266.JPEG	0	13	63	62
n02808440_267.JPEG	1	15	63	55
n02808440_268.JPEG	0	28	63	61
n02808440_269.JPEG	0	45	63	63
n02808440_270.JPEG	0	1	63	63
n02808440_271.JPEG	12	12	58	63
n02808440_272.JPEG	1	44	63	59
n02808440_273.JPEG	0	5	63	54
n02808440_274.JPEG	0	9	63	56
n02808440_275.JPEG	8	26	55	63
n02808440_276.JPEG	0	1	63	63
n02808440_277.JPEG	0	21	63	63
n02808440_278.JPEG	0	7	63	58
n02808440_279.JPEG	0	13	63	63
n02808440_280.JPEG	0	1	63	63
n02808440_281.JPEG	0	29	54	63
n02808440_282.JPEG	0	54	63	63
n02808440_283.JPEG	0	4	63	58
n02808440_284.JPEG	0	8	63	51
n02808440_285.JPEG	0	0	63	63
n02808440_286.JPEG	0	16	63	63
n02808440_287.JPEG	0	10	63	63
n02808440_288.JPEG	12	1	49	18
n02808440_289.JPEG	0	5	63	59
n02808440_290.JPEG	11	29	46	54
n02808440_291.JPEG	0	33	63	63
n02808440_292.JPEG	8	39	63	59
n02808440_293.JPEG	0	19	63	63
n02808440_294.JPEG	5	24	56	55
n02808440_295.JPEG	3	5	63	63
n02808440_296.JPEG	0	26	63	61
n02808440_297.JPEG	5	21	61	63
n02808440_298.JPEG	3	49	63	63
n02808440_299.JPEG	0	0	63	63
n02808440_300.JPEG	12	45	53	60
n02808440_301.JPEG	0	9	58	53
n02808440_302.JPEG	0	19	63	50
n02808440_303.JPEG	3	22	62	62
n02808440_304.JPEG	0	49	25	63
n02808440_305.JPEG	0	1	63	63
n02808440_306.JPEG	3	22	61	60
n02808440_307.JPEG	4	28	63	63
n02808440_308.JPEG	0	26	63	62
n02808440_309.JPEG	2	20	59	55
n02808440_310.JPEG	12	14	63	49
n02808440_311.JPEG	0	14	54	63
n02808440_312.JPEG	19	26	63	63
n02808440_313.JPEG	0	2	63	63
n02808440_314.JPEG	0	1	63	63
n02808440_315.JPEG	24	33	55	58
n02808440_316.JPEG	0	58	36	63
n02808440_317.JPEG	0	25	63	63
n02808440_318.JPEG	0	38	63	63
n02808440_319.JPEG	0	7	63	63
n02808440_320.JPEG	0	42	63	61
n02808440_321.JPEG	0	22	63	63
n02808440_322.JPEG	2	19	59	60
n02808440_323.JPEG	8	9	55	55
n02808440_324.JPEG	9	26	63	63
n02808440_325.JPEG	0	18	63	63
n02808440_326.JPEG	33	43	53	53
n02808440_327.JPEG	8	11	63	63
n02808440_328.JPEG	0	30	63	63
n02808440_329.JPEG	2	19	63	60
n02808440_330.JPEG	0	21	63	63
n02808440_331.JPEG	0	0	63	63
n02808440_332.JPEG	1	15	63	49
n02808440_333.JPEG	5	24	63	50
n02808440_334.JPEG	0	29	63	63
n02808440_335.JPEG	10	19	60	60
n02808440_336.JPEG	0	0	63	63
n02808440_337.JPEG	9	20	59	57
n02808440_338.JPEG	0	5	63	63
n02808440_339.JPEG	0	6	63	63
n02808440_340.JPEG	0	3	63	54
n02808440_341.JPEG	0	19	63	63
n02808440_342.JPEG	0	25	56	49
n02808440_343.JPEG	0	23	63	63
n02808440_344.JPEG	16	4	63	29
n02808440_345.JPEG	8	28	62	54
n02808440_346.JPEG	0	10	63	63
n02808440_347.JPEG	0	32	63	63
n02808440_348.JPEG	0	1	63	63
n02808440_349.JPEG	3	30	52	63
n02808440_350.JPEG	0	17	63	58
n02808440_351.JPEG	1	5	63	60
n02808440_352.JPEG	0	25	63	63
n02808440_353.JPEG	7	17	52	56
n02808440_354.JPEG	11	3	62	62
n02808440_355.JPEG	0	14	63	63
n02808440_356.JPEG	0	17	63	61
n02808440_357.JPEG	0	36	63	63
n02808440_358.JPEG	0	25	63	63
n02808440_359.JPEG	7	19	56	63
n02808440_360.JPEG	9	26	61	58
n02808440_361.JPEG	0	2	63	63
n02808440_362.JPEG	0	6	63	60
n02808440_363.JPEG	0	39	63	63
n02808440_364.JPEG	0	8	63	56
n02808440_365.JPEG	0	18	63	63
n02808440_366.JPEG	1	36	58	63
n02808440_367.JPEG	15	11	50	51
n02808440_368.JPEG	0	19	63	56
n02808440_369.JPEG	0	25	63	63
n02808440_370.JPEG	0	0	63	63
n02808440_371.JPEG	0	27	63	57
n02808440_372.JPEG	0	1	63	63
n02808440_373.JPEG	3	21	63	54
n02808440_374.JPEG	0	21	63	63
n02808440_375.JPEG	9	41	54	56
n02808440_376.JPEG	6	25	63	63
n02808440_377.JPEG	0	1	63	63
n02808440_378.JPEG	0	35	63	63
n02808440_379.JPEG	0	1	63	63
n02808440_380.JPEG	0	42	63	63
n02808440_381.JPEG	8	19	63	60
n02808440_382.JPEG	6	29	57	58
n02808440_383.JPEG	0	23	63	63
n02808440_384.JPEG	0	0	63	63
n02808440_385.JPEG	17	41	63	63
n02808440_386.JPEG	0	0	63	63
n02808440_387.JPEG	1	18	63	47
n02808440_388.JPEG	0	19	63	56
n02808440_389.JPEG	0	2	47	63
n02808440_390.JPEG	0	16	63	60
n02808440_391.JPEG	0	11	63	50
n02808440_392.JPEG	0	0	63	63
n02808440_393.JPEG	0	22	63	63
n02808440_394.JPEG	0	39	63	63
n02808440_395.JPEG	0	16	61	59
n02808440_396.JPEG	7	30	63	48
n02808440_397.JPEG	7	34	52	58
n02808440_398.JPEG	2	23	57	63
n02808440_399.JPEG	0	28	63	59
n02808440_400.JPEG	0	36	63	63
n02808440_401.JPEG	0	25	50	52
n02808440_402.JPEG	0	27	63	63
n02808440_403.JPEG	2	45	55	63
n02808440_404.JPEG	12	26	61	46
n02808440_405.JPEG	0	22	63	63
n02808440_406.JPEG	0	12	63	50
n02808440_407.JPEG	0	8	63	63
n02808440_408.JPEG	0	23	63	55
n02808440_409.JPEG	0	17	61	62
n02808440_410.JPEG	12	20	61	62
n02808440_411.JPEG	0	10	63	63
n02808440_412.JPEG	0	31	63	63
n02808440_413.JPEG	10	17	63	63
n02808440_414.JPEG	0	5	52	63
n02808440_415.JPEG	0	38	57	63
n02808440_416.JPEG	20	36	63	52
n02808440_417.JPEG	1	30	63	63
n02808440_418.JPEG	8	32	56	55
n02808440_419.JPEG	0	14	63	63
n02808440_420.JPEG	0	0	63	63
n02808440_421.JPEG	0	0	63	63
n02808440_422.JPEG	0	36	63	63
n02808440_423.JPEG	0	27	63	63
n02808440_424.JPEG	0	16	63	63
n02808440_425.JPEG	12	45	52	59
n02808440_426.JPEG	0	14	63	51
n02808440_427.JPEG	1	15	63	50
n02808440_428.JPEG	10	34	63	58
n02808440_429.JPEG	0	8	62	59
n02808440_430.JPEG	0	20	63	63
n02808440_431.JPEG	8	3	61	15
n02808440_432.JPEG	0	32	63	63
n02808440_433.JPEG	0	45	59	63
n02808440_434.JPEG	0	0	63	63
n02808440_435.JPEG	0	12	63	63
n02808440_436.JPEG	0	38	44	63
n02808440_437.JPEG	0	29	63	63
n02808440_438.JPEG	5	17	63	63
n02808440_439.JPEG	0	0	63	63
n02808440_440.JPEG	0	17	63	63
n02808440_441.JPEG	0	5	63	63
n02808440_442.JPEG	5	1	63	61
n02808440_443.JPEG	0	21	63	63
n02808440_444.JPEG	7	18	62	40
n02808440_445.JPEG	7	31	49	55
n02808440_446.JPEG	0	27	63	63
n02808440_447.JPEG	0	17	63	46
n02808440_448.JPEG	0	13	63	52
n02808440_449.JPEG	4	16	58	49
n02808440_450.JPEG	0	39	63	63
n02808440_451.JPEG	0	23	63	63
n02808440_452.JPEG	0	18	63	63
n02808440_453.JPEG	0	10	63	53
n02808440_454.JPEG	13	28	63	56
n02808440_455.JPEG	16	27	41	48
n02808440_456.JPEG	0	13	63	63
n02808440_457.JPEG	0	25	63	63
n02808440_458.JPEG	0	0	63	63
n02808440_459.JPEG	0	23	63	63
n02808440_460.JPEG	0	30	63	63
n02808440_461.JPEG	0	14	63	58
n02808440_462.JPEG	0	22	63	63
n02808440_463.JPEG	12	32	49	51
n02808440_464.JPEG	0	10	63	63
n02808440_465.JPEG	0	25	63	63
n02808440_466.JPEG	0	43	63	63
n02808440_467.JPEG	0	27	60	63
n02808440_468.JPEG	0	1	63	63
n02808440_469.JPEG	0	3	63	63
n02808440_470.JPEG	6	36	58	63
n02808440_471.JPEG	22	39	63	56
n02808440_472.JPEG	0	20	63	49
n02808440_473.JPEG	13	0	63	63
n02808440_474.JPEG	0	14	63	63
n02808440_475.JPEG	6	35	31	63
n02808440_476.JPEG	0	8	63	63
n02808440_477.JPEG	0	11	63	63
n02808440_478.JPEG	0	2	50	63
n02808440_479.JPEG	0	1	63	63
n02808440_480.JPEG	1	49	63	63
n02808440_481.JPEG	0	1	63	63
n02808440_482.JPEG	0	0	63	63
n02808440_483.JPEG	4	24	63	57
n02808440_484.JPEG	0	25	63	59
n02808440_485.JPEG	0	0	63	63
n02808440_486.JPEG	15	48	62	63
n02808440_487.JPEG	0	0	63	63
n02808440_488.JPEG	0	5	63	63
n02808440_489.JPEG	7	3	63	62
n02808440_490.JPEG	0	16	63	60
n02808440_491.JPEG	0	27	56	59
n02808440_492.JPEG	9	24	63	53
n02808440_493.JPEG	0	16	63	63
n02808440_494.JPEG	0	16	63	54
n02808440_495.JPEG	0	41	63	63
n02808440_496.JPEG	0	8	63	63
n02808440_497.JPEG	0	22	63	60
n02808440_498.JPEG	33	32	63	63
n02808440_499.JPEG	2	19	63	57
