n03930313_0.JPEG	0	14	63	63
n03930313_1.JPEG	0	35	63	63
n03930313_2.JPEG	0	47	63	61
n03930313_3.JPEG	0	13	63	47
n03930313_4.JPEG	56	1	63	63
n03930313_5.JPEG	1	20	63	63
n03930313_6.JPEG	34	63	63	63
n03930313_7.JPEG	0	4	63	61
n03930313_8.JPEG	0	36	63	63
n03930313_9.JPEG	0	29	63	47
n03930313_10.JPEG	0	45	63	63
n03930313_11.JPEG	0	4	63	63
n03930313_12.JPEG	0	10	63	63
n03930313_13.JPEG	0	28	63	63
n03930313_14.JPEG	0	35	63	41
n03930313_15.JPEG	0	55	63	63
n03930313_16.JPEG	0	0	63	63
n03930313_17.JPEG	0	43	63	63
n03930313_18.JPEG	0	40	44	61
n03930313_19.JPEG	0	5	40	63
n03930313_20.JPEG	0	3	63	63
n03930313_21.JPEG	0	45	63	54
n03930313_22.JPEG	0	44	63	63
n03930313_23.JPEG	0	1	63	57
n03930313_24.JPEG	0	47	48	63
n03930313_25.JPEG	15	19	60	63
n03930313_26.JPEG	0	1	63	46
n03930313_27.JPEG	0	0	63	63
n03930313_28.JPEG	0	34	63	63
n03930313_29.JPEG	0	48	63	63
n03930313_30.JPEG	23	42	63	60
n03930313_31.JPEG	0	0	49	63
n03930313_32.JPEG	0	2	63	27
n03930313_33.JPEG	0	18	63	63
n03930313_34.JPEG	10	0	63	63
n03930313_35.JPEG	0	16	63	63
n03930313_36.JPEG	0	3	63	61
n03930313_37.JPEG	5	9	63	63
n03930313_38.JPEG	0	41	63	63
n03930313_39.JPEG	0	1	63	63
n03930313_40.JPEG	1	18	63	37
n03930313_41.JPEG	0	4	63	59
n03930313_42.JPEG	0	40	63	63
n03930313_43.JPEG	0	32	63	63
n03930313_44.JPEG	0	16	63	63
n03930313_45.JPEG	4	23	63	54
n03930313_46.JPEG	0	3	63	53
n03930313_47.JPEG	0	38	63	61
n03930313_48.JPEG	29	20	63	63
n03930313_49.JPEG	0	50	63	60
n03930313_50.JPEG	1	50	63	62
n03930313_51.JPEG	5	0	59	63
n03930313_52.JPEG	0	53	63	63
n03930313_53.JPEG	0	5	63	63
n03930313_54.JPEG	7	23	60	53
n03930313_55.JPEG	0	0	63	63
n03930313_56.JPEG	1	36	53	63
n03930313_57.JPEG	2	33	63	63
n03930313_58.JPEG	0	12	63	47
n03930313_59.JPEG	1	1	63	63
n03930313_60.JPEG	0	23	63	63
n03930313_61.JPEG	0	34	63	63
n03930313_62.JPEG	0	3	42	63
n03930313_63.JPEG	31	25	56	44
n03930313_64.JPEG	0	20	61	63
n03930313_65.JPEG	0	0	54	63
n03930313_66.JPEG	0	3	63	63
n03930313_67.JPEG	0	47	63	63
n03930313_68.JPEG	5	0	61	63
n03930313_69.JPEG	1	0	59	63
n03930313_70.JPEG	0	6	62	58
n03930313_71.JPEG	0	39	63	63
n03930313_72.JPEG	0	56	38	63
n03930313_73.JPEG	0	20	63	63
n03930313_74.JPEG	0	26	63	57
n03930313_75.JPEG	1	6	63	63
n03930313_76.JPEG	0	0	63	51
n03930313_77.JPEG	0	10	63	63
n03930313_78.JPEG	55	37	63	53
n03930313_79.JPEG	0	15	63	47
n03930313_80.JPEG	0	21	63	41
n03930313_81.JPEG	1	11	63	46
n03930313_82.JPEG	0	47	63	63
n03930313_83.JPEG	0	52	36	62
n03930313_84.JPEG	2	6	58	63
n03930313_85.JPEG	0	25	63	63
n03930313_86.JPEG	0	0	63	63
n03930313_87.JPEG	0	0	63	63
n03930313_88.JPEG	0	38	0	62
n03930313_89.JPEG	0	15	63	63
n03930313_90.JPEG	39	40	61	63
n03930313_91.JPEG	0	7	63	63
n03930313_92.JPEG	0	18	63	63
n03930313_93.JPEG	0	1	63	40
n03930313_94.JPEG	0	6	63	63
n03930313_95.JPEG	1	43	63	53
n03930313_96.JPEG	22	1	63	53
n03930313_97.JPEG	6	12	55	63
n03930313_98.JPEG	0	23	63	63
n03930313_99.JPEG	0	1	63	63
n03930313_100.JPEG	0	32	63	57
n03930313_101.JPEG	0	26	63	63
n03930313_102.JPEG	0	34	62	63
n03930313_103.JPEG	0	63	63	63
n03930313_104.JPEG	1	23	53	63
n03930313_105.JPEG	0	39	63	63
n03930313_106.JPEG	0	0	47	63
n03930313_107.JPEG	52	31	63	58
n03930313_108.JPEG	15	22	54	63
n03930313_109.JPEG	8	0	63	63
n03930313_110.JPEG	0	48	55	63
n03930313_111.JPEG	0	47	63	59
n03930313_112.JPEG	34	44	63	54
n03930313_113.JPEG	46	17	63	42
n03930313_114.JPEG	30	22	48	63
n03930313_115.JPEG	0	20	63	63
n03930313_116.JPEG	0	14	63	63
n03930313_117.JPEG	0	28	4	43
n03930313_118.JPEG	0	45	63	63
n03930313_119.JPEG	0	6	63	57
n03930313_120.JPEG	20	50	63	63
n03930313_121.JPEG	1	25	63	63
n03930313_122.JPEG	0	58	63	63
n03930313_123.JPEG	10	23	44	51
n03930313_124.JPEG	0	22	25	40
n03930313_125.JPEG	0	0	63	63
n03930313_126.JPEG	0	35	63	63
n03930313_127.JPEG	42	16	63	45
n03930313_128.JPEG	37	28	63	40
n03930313_129.JPEG	0	18	63	63
n03930313_130.JPEG	0	32	63	44
n03930313_131.JPEG	0	46	0	63
n03930313_132.JPEG	51	45	63	63
n03930313_133.JPEG	0	27	27	38
n03930313_134.JPEG	1	51	41	63
n03930313_135.JPEG	0	35	63	48
n03930313_136.JPEG	1	0	63	63
n03930313_137.JPEG	0	1	63	63
n03930313_138.JPEG	3	42	63	63
n03930313_139.JPEG	0	44	63	63
n03930313_140.JPEG	0	32	63	56
n03930313_141.JPEG	1	0	63	29
n03930313_142.JPEG	0	0	63	63
n03930313_143.JPEG	0	15	63	55
n03930313_144.JPEG	59	37	62	62
n03930313_145.JPEG	0	42	63	63
n03930313_146.JPEG	0	58	63	63
n03930313_147.JPEG	0	0	63	63
n03930313_148.JPEG	0	26	63	63
n03930313_149.JPEG	0	12	63	55
n03930313_150.JPEG	0	28	63	63
n03930313_151.JPEG	0	0	63	63
n03930313_152.JPEG	1	15	63	41
n03930313_153.JPEG	0	44	63	59
n03930313_154.JPEG	0	23	63	63
n03930313_155.JPEG	5	26	39	44
n03930313_156.JPEG	0	36	63	48
n03930313_157.JPEG	0	42	63	63
n03930313_158.JPEG	41	34	63	63
n03930313_159.JPEG	1	44	63	63
n03930313_160.JPEG	0	2	63	63
n03930313_161.JPEG	14	0	63	63
n03930313_162.JPEG	2	11	63	63
n03930313_163.JPEG	8	18	63	51
n03930313_164.JPEG	11	0	63	63
n03930313_165.JPEG	19	44	48	52
n03930313_166.JPEG	0	0	63	56
n03930313_167.JPEG	0	38	63	63
n03930313_168.JPEG	0	2	63	63
n03930313_169.JPEG	0	43	63	63
n03930313_170.JPEG	0	1	63	54
n03930313_171.JPEG	0	1	63	63
n03930313_172.JPEG	0	0	63	63
n03930313_173.JPEG	0	48	63	63
n03930313_174.JPEG	0	12	63	63
n03930313_175.JPEG	1	0	59	63
n03930313_176.JPEG	0	10	63	63
n03930313_177.JPEG	22	17	63	37
n03930313_178.JPEG	0	1	63	63
n03930313_179.JPEG	0	0	63	63
n03930313_180.JPEG	1	61	63	63
n03930313_181.JPEG	0	7	63	63
n03930313_182.JPEG	0	4	63	63
n03930313_183.JPEG	0	40	63	63
n03930313_184.JPEG	0	5	63	63
n03930313_185.JPEG	5	20	63	63
n03930313_186.JPEG	0	51	63	56
n03930313_187.JPEG	0	41	63	63
n03930313_188.JPEG	0	0	63	63
n03930313_189.JPEG	0	1	63	63
n03930313_190.JPEG	0	25	63	39
n03930313_191.JPEG	0	0	63	52
n03930313_192.JPEG	0	18	63	46
n03930313_193.JPEG	0	1	63	63
n03930313_194.JPEG	37	30	63	43
n03930313_195.JPEG	0	5	49	63
n03930313_196.JPEG	0	38	63	63
n03930313_197.JPEG	0	22	63	50
n03930313_198.JPEG	0	18	63	50
n03930313_199.JPEG	0	25	63	52
n03930313_200.JPEG	1	0	63	63
n03930313_201.JPEG	7	0	63	63
n03930313_202.JPEG	0	9	63	60
n03930313_203.JPEG	8	23	54	47
n03930313_204.JPEG	0	3	63	63
n03930313_205.JPEG	1	19	63	63
n03930313_206.JPEG	0	0	41	40
n03930313_207.JPEG	0	0	63	63
n03930313_208.JPEG	0	13	63	63
n03930313_209.JPEG	5	24	60	59
n03930313_210.JPEG	0	27	63	52
n03930313_211.JPEG	9	27	56	59
n03930313_212.JPEG	0	5	63	32
n03930313_213.JPEG	0	10	63	63
n03930313_214.JPEG	12	25	63	62
n03930313_215.JPEG	20	0	63	63
n03930313_216.JPEG	0	40	51	63
n03930313_217.JPEG	0	3	63	63
n03930313_218.JPEG	4	0	63	63
n03930313_219.JPEG	1	0	63	63
n03930313_220.JPEG	0	34	63	63
n03930313_221.JPEG	17	0	63	63
n03930313_222.JPEG	0	46	63	63
n03930313_223.JPEG	0	44	63	63
n03930313_224.JPEG	0	5	63	63
n03930313_225.JPEG	0	0	63	51
n03930313_226.JPEG	0	23	63	63
n03930313_227.JPEG	0	0	63	63
n03930313_228.JPEG	0	35	20	57
n03930313_229.JPEG	0	40	63	63
n03930313_230.JPEG	0	23	63	63
n03930313_231.JPEG	0	1	63	55
n03930313_232.JPEG	0	23	63	39
n03930313_233.JPEG	0	7	63	63
n03930313_234.JPEG	33	0	63	63
n03930313_235.JPEG	0	37	63	60
n03930313_236.JPEG	32	26	61	63
n03930313_237.JPEG	0	23	63	49
n03930313_238.JPEG	22	1	63	20
n03930313_239.JPEG	0	1	63	63
n03930313_240.JPEG	0	43	63	52
n03930313_241.JPEG	0	37	63	63
n03930313_242.JPEG	0	28	63	63
n03930313_243.JPEG	0	39	63	53
n03930313_244.JPEG	0	30	26	52
n03930313_245.JPEG	0	28	63	63
n03930313_246.JPEG	3	11	63	54
n03930313_247.JPEG	0	25	63	63
n03930313_248.JPEG	0	0	52	63
n03930313_249.JPEG	0	44	43	63
n03930313_250.JPEG	0	54	63	63
n03930313_251.JPEG	1	31	63	63
n03930313_252.JPEG	1	33	63	60
n03930313_253.JPEG	0	1	63	63
n03930313_254.JPEG	11	25	63	52
n03930313_255.JPEG	0	3	63	63
n03930313_256.JPEG	0	35	26	63
n03930313_257.JPEG	0	10	63	56
n03930313_258.JPEG	10	38	63	63
n03930313_259.JPEG	0	0	63	63
n03930313_260.JPEG	11	37	63	45
n03930313_261.JPEG	0	32	0	39
n03930313_262.JPEG	0	20	48	37
n03930313_263.JPEG	0	0	63	63
n03930313_264.JPEG	1	11	42	63
n03930313_265.JPEG	19	15	23	63
n03930313_266.JPEG	0	18	41	56
n03930313_267.JPEG	15	9	48	63
n03930313_268.JPEG	7	16	47	52
n03930313_269.JPEG	15	6	52	61
n03930313_270.JPEG	4	42	63	58
n03930313_271.JPEG	0	3	63	63
n03930313_272.JPEG	0	4	63	55
n03930313_273.JPEG	0	26	63	32
n03930313_274.JPEG	0	23	63	63
n03930313_275.JPEG	0	1	63	63
n03930313_276.JPEG	0	52	63	63
n03930313_277.JPEG	0	1	63	63
n03930313_278.JPEG	0	27	63	63
n03930313_279.JPEG	0	45	63	63
n03930313_280.JPEG	5	12	63	63
n03930313_281.JPEG	0	41	63	63
n03930313_282.JPEG	0	7	63	63
n03930313_283.JPEG	0	0	63	63
n03930313_284.JPEG	0	43	63	62
n03930313_285.JPEG	1	22	63	57
n03930313_286.JPEG	0	0	38	63
n03930313_287.JPEG	0	25	63	63
n03930313_288.JPEG	0	17	63	63
n03930313_289.JPEG	10	19	63	63
n03930313_290.JPEG	0	32	10	42
n03930313_291.JPEG	0	10	63	63
n03930313_292.JPEG	0	11	63	51
n03930313_293.JPEG	0	5	63	63
n03930313_294.JPEG	7	42	63	63
n03930313_295.JPEG	0	36	63	63
n03930313_296.JPEG	0	41	56	63
n03930313_297.JPEG	0	43	63	52
n03930313_298.JPEG	0	1	63	63
n03930313_299.JPEG	0	1	63	63
n03930313_300.JPEG	17	29	63	63
n03930313_301.JPEG	16	0	63	63
n03930313_302.JPEG	1	62	49	63
n03930313_303.JPEG	0	15	63	63
n03930313_304.JPEG	0	3	63	53
n03930313_305.JPEG	1	54	63	63
n03930313_306.JPEG	0	25	63	63
n03930313_307.JPEG	0	12	63	63
n03930313_308.JPEG	0	18	59	63
n03930313_309.JPEG	0	45	63	54
n03930313_310.JPEG	24	8	59	16
n03930313_311.JPEG	11	45	63	63
n03930313_312.JPEG	0	10	63	63
n03930313_313.JPEG	21	25	63	63
n03930313_314.JPEG	8	13	63	63
n03930313_315.JPEG	1	41	48	57
n03930313_316.JPEG	1	15	63	39
n03930313_317.JPEG	0	34	63	45
n03930313_318.JPEG	0	7	63	51
n03930313_319.JPEG	0	50	42	63
n03930313_320.JPEG	0	3	63	62
n03930313_321.JPEG	0	24	63	63
n03930313_322.JPEG	0	1	63	63
n03930313_323.JPEG	0	32	63	57
n03930313_324.JPEG	0	0	63	63
n03930313_325.JPEG	0	43	63	63
n03930313_326.JPEG	0	46	32	50
n03930313_327.JPEG	0	40	63	57
n03930313_328.JPEG	1	34	63	63
n03930313_329.JPEG	0	45	63	63
n03930313_330.JPEG	0	15	63	30
n03930313_331.JPEG	0	12	63	60
n03930313_332.JPEG	0	1	63	63
n03930313_333.JPEG	0	8	63	63
n03930313_334.JPEG	0	0	63	63
n03930313_335.JPEG	25	30	57	45
n03930313_336.JPEG	0	33	63	55
n03930313_337.JPEG	0	0	61	58
n03930313_338.JPEG	0	23	63	62
n03930313_339.JPEG	0	35	63	53
n03930313_340.JPEG	1	0	63	63
n03930313_341.JPEG	0	4	62	53
n03930313_342.JPEG	7	7	63	63
n03930313_343.JPEG	0	0	63	63
n03930313_344.JPEG	0	35	63	48
n03930313_345.JPEG	10	2	63	63
n03930313_346.JPEG	0	38	27	47
n03930313_347.JPEG	1	6	63	63
n03930313_348.JPEG	0	51	63	63
n03930313_349.JPEG	4	1	63	52
n03930313_350.JPEG	0	19	63	61
n03930313_351.JPEG	51	4	63	56
n03930313_352.JPEG	48	57	48	63
n03930313_353.JPEG	0	44	63	63
n03930313_354.JPEG	0	1	63	63
n03930313_355.JPEG	0	37	63	61
n03930313_356.JPEG	0	18	60	57
n03930313_357.JPEG	0	8	36	63
n03930313_358.JPEG	0	13	63	55
n03930313_359.JPEG	0	20	63	63
n03930313_360.JPEG	0	15	63	51
n03930313_361.JPEG	0	0	63	55
n03930313_362.JPEG	17	47	44	63
n03930313_363.JPEG	0	0	63	63
n03930313_364.JPEG	0	48	49	58
n03930313_365.JPEG	0	21	63	60
n03930313_366.JPEG	0	49	63	61
n03930313_367.JPEG	0	44	63	56
n03930313_368.JPEG	10	4	63	63
n03930313_369.JPEG	0	20	63	58
n03930313_370.JPEG	0	2	63	63
n03930313_371.JPEG	0	58	63	63
n03930313_372.JPEG	1	26	63	63
n03930313_373.JPEG	0	2	63	63
n03930313_374.JPEG	0	15	63	63
n03930313_375.JPEG	0	10	63	63
n03930313_376.JPEG	0	43	63	63
n03930313_377.JPEG	8	22	63	63
n03930313_378.JPEG	0	26	63	63
n03930313_379.JPEG	0	25	63	51
n03930313_380.JPEG	0	0	63	49
n03930313_381.JPEG	12	0	63	63
n03930313_382.JPEG	0	40	63	51
n03930313_383.JPEG	0	5	63	63
n03930313_384.JPEG	43	1	63	6
n03930313_385.JPEG	0	20	26	63
n03930313_386.JPEG	34	32	63	49
n03930313_387.JPEG	15	42	63	54
n03930313_388.JPEG	0	3	63	63
n03930313_389.JPEG	0	5	63	63
n03930313_390.JPEG	0	52	63	62
n03930313_391.JPEG	1	0	63	63
n03930313_392.JPEG	0	14	54	63
n03930313_393.JPEG	0	5	63	63
n03930313_394.JPEG	0	42	63	63
n03930313_395.JPEG	0	21	63	63
n03930313_396.JPEG	0	21	46	55
n03930313_397.JPEG	0	15	63	63
n03930313_398.JPEG	3	0	63	37
n03930313_399.JPEG	0	56	63	63
n03930313_400.JPEG	22	0	63	63
n03930313_401.JPEG	0	0	63	37
n03930313_402.JPEG	0	19	63	34
n03930313_403.JPEG	0	23	61	46
n03930313_404.JPEG	30	33	63	63
n03930313_405.JPEG	0	37	58	63
n03930313_406.JPEG	0	5	63	51
n03930313_407.JPEG	17	9	63	63
n03930313_408.JPEG	32	31	59	40
n03930313_409.JPEG	0	5	63	63
n03930313_410.JPEG	17	2	63	30
n03930313_411.JPEG	0	20	34	46
n03930313_412.JPEG	0	26	63	63
n03930313_413.JPEG	5	0	60	55
n03930313_414.JPEG	0	5	63	63
n03930313_415.JPEG	0	14	63	63
n03930313_416.JPEG	0	29	63	56
n03930313_417.JPEG	1	38	63	63
n03930313_418.JPEG	0	13	63	63
n03930313_419.JPEG	0	27	63	55
n03930313_420.JPEG	1	33	63	63
n03930313_421.JPEG	29	2	58	63
n03930313_422.JPEG	7	38	63	61
n03930313_423.JPEG	0	26	63	44
n03930313_424.JPEG	0	38	43	63
n03930313_425.JPEG	0	42	63	60
n03930313_426.JPEG	0	11	63	63
n03930313_427.JPEG	5	13	59	59
n03930313_428.JPEG	0	6	63	63
n03930313_429.JPEG	0	14	63	36
n03930313_430.JPEG	0	23	36	43
n03930313_431.JPEG	0	8	63	63
n03930313_432.JPEG	0	14	63	63
n03930313_433.JPEG	0	24	21	35
n03930313_434.JPEG	0	39	63	63
n03930313_435.JPEG	0	28	63	63
n03930313_436.JPEG	0	27	63	63
n03930313_437.JPEG	0	18	56	42
n03930313_438.JPEG	0	51	63	63
n03930313_439.JPEG	0	40	63	55
n03930313_440.JPEG	0	32	63	63
n03930313_441.JPEG	0	4	61	63
n03930313_442.JPEG	0	13	63	53
n03930313_443.JPEG	18	0	63	63
n03930313_444.JPEG	7	49	55	63
n03930313_445.JPEG	34	41	63	60
n03930313_446.JPEG	30	5	63	63
n03930313_447.JPEG	1	30	57	63
n03930313_448.JPEG	1	23	63	63
n03930313_449.JPEG	0	7	63	63
n03930313_450.JPEG	0	44	63	60
n03930313_451.JPEG	0	28	63	63
n03930313_452.JPEG	0	30	63	63
n03930313_453.JPEG	0	30	63	63
n03930313_454.JPEG	0	1	42	63
n03930313_455.JPEG	0	11	63	56
n03930313_456.JPEG	0	43	20	59
n03930313_457.JPEG	0	28	16	59
n03930313_458.JPEG	0	20	63	63
n03930313_459.JPEG	3	3	63	63
n03930313_460.JPEG	1	34	63	63
n03930313_461.JPEG	0	19	63	57
n03930313_462.JPEG	0	27	63	63
n03930313_463.JPEG	0	24	63	63
n03930313_464.JPEG	2	17	63	62
n03930313_465.JPEG	1	63	63	63
n03930313_466.JPEG	0	19	63	63
n03930313_467.JPEG	0	16	63	48
n03930313_468.JPEG	14	29	63	63
n03930313_469.JPEG	0	36	63	62
n03930313_470.JPEG	0	0	63	63
n03930313_471.JPEG	0	19	63	63
n03930313_472.JPEG	0	38	63	63
n03930313_473.JPEG	0	3	63	63
n03930313_474.JPEG	0	16	63	63
n03930313_475.JPEG	0	31	63	51
n03930313_476.JPEG	0	13	40	57
n03930313_477.JPEG	0	16	63	63
n03930313_478.JPEG	0	1	63	63
n03930313_479.JPEG	0	49	63	63
n03930313_480.JPEG	2	47	63	60
n03930313_481.JPEG	0	3	63	36
n03930313_482.JPEG	0	45	63	63
n03930313_483.JPEG	6	18	63	44
n03930313_484.JPEG	0	43	63	63
n03930313_485.JPEG	1	0	63	63
n03930313_486.JPEG	0	3	63	63
n03930313_487.JPEG	0	11	63	63
n03930313_488.JPEG	1	59	63	63
n03930313_489.JPEG	0	7	63	33
n03930313_490.JPEG	0	0	63	63
n03930313_491.JPEG	0	36	63	63
n03930313_492.JPEG	24	0	63	63
n03930313_493.JPEG	0	26	63	63
n03930313_494.JPEG	0	31	63	52
n03930313_495.JPEG	0	17	63	63
n03930313_496.JPEG	0	40	63	63
n03930313_497.JPEG	0	8	63	63
n03930313_498.JPEG	0	36	63	63
n03930313_499.JPEG	1	27	62	63
