n03617480_0.JPEG	24	21	42	63
n03617480_1.JPEG	0	34	58	63
n03617480_2.JPEG	5	14	48	63
n03617480_3.JPEG	0	0	56	63
n03617480_4.JPEG	0	0	63	63
n03617480_5.JPEG	30	9	50	62
n03617480_6.JPEG	18	8	47	63
n03617480_7.JPEG	10	0	62	63
n03617480_8.JPEG	5	9	63	63
n03617480_9.JPEG	17	35	63	63
n03617480_10.JPEG	3	22	53	63
n03617480_11.JPEG	4	0	62	63
n03617480_12.JPEG	4	1	49	63
n03617480_13.JPEG	28	2	56	63
n03617480_14.JPEG	1	0	63	63
n03617480_15.JPEG	5	0	59	63
n03617480_16.JPEG	0	17	40	49
n03617480_17.JPEG	25	16	53	63
n03617480_18.JPEG	16	10	48	63
n03617480_19.JPEG	18	5	63	63
n03617480_20.JPEG	17	3	43	63
n03617480_21.JPEG	7	0	62	63
n03617480_22.JPEG	9	0	63	63
n03617480_23.JPEG	0	26	42	63
n03617480_24.JPEG	9	0	57	63
n03617480_25.JPEG	15	0	63	63
n03617480_26.JPEG	3	22	63	63
n03617480_27.JPEG	15	21	56	63
n03617480_28.JPEG	14	0	59	63
n03617480_29.JPEG	8	0	59	63
n03617480_30.JPEG	10	28	63	63
n03617480_31.JPEG	12	21	45	63
n03617480_32.JPEG	19	21	44	63
n03617480_33.JPEG	0	29	63	63
n03617480_34.JPEG	23	13	45	63
n03617480_35.JPEG	3	0	59	63
n03617480_36.JPEG	18	24	34	63
n03617480_37.JPEG	0	0	46	63
n03617480_38.JPEG	4	8	25	59
n03617480_39.JPEG	3	15	63	63
n03617480_40.JPEG	3	19	63	63
n03617480_41.JPEG	7	14	53	63
n03617480_42.JPEG	19	13	63	63
n03617480_43.JPEG	1	0	63	63
n03617480_44.JPEG	9	32	63	63
n03617480_45.JPEG	12	6	52	63
n03617480_46.JPEG	10	9	59	63
n03617480_47.JPEG	0	16	44	63
n03617480_48.JPEG	12	9	49	63
n03617480_49.JPEG	8	0	59	63
n03617480_50.JPEG	52	23	63	56
n03617480_51.JPEG	13	19	63	63
n03617480_52.JPEG	17	8	45	63
n03617480_53.JPEG	0	2	59	63
n03617480_54.JPEG	0	0	63	63
n03617480_55.JPEG	3	13	53	63
n03617480_56.JPEG	2	0	56	63
n03617480_57.JPEG	8	0	62	63
n03617480_58.JPEG	15	1	52	63
n03617480_59.JPEG	41	18	63	57
n03617480_60.JPEG	15	2	51	63
n03617480_61.JPEG	19	14	50	63
n03617480_62.JPEG	0	31	47	63
n03617480_63.JPEG	1	20	63	63
n03617480_64.JPEG	4	10	63	63
n03617480_65.JPEG	1	0	63	63
n03617480_66.JPEG	0	20	2	59
n03617480_67.JPEG	16	24	61	63
n03617480_68.JPEG	6	18	52	63
n03617480_69.JPEG	26	28	63	63
n03617480_70.JPEG	5	22	22	63
n03617480_71.JPEG	19	10	43	63
n03617480_72.JPEG	8	12	54	63
n03617480_73.JPEG	3	1	63	63
n03617480_74.JPEG	20	18	63	63
n03617480_75.JPEG	34	9	58	63
n03617480_76.JPEG	0	43	63	63
n03617480_77.JPEG	24	23	41	60
n03617480_78.JPEG	14	7	50	63
n03617480_79.JPEG	6	18	48	63
n03617480_80.JPEG	22	35	55	63
n03617480_81.JPEG	35	15	63	63
n03617480_82.JPEG	30	18	56	62
n03617480_83.JPEG	7	23	63	63
n03617480_84.JPEG	0	0	63	63
n03617480_85.JPEG	21	12	54	63
n03617480_86.JPEG	19	0	63	63
n03617480_87.JPEG	21	2	45	63
n03617480_88.JPEG	12	1	45	63
n03617480_89.JPEG	14	23	32	63
n03617480_90.JPEG	31	11	45	56
n03617480_91.JPEG	12	8	54	63
n03617480_92.JPEG	17	16	48	63
n03617480_93.JPEG	0	0	44	63
n03617480_94.JPEG	18	16	45	63
n03617480_95.JPEG	36	0	60	56
n03617480_96.JPEG	1	0	49	63
n03617480_97.JPEG	18	17	63	63
n03617480_98.JPEG	4	32	25	63
n03617480_99.JPEG	12	26	54	63
n03617480_100.JPEG	30	2	54	63
n03617480_101.JPEG	31	24	63	63
n03617480_102.JPEG	8	0	61	63
n03617480_103.JPEG	28	23	53	62
n03617480_104.JPEG	59	14	63	63
n03617480_105.JPEG	8	7	54	63
n03617480_106.JPEG	0	13	63	63
n03617480_107.JPEG	27	2	60	63
n03617480_108.JPEG	16	2	41	63
n03617480_109.JPEG	14	10	39	63
n03617480_110.JPEG	1	0	54	63
n03617480_111.JPEG	0	1	63	63
n03617480_112.JPEG	15	7	50	63
n03617480_113.JPEG	27	0	51	61
n03617480_114.JPEG	15	8	48	63
n03617480_115.JPEG	28	0	58	63
n03617480_116.JPEG	12	4	44	63
n03617480_117.JPEG	10	29	63	63
n03617480_118.JPEG	9	5	53	63
n03617480_119.JPEG	14	0	47	63
n03617480_120.JPEG	48	26	63	63
n03617480_121.JPEG	20	9	50	63
n03617480_122.JPEG	4	0	56	63
n03617480_123.JPEG	20	6	48	63
n03617480_124.JPEG	3	0	55	63
n03617480_125.JPEG	31	14	56	63
n03617480_126.JPEG	11	20	63	63
n03617480_127.JPEG	14	5	43	63
n03617480_128.JPEG	7	0	63	63
n03617480_129.JPEG	10	7	55	63
n03617480_130.JPEG	7	8	47	63
n03617480_131.JPEG	12	14	63	63
n03617480_132.JPEG	24	26	63	63
n03617480_133.JPEG	23	31	46	63
n03617480_134.JPEG	1	0	60	63
n03617480_135.JPEG	7	17	59	55
n03617480_136.JPEG	13	11	54	63
n03617480_137.JPEG	19	6	44	63
n03617480_138.JPEG	1	9	62	63
n03617480_139.JPEG	0	0	31	56
n03617480_140.JPEG	2	14	58	63
n03617480_141.JPEG	0	33	21	63
n03617480_142.JPEG	0	5	27	48
n03617480_143.JPEG	25	6	63	63
n03617480_144.JPEG	21	27	44	63
n03617480_145.JPEG	11	11	48	63
n03617480_146.JPEG	15	8	54	63
n03617480_147.JPEG	1	8	58	63
n03617480_148.JPEG	27	23	55	63
n03617480_149.JPEG	10	8	54	63
n03617480_150.JPEG	45	4	63	63
n03617480_151.JPEG	14	6	53	63
n03617480_152.JPEG	1	25	47	63
n03617480_153.JPEG	29	13	47	50
n03617480_154.JPEG	11	14	34	63
n03617480_155.JPEG	2	2	56	63
n03617480_156.JPEG	10	13	56	63
n03617480_157.JPEG	18	19	38	63
n03617480_158.JPEG	8	9	49	63
n03617480_159.JPEG	0	26	48	63
n03617480_160.JPEG	28	27	41	63
n03617480_161.JPEG	4	19	63	63
n03617480_162.JPEG	8	15	30	61
n03617480_163.JPEG	0	6	40	63
n03617480_164.JPEG	7	0	63	63
n03617480_165.JPEG	24	11	38	63
n03617480_166.JPEG	8	0	55	63
n03617480_167.JPEG	22	13	47	61
n03617480_168.JPEG	0	2	63	63
n03617480_169.JPEG	0	20	11	63
n03617480_170.JPEG	4	25	17	61
n03617480_171.JPEG	10	24	63	63
n03617480_172.JPEG	2	0	63	63
n03617480_173.JPEG	23	30	63	63
n03617480_174.JPEG	5	0	63	63
n03617480_175.JPEG	36	21	52	63
n03617480_176.JPEG	4	11	43	63
n03617480_177.JPEG	20	33	63	63
n03617480_178.JPEG	9	10	63	63
n03617480_179.JPEG	0	26	18	63
n03617480_180.JPEG	5	18	55	63
n03617480_181.JPEG	8	8	54	63
n03617480_182.JPEG	25	24	42	63
n03617480_183.JPEG	32	32	63	63
n03617480_184.JPEG	19	27	47	63
n03617480_185.JPEG	19	30	39	63
n03617480_186.JPEG	19	8	55	63
n03617480_187.JPEG	9	0	53	63
n03617480_188.JPEG	2	1	61	63
n03617480_189.JPEG	35	20	56	63
n03617480_190.JPEG	10	13	50	63
n03617480_191.JPEG	1	49	31	63
n03617480_192.JPEG	1	0	63	63
n03617480_193.JPEG	1	0	60	63
n03617480_194.JPEG	9	6	45	63
n03617480_195.JPEG	4	17	58	63
n03617480_196.JPEG	0	6	63	63
n03617480_197.JPEG	34	26	46	62
n03617480_198.JPEG	24	18	42	56
n03617480_199.JPEG	8	30	29	63
n03617480_200.JPEG	13	45	55	63
n03617480_201.JPEG	15	12	50	63
n03617480_202.JPEG	7	0	58	63
n03617480_203.JPEG	1	6	63	63
n03617480_204.JPEG	8	10	57	63
n03617480_205.JPEG	40	22	63	63
n03617480_206.JPEG	37	18	63	60
n03617480_207.JPEG	22	18	52	63
n03617480_208.JPEG	0	23	63	63
n03617480_209.JPEG	20	16	62	63
n03617480_210.JPEG	16	6	44	63
n03617480_211.JPEG	0	0	63	63
n03617480_212.JPEG	26	16	48	63
n03617480_213.JPEG	0	12	41	63
n03617480_214.JPEG	6	10	63	63
n03617480_215.JPEG	4	26	63	63
n03617480_216.JPEG	19	21	63	63
n03617480_217.JPEG	17	0	48	63
n03617480_218.JPEG	21	14	55	63
n03617480_219.JPEG	21	26	63	63
n03617480_220.JPEG	28	16	49	59
n03617480_221.JPEG	28	23	43	60
n03617480_222.JPEG	13	15	46	63
n03617480_223.JPEG	3	7	34	63
n03617480_224.JPEG	17	12	51	63
n03617480_225.JPEG	24	0	50	63
n03617480_226.JPEG	33	16	63	63
n03617480_227.JPEG	20	4	43	63
n03617480_228.JPEG	6	38	29	63
n03617480_229.JPEG	8	22	27	46
n03617480_230.JPEG	20	2	53	63
n03617480_231.JPEG	22	24	47	63
n03617480_232.JPEG	4	33	60	63
n03617480_233.JPEG	14	19	49	63
n03617480_234.JPEG	10	16	53	63
n03617480_235.JPEG	21	6	47	63
n03617480_236.JPEG	24	19	48	61
n03617480_237.JPEG	8	33	52	63
n03617480_238.JPEG	3	25	30	63
n03617480_239.JPEG	12	17	59	63
n03617480_240.JPEG	13	0	47	63
n03617480_241.JPEG	7	9	57	63
n03617480_242.JPEG	35	27	51	58
n03617480_243.JPEG	16	13	35	55
n03617480_244.JPEG	1	8	62	63
n03617480_245.JPEG	14	7	43	63
n03617480_246.JPEG	0	17	25	62
n03617480_247.JPEG	0	1	63	63
n03617480_248.JPEG	16	8	46	63
n03617480_249.JPEG	18	16	54	63
n03617480_250.JPEG	26	12	53	63
n03617480_251.JPEG	5	9	49	63
n03617480_252.JPEG	11	40	63	63
n03617480_253.JPEG	0	0	63	63
n03617480_254.JPEG	23	24	42	56
n03617480_255.JPEG	17	29	44	63
n03617480_256.JPEG	17	0	56	63
n03617480_257.JPEG	11	0	53	63
n03617480_258.JPEG	2	18	53	63
n03617480_259.JPEG	18	6	48	63
n03617480_260.JPEG	43	16	63	55
n03617480_261.JPEG	0	7	27	63
n03617480_262.JPEG	6	9	61	63
n03617480_263.JPEG	10	8	54	63
n03617480_264.JPEG	10	23	61	63
n03617480_265.JPEG	7	20	63	63
n03617480_266.JPEG	3	13	21	57
n03617480_267.JPEG	0	11	56	63
n03617480_268.JPEG	5	20	58	63
n03617480_269.JPEG	1	5	38	63
n03617480_270.JPEG	10	0	63	63
n03617480_271.JPEG	21	23	42	63
n03617480_272.JPEG	22	17	39	55
n03617480_273.JPEG	33	7	55	63
n03617480_274.JPEG	15	5	48	63
n03617480_275.JPEG	10	8	56	63
n03617480_276.JPEG	28	9	61	63
n03617480_277.JPEG	28	22	60	63
n03617480_278.JPEG	0	17	60	63
n03617480_279.JPEG	11	11	50	63
n03617480_280.JPEG	3	26	31	63
n03617480_281.JPEG	20	31	36	63
n03617480_282.JPEG	0	27	59	58
n03617480_283.JPEG	42	51	63	63
n03617480_284.JPEG	29	25	46	63
n03617480_285.JPEG	26	16	40	52
n03617480_286.JPEG	13	6	31	58
n03617480_287.JPEG	0	0	63	63
n03617480_288.JPEG	18	24	39	63
n03617480_289.JPEG	0	22	61	53
n03617480_290.JPEG	21	0	49	63
n03617480_291.JPEG	7	9	50	63
n03617480_292.JPEG	13	14	54	63
n03617480_293.JPEG	1	0	63	63
n03617480_294.JPEG	17	20	51	63
n03617480_295.JPEG	16	0	49	63
n03617480_296.JPEG	29	2	63	63
n03617480_297.JPEG	26	20	63	63
n03617480_298.JPEG	6	6	52	63
n03617480_299.JPEG	21	14	38	63
n03617480_300.JPEG	17	1	43	63
n03617480_301.JPEG	0	0	63	56
n03617480_302.JPEG	6	0	53	63
n03617480_303.JPEG	16	10	44	63
n03617480_304.JPEG	20	4	52	63
n03617480_305.JPEG	47	21	56	47
n03617480_306.JPEG	0	17	46	63
n03617480_307.JPEG	12	5	63	63
n03617480_308.JPEG	13	10	59	63
n03617480_309.JPEG	2	0	63	63
n03617480_310.JPEG	0	15	63	63
n03617480_311.JPEG	4	33	58	63
n03617480_312.JPEG	25	1	47	63
n03617480_313.JPEG	10	10	60	63
n03617480_314.JPEG	7	8	51	63
n03617480_315.JPEG	0	0	63	63
n03617480_316.JPEG	8	8	52	63
n03617480_317.JPEG	9	10	49	63
n03617480_318.JPEG	0	12	61	63
n03617480_319.JPEG	17	3	46	63
n03617480_320.JPEG	23	13	50	51
n03617480_321.JPEG	16	33	62	63
n03617480_322.JPEG	14	24	34	63
n03617480_323.JPEG	8	1	60	63
n03617480_324.JPEG	15	0	62	63
n03617480_325.JPEG	1	0	56	63
n03617480_326.JPEG	7	13	63	63
n03617480_327.JPEG	17	22	63	63
n03617480_328.JPEG	18	23	63	63
n03617480_329.JPEG	26	9	51	63
n03617480_330.JPEG	33	10	58	55
n03617480_331.JPEG	28	27	45	63
n03617480_332.JPEG	11	21	54	63
n03617480_333.JPEG	7	3	40	63
n03617480_334.JPEG	29	41	63	63
n03617480_335.JPEG	17	5	44	63
n03617480_336.JPEG	11	13	63	63
n03617480_337.JPEG	1	6	63	63
n03617480_338.JPEG	11	9	45	63
n03617480_339.JPEG	8	0	59	63
n03617480_340.JPEG	6	6	59	63
n03617480_341.JPEG	19	8	39	63
n03617480_342.JPEG	16	4	29	41
n03617480_343.JPEG	9	3	63	63
n03617480_344.JPEG	0	9	63	63
n03617480_345.JPEG	3	14	16	48
n03617480_346.JPEG	19	15	51	63
n03617480_347.JPEG	7	11	56	63
n03617480_348.JPEG	18	13	53	63
n03617480_349.JPEG	10	0	53	63
n03617480_350.JPEG	10	23	44	63
n03617480_351.JPEG	45	10	62	53
n03617480_352.JPEG	14	2	60	63
n03617480_353.JPEG	12	7	43	63
n03617480_354.JPEG	20	7	46	63
n03617480_355.JPEG	5	22	55	63
n03617480_356.JPEG	25	15	46	63
n03617480_357.JPEG	10	0	63	63
n03617480_358.JPEG	25	0	63	48
n03617480_359.JPEG	2	1	52	63
n03617480_360.JPEG	0	9	63	63
n03617480_361.JPEG	4	4	61	63
n03617480_362.JPEG	8	0	54	37
n03617480_363.JPEG	10	7	48	63
n03617480_364.JPEG	2	6	59	63
n03617480_365.JPEG	7	22	53	63
n03617480_366.JPEG	33	3	53	54
n03617480_367.JPEG	20	17	63	63
n03617480_368.JPEG	9	12	48	63
n03617480_369.JPEG	0	15	16	58
n03617480_370.JPEG	16	7	63	63
n03617480_371.JPEG	0	30	63	63
n03617480_372.JPEG	24	26	57	63
n03617480_373.JPEG	29	14	54	63
n03617480_374.JPEG	18	10	52	63
n03617480_375.JPEG	25	27	40	52
n03617480_376.JPEG	0	15	55	63
n03617480_377.JPEG	0	6	10	46
n03617480_378.JPEG	6	0	57	63
n03617480_379.JPEG	18	6	37	63
n03617480_380.JPEG	63	16	63	63
n03617480_381.JPEG	15	38	63	63
n03617480_382.JPEG	39	13	63	63
n03617480_383.JPEG	0	33	55	63
n03617480_384.JPEG	0	1	63	63
n03617480_385.JPEG	15	2	48	58
n03617480_386.JPEG	0	29	58	63
n03617480_387.JPEG	19	34	27	53
n03617480_388.JPEG	20	6	63	63
n03617480_389.JPEG	19	25	46	63
n03617480_390.JPEG	23	21	41	62
n03617480_391.JPEG	31	20	58	63
n03617480_392.JPEG	11	35	63	63
n03617480_393.JPEG	0	2	46	63
n03617480_394.JPEG	3	2	63	63
n03617480_395.JPEG	11	32	35	63
n03617480_396.JPEG	3	0	59	63
n03617480_397.JPEG	21	5	44	63
n03617480_398.JPEG	10	6	49	63
n03617480_399.JPEG	30	15	54	63
n03617480_400.JPEG	0	0	63	63
n03617480_401.JPEG	0	1	63	63
n03617480_402.JPEG	1	14	63	63
n03617480_403.JPEG	5	15	62	63
n03617480_404.JPEG	13	29	59	63
n03617480_405.JPEG	7	0	63	63
n03617480_406.JPEG	32	14	50	61
n03617480_407.JPEG	1	9	63	63
n03617480_408.JPEG	18	13	39	63
n03617480_409.JPEG	19	12	44	63
n03617480_410.JPEG	4	6	23	52
n03617480_411.JPEG	54	24	63	55
n03617480_412.JPEG	11	4	43	63
n03617480_413.JPEG	11	24	63	63
n03617480_414.JPEG	0	23	48	63
n03617480_415.JPEG	34	34	63	63
n03617480_416.JPEG	23	32	33	51
n03617480_417.JPEG	20	23	42	63
n03617480_418.JPEG	9	0	60	63
n03617480_419.JPEG	16	0	56	63
n03617480_420.JPEG	15	11	47	63
n03617480_421.JPEG	22	9	54	63
n03617480_422.JPEG	29	12	55	63
n03617480_423.JPEG	15	20	36	63
n03617480_424.JPEG	14	20	57	63
n03617480_425.JPEG	28	16	47	58
n03617480_426.JPEG	31	16	46	61
n03617480_427.JPEG	14	44	30	63
n03617480_428.JPEG	15	12	63	63
n03617480_429.JPEG	1	0	63	63
n03617480_430.JPEG	54	23	63	63
n03617480_431.JPEG	34	37	58	63
n03617480_432.JPEG	6	16	63	63
n03617480_433.JPEG	1	10	27	56
n03617480_434.JPEG	19	4	45	45
n03617480_435.JPEG	7	8	46	63
n03617480_436.JPEG	16	8	49	63
n03617480_437.JPEG	55	22	63	48
n03617480_438.JPEG	17	13	46	63
n03617480_439.JPEG	8	12	58	63
n03617480_440.JPEG	26	22	52	63
n03617480_441.JPEG	1	0	63	63
n03617480_442.JPEG	27	1	59	63
n03617480_443.JPEG	1	3	63	63
n03617480_444.JPEG	3	18	63	63
n03617480_445.JPEG	0	19	63	63
n03617480_446.JPEG	26	0	63	63
n03617480_447.JPEG	6	15	53	63
n03617480_448.JPEG	18	34	57	63
n03617480_449.JPEG	14	4	44	62
n03617480_450.JPEG	31	10	58	63
n03617480_451.JPEG	16	19	63	63
n03617480_452.JPEG	7	0	54	63
n03617480_453.JPEG	17	2	55	63
n03617480_454.JPEG	0	24	63	63
n03617480_455.JPEG	0	18	27	59
n03617480_456.JPEG	1	0	23	63
n03617480_457.JPEG	0	0	63	63
n03617480_458.JPEG	25	33	41	63
n03617480_459.JPEG	39	9	60	59
n03617480_460.JPEG	7	11	60	63
n03617480_461.JPEG	15	0	56	63
n03617480_462.JPEG	8	3	46	63
n03617480_463.JPEG	28	10	62	63
n03617480_464.JPEG	26	15	41	51
n03617480_465.JPEG	17	6	44	63
n03617480_466.JPEG	8	0	55	63
n03617480_467.JPEG	11	17	25	54
n03617480_468.JPEG	12	25	62	60
n03617480_469.JPEG	25	19	48	63
n03617480_470.JPEG	0	1	63	63
n03617480_471.JPEG	16	17	52	63
n03617480_472.JPEG	0	20	27	63
n03617480_473.JPEG	7	5	41	63
n03617480_474.JPEG	1	5	63	63
n03617480_475.JPEG	1	23	24	58
n03617480_476.JPEG	0	15	63	63
n03617480_477.JPEG	0	3	63	63
n03617480_478.JPEG	0	11	49	63
n03617480_479.JPEG	0	26	63	63
n03617480_480.JPEG	0	28	54	63
n03617480_481.JPEG	14	9	54	63
n03617480_482.JPEG	8	11	54	62
n03617480_483.JPEG	11	14	63	63
n03617480_484.JPEG	25	22	62	63
n03617480_485.JPEG	18	2	53	63
n03617480_486.JPEG	0	3	46	63
n03617480_487.JPEG	21	39	62	63
n03617480_488.JPEG	17	3	48	63
n03617480_489.JPEG	11	14	53	63
n03617480_490.JPEG	42	20	63	63
n03617480_491.JPEG	15	18	47	63
n03617480_492.JPEG	12	0	58	63
n03617480_493.JPEG	23	29	63	63
n03617480_494.JPEG	9	3	49	63
n03617480_495.JPEG	9	33	60	63
n03617480_496.JPEG	12	11	51	63
n03617480_497.JPEG	12	0	58	63
n03617480_498.JPEG	20	22	45	63
n03617480_499.JPEG	38	13	59	53
