n03255030_0.JPEG	13	23	63	55
n03255030_1.JPEG	14	31	26	40
n03255030_2.JPEG	0	20	63	44
n03255030_3.JPEG	36	0	49	13
n03255030_4.JPEG	9	11	54	45
n03255030_5.JPEG	40	11	54	33
n03255030_6.JPEG	4	5	60	60
n03255030_7.JPEG	17	28	32	40
n03255030_8.JPEG	0	11	63	42
n03255030_9.JPEG	27	47	40	58
n03255030_10.JPEG	25	37	41	45
n03255030_11.JPEG	39	12	46	17
n03255030_12.JPEG	37	1	52	10
n03255030_13.JPEG	27	33	54	47
n03255030_14.JPEG	14	0	21	0
n03255030_15.JPEG	0	16	11	37
n03255030_16.JPEG	27	45	38	50
n03255030_17.JPEG	27	17	60	55
n03255030_18.JPEG	12	1	38	25
n03255030_19.JPEG	23	52	38	63
n03255030_20.JPEG	0	21	60	63
n03255030_21.JPEG	41	0	53	6
n03255030_22.JPEG	1	5	61	60
n03255030_23.JPEG	0	33	63	58
n03255030_24.JPEG	27	4	63	23
n03255030_25.JPEG	18	5	63	37
n03255030_26.JPEG	57	9	63	24
n03255030_27.JPEG	33	48	62	63
n03255030_28.JPEG	21	4	63	63
n03255030_29.JPEG	3	56	22	63
n03255030_30.JPEG	0	6	55	58
n03255030_31.JPEG	0	2	63	60
n03255030_32.JPEG	22	26	29	36
n03255030_33.JPEG	4	25	61	63
n03255030_34.JPEG	31	0	54	18
n03255030_35.JPEG	53	39	59	42
n03255030_36.JPEG	7	44	43	62
n03255030_37.JPEG	10	19	54	43
n03255030_38.JPEG	17	13	34	28
n03255030_39.JPEG	56	20	63	29
n03255030_40.JPEG	20	1	29	6
n03255030_41.JPEG	14	22	26	36
n03255030_42.JPEG	9	0	41	9
n03255030_43.JPEG	19	14	62	45
n03255030_44.JPEG	45	19	57	32
n03255030_45.JPEG	5	28	38	53
n03255030_46.JPEG	0	5	49	40
n03255030_47.JPEG	0	3	63	53
n03255030_48.JPEG	3	63	25	63
n03255030_49.JPEG	0	1	63	63
n03255030_50.JPEG	3	1	32	25
n03255030_51.JPEG	35	10	52	25
n03255030_52.JPEG	29	50	44	63
n03255030_53.JPEG	8	17	53	46
n03255030_54.JPEG	31	0	54	51
n03255030_55.JPEG	61	28	63	50
n03255030_56.JPEG	0	24	13	55
n03255030_57.JPEG	20	32	63	53
n03255030_58.JPEG	15	22	48	49
n03255030_59.JPEG	25	34	38	44
n03255030_60.JPEG	22	0	30	0
n03255030_61.JPEG	37	16	47	40
n03255030_62.JPEG	46	29	50	35
n03255030_63.JPEG	37	28	63	43
n03255030_64.JPEG	41	30	55	58
n03255030_65.JPEG	0	4	63	63
n03255030_66.JPEG	31	18	55	35
n03255030_67.JPEG	18	37	63	63
n03255030_68.JPEG	31	51	48	63
n03255030_69.JPEG	5	16	63	53
n03255030_70.JPEG	52	49	61	55
n03255030_71.JPEG	2	29	10	38
n03255030_72.JPEG	0	15	63	56
n03255030_73.JPEG	30	0	38	14
n03255030_74.JPEG	5	9	46	53
n03255030_75.JPEG	32	5	62	50
n03255030_76.JPEG	40	31	61	53
n03255030_77.JPEG	3	2	61	47
n03255030_78.JPEG	0	1	63	63
n03255030_79.JPEG	30	23	56	44
n03255030_80.JPEG	43	0	61	12
n03255030_81.JPEG	2	18	62	58
n03255030_82.JPEG	37	31	46	38
n03255030_83.JPEG	26	23	32	28
n03255030_84.JPEG	3	29	63	50
n03255030_85.JPEG	0	5	63	60
n03255030_86.JPEG	35	56	56	63
n03255030_87.JPEG	1	5	25	26
n03255030_88.JPEG	42	5	63	23
n03255030_89.JPEG	38	6	54	19
n03255030_90.JPEG	10	35	32	57
n03255030_91.JPEG	0	15	40	63
n03255030_92.JPEG	55	27	63	37
n03255030_93.JPEG	0	23	39	63
n03255030_94.JPEG	7	12	26	26
n03255030_95.JPEG	11	13	63	60
n03255030_96.JPEG	17	5	26	10
n03255030_97.JPEG	45	18	63	29
n03255030_98.JPEG	9	22	51	42
n03255030_99.JPEG	0	30	63	56
n03255030_100.JPEG	0	1	40	51
n03255030_101.JPEG	24	37	36	47
n03255030_102.JPEG	50	3	58	14
n03255030_103.JPEG	24	25	63	42
n03255030_104.JPEG	18	43	30	52
n03255030_105.JPEG	9	31	25	62
n03255030_106.JPEG	30	0	48	16
n03255030_107.JPEG	0	12	63	58
n03255030_108.JPEG	2	3	58	30
n03255030_109.JPEG	9	35	50	57
n03255030_110.JPEG	0	13	40	54
n03255030_111.JPEG	13	12	33	32
n03255030_112.JPEG	0	0	63	63
n03255030_113.JPEG	0	18	63	47
n03255030_114.JPEG	23	7	34	12
n03255030_115.JPEG	14	13	51	49
n03255030_116.JPEG	35	17	41	23
n03255030_117.JPEG	10	31	28	39
n03255030_118.JPEG	29	12	63	62
n03255030_119.JPEG	36	0	63	63
n03255030_120.JPEG	18	30	50	57
n03255030_121.JPEG	0	10	20	23
n03255030_122.JPEG	41	20	55	26
n03255030_123.JPEG	63	11	63	30
n03255030_124.JPEG	0	33	46	63
n03255030_125.JPEG	53	14	63	30
n03255030_126.JPEG	27	38	60	56
n03255030_127.JPEG	29	14	52	60
n03255030_128.JPEG	28	29	37	38
n03255030_129.JPEG	16	55	28	63
n03255030_130.JPEG	0	1	63	58
n03255030_131.JPEG	9	19	24	40
n03255030_132.JPEG	18	43	47	63
n03255030_133.JPEG	1	14	63	57
n03255030_134.JPEG	29	0	50	20
n03255030_135.JPEG	12	1	30	10
n03255030_136.JPEG	40	6	46	12
n03255030_137.JPEG	0	2	63	60
n03255030_138.JPEG	0	11	63	59
n03255030_139.JPEG	49	6	54	13
n03255030_140.JPEG	33	19	58	42
n03255030_141.JPEG	18	18	23	23
n03255030_142.JPEG	41	15	63	31
n03255030_143.JPEG	10	32	28	57
n03255030_144.JPEG	4	16	63	62
n03255030_145.JPEG	20	44	45	59
n03255030_146.JPEG	3	0	63	42
n03255030_147.JPEG	0	25	63	63
n03255030_148.JPEG	0	9	50	62
n03255030_149.JPEG	0	8	63	57
n03255030_150.JPEG	4	28	32	50
n03255030_151.JPEG	6	9	37	45
n03255030_152.JPEG	19	0	63	60
n03255030_153.JPEG	20	1	52	32
n03255030_154.JPEG	27	33	36	40
n03255030_155.JPEG	19	11	42	60
n03255030_156.JPEG	13	0	56	16
n03255030_157.JPEG	7	20	62	28
n03255030_158.JPEG	45	4	55	11
n03255030_159.JPEG	15	62	47	63
n03255030_160.JPEG	29	6	43	14
n03255030_161.JPEG	38	11	63	44
n03255030_162.JPEG	0	11	63	53
n03255030_163.JPEG	24	0	34	0
n03255030_164.JPEG	18	12	63	56
n03255030_165.JPEG	13	1	36	16
n03255030_166.JPEG	21	4	45	58
n03255030_167.JPEG	36	38	44	41
n03255030_168.JPEG	31	16	36	24
n03255030_169.JPEG	33	19	63	53
n03255030_170.JPEG	6	28	51	62
n03255030_171.JPEG	8	33	33	44
n03255030_172.JPEG	0	4	48	61
n03255030_173.JPEG	51	11	61	30
n03255030_174.JPEG	30	48	48	62
n03255030_175.JPEG	1	1	63	40
n03255030_176.JPEG	1	12	63	48
n03255030_177.JPEG	19	5	26	19
n03255030_178.JPEG	53	15	63	56
n03255030_179.JPEG	13	39	28	47
n03255030_180.JPEG	0	10	63	61
n03255030_181.JPEG	0	34	63	62
n03255030_182.JPEG	5	5	26	22
n03255030_183.JPEG	30	32	35	37
n03255030_184.JPEG	0	0	63	54
n03255030_185.JPEG	1	3	63	63
n03255030_186.JPEG	15	0	25	4
n03255030_187.JPEG	1	2	60	32
n03255030_188.JPEG	35	0	54	4
n03255030_189.JPEG	31	30	60	54
n03255030_190.JPEG	45	32	63	61
n03255030_191.JPEG	14	12	19	15
n03255030_192.JPEG	2	3	63	46
n03255030_193.JPEG	18	14	48	38
n03255030_194.JPEG	15	2	63	63
n03255030_195.JPEG	22	18	57	45
n03255030_196.JPEG	0	24	28	46
n03255030_197.JPEG	22	8	63	55
n03255030_198.JPEG	11	0	50	63
n03255030_199.JPEG	11	9	62	47
n03255030_200.JPEG	43	8	52	12
n03255030_201.JPEG	0	14	14	24
n03255030_202.JPEG	0	22	10	32
n03255030_203.JPEG	0	0	61	44
n03255030_204.JPEG	0	17	37	59
n03255030_205.JPEG	63	2	63	30
n03255030_206.JPEG	32	8	63	63
n03255030_207.JPEG	0	25	3	37
n03255030_208.JPEG	50	5	61	19
n03255030_209.JPEG	3	3	63	63
n03255030_210.JPEG	17	6	63	58
n03255030_211.JPEG	3	18	59	41
n03255030_212.JPEG	37	3	50	13
n03255030_213.JPEG	14	27	21	34
n03255030_214.JPEG	7	21	24	40
n03255030_215.JPEG	38	9	48	15
n03255030_216.JPEG	19	10	63	60
n03255030_217.JPEG	23	30	63	48
n03255030_218.JPEG	2	15	60	52
n03255030_219.JPEG	47	40	63	63
n03255030_220.JPEG	3	4	52	30
n03255030_221.JPEG	6	0	21	12
n03255030_222.JPEG	23	17	33	25
n03255030_223.JPEG	39	8	49	17
n03255030_224.JPEG	10	16	16	27
n03255030_225.JPEG	22	5	57	42
n03255030_226.JPEG	0	34	39	63
n03255030_227.JPEG	34	21	41	36
n03255030_228.JPEG	6	3	24	60
n03255030_229.JPEG	3	15	63	57
n03255030_230.JPEG	5	46	56	63
n03255030_231.JPEG	13	36	20	48
n03255030_232.JPEG	0	6	59	30
n03255030_233.JPEG	0	0	63	61
n03255030_234.JPEG	0	15	63	50
n03255030_235.JPEG	0	25	38	63
n03255030_236.JPEG	10	0	32	63
n03255030_237.JPEG	14	4	54	63
n03255030_238.JPEG	36	14	50	27
n03255030_239.JPEG	0	8	33	57
n03255030_240.JPEG	0	19	63	44
n03255030_241.JPEG	23	41	33	44
n03255030_242.JPEG	2	18	63	63
n03255030_243.JPEG	5	19	62	44
n03255030_244.JPEG	0	23	5	35
n03255030_245.JPEG	33	23	59	63
n03255030_246.JPEG	0	20	63	47
n03255030_247.JPEG	28	31	39	40
n03255030_248.JPEG	12	58	28	63
n03255030_249.JPEG	36	44	61	63
n03255030_250.JPEG	29	0	39	12
n03255030_251.JPEG	14	0	39	0
n03255030_252.JPEG	2	4	58	43
n03255030_253.JPEG	45	19	63	34
n03255030_254.JPEG	22	8	40	23
n03255030_255.JPEG	15	33	25	42
n03255030_256.JPEG	32	26	41	32
n03255030_257.JPEG	1	8	63	56
n03255030_258.JPEG	23	0	63	8
n03255030_259.JPEG	17	0	45	18
n03255030_260.JPEG	35	3	44	6
n03255030_261.JPEG	17	0	53	63
n03255030_262.JPEG	0	18	17	28
n03255030_263.JPEG	1	27	16	43
n03255030_264.JPEG	11	11	43	46
n03255030_265.JPEG	8	35	42	63
n03255030_266.JPEG	39	27	63	52
n03255030_267.JPEG	5	0	31	11
n03255030_268.JPEG	30	18	35	23
n03255030_269.JPEG	21	11	37	22
n03255030_270.JPEG	0	2	63	35
n03255030_271.JPEG	1	5	24	59
n03255030_272.JPEG	1	15	24	30
n03255030_273.JPEG	42	6	49	12
n03255030_274.JPEG	9	10	57	52
n03255030_275.JPEG	15	21	49	47
n03255030_276.JPEG	0	1	63	63
n03255030_277.JPEG	42	24	59	32
n03255030_278.JPEG	34	0	50	0
n03255030_279.JPEG	33	0	62	30
n03255030_280.JPEG	0	0	63	63
n03255030_281.JPEG	25	45	46	59
n03255030_282.JPEG	23	9	63	61
n03255030_283.JPEG	39	31	44	36
n03255030_284.JPEG	8	0	21	0
n03255030_285.JPEG	37	28	44	34
n03255030_286.JPEG	30	13	47	24
n03255030_287.JPEG	0	7	63	63
n03255030_288.JPEG	23	12	33	18
n03255030_289.JPEG	45	17	63	38
n03255030_290.JPEG	39	45	63	62
n03255030_291.JPEG	0	40	26	63
n03255030_292.JPEG	0	5	56	58
n03255030_293.JPEG	0	1	63	63
n03255030_294.JPEG	35	15	60	43
n03255030_295.JPEG	0	29	34	63
n03255030_296.JPEG	8	9	63	55
n03255030_297.JPEG	9	34	18	44
n03255030_298.JPEG	40	4	49	11
n03255030_299.JPEG	33	26	39	38
n03255030_300.JPEG	0	17	63	40
n03255030_301.JPEG	1	24	63	47
n03255030_302.JPEG	1	31	36	58
n03255030_303.JPEG	38	25	63	62
n03255030_304.JPEG	31	4	42	9
n03255030_305.JPEG	23	38	39	60
n03255030_306.JPEG	0	5	63	63
n03255030_307.JPEG	51	17	63	42
n03255030_308.JPEG	23	1	27	6
n03255030_309.JPEG	26	41	37	47
n03255030_310.JPEG	37	18	49	25
n03255030_311.JPEG	5	7	63	56
n03255030_312.JPEG	0	38	35	63
n03255030_313.JPEG	16	37	38	50
n03255030_314.JPEG	9	11	33	32
n03255030_315.JPEG	0	3	63	59
n03255030_316.JPEG	33	8	49	14
n03255030_317.JPEG	0	22	17	40
n03255030_318.JPEG	0	1	63	63
n03255030_319.JPEG	0	2	63	49
n03255030_320.JPEG	36	5	52	26
n03255030_321.JPEG	18	42	34	52
n03255030_322.JPEG	44	0	54	1
n03255030_323.JPEG	27	37	48	49
n03255030_324.JPEG	9	37	59	63
n03255030_325.JPEG	40	0	50	5
n03255030_326.JPEG	37	10	44	20
n03255030_327.JPEG	30	13	44	25
n03255030_328.JPEG	0	11	63	59
n03255030_329.JPEG	0	47	49	63
n03255030_330.JPEG	33	26	44	35
n03255030_331.JPEG	38	4	63	34
n03255030_332.JPEG	8	9	58	37
n03255030_333.JPEG	11	0	52	24
n03255030_334.JPEG	0	12	63	55
n03255030_335.JPEG	4	17	23	33
n03255030_336.JPEG	30	20	57	50
n03255030_337.JPEG	8	23	16	30
n03255030_338.JPEG	0	21	63	44
n03255030_339.JPEG	0	7	49	62
n03255030_340.JPEG	38	0	63	28
n03255030_341.JPEG	6	8	14	19
n03255030_342.JPEG	0	0	63	40
n03255030_343.JPEG	29	1	41	9
n03255030_344.JPEG	7	25	16	36
n03255030_345.JPEG	12	5	37	30
n03255030_346.JPEG	0	25	11	52
n03255030_347.JPEG	13	4	25	11
n03255030_348.JPEG	31	17	48	29
n03255030_349.JPEG	40	1	63	30
n03255030_350.JPEG	1	10	63	50
n03255030_351.JPEG	0	4	63	54
n03255030_352.JPEG	4	5	60	16
n03255030_353.JPEG	0	33	15	61
n03255030_354.JPEG	0	0	63	63
n03255030_355.JPEG	35	53	50	61
n03255030_356.JPEG	37	29	63	49
n03255030_357.JPEG	52	22	63	40
n03255030_358.JPEG	0	0	63	63
n03255030_359.JPEG	5	5	63	57
n03255030_360.JPEG	33	0	63	63
n03255030_361.JPEG	32	17	63	30
n03255030_362.JPEG	3	16	18	31
n03255030_363.JPEG	0	18	23	62
n03255030_364.JPEG	1	4	19	20
n03255030_365.JPEG	5	13	63	56
n03255030_366.JPEG	50	32	63	63
n03255030_367.JPEG	0	13	63	48
n03255030_368.JPEG	0	16	63	51
n03255030_369.JPEG	12	48	35	63
n03255030_370.JPEG	1	2	40	59
n03255030_371.JPEG	13	5	56	38
n03255030_372.JPEG	0	6	40	59
n03255030_373.JPEG	27	0	47	45
n03255030_374.JPEG	19	33	35	49
n03255030_375.JPEG	9	1	54	26
n03255030_376.JPEG	10	0	63	48
n03255030_377.JPEG	28	27	42	52
n03255030_378.JPEG	0	10	9	21
n03255030_379.JPEG	0	26	36	60
n03255030_380.JPEG	0	8	63	63
n03255030_381.JPEG	16	20	61	63
n03255030_382.JPEG	7	4	63	31
n03255030_383.JPEG	0	12	18	52
n03255030_384.JPEG	0	6	63	54
n03255030_385.JPEG	19	21	43	63
n03255030_386.JPEG	20	25	52	53
n03255030_387.JPEG	0	34	55	63
n03255030_388.JPEG	36	3	60	58
n03255030_389.JPEG	0	6	63	63
n03255030_390.JPEG	40	22	63	44
n03255030_391.JPEG	21	0	31	0
n03255030_392.JPEG	33	25	63	52
n03255030_393.JPEG	43	44	55	60
n03255030_394.JPEG	30	2	52	42
n03255030_395.JPEG	18	5	63	50
n03255030_396.JPEG	0	0	63	49
n03255030_397.JPEG	27	16	63	44
n03255030_398.JPEG	1	0	19	12
n03255030_399.JPEG	22	23	60	45
n03255030_400.JPEG	0	4	48	62
n03255030_401.JPEG	5	19	50	38
n03255030_402.JPEG	0	49	29	63
n03255030_403.JPEG	27	7	63	63
n03255030_404.JPEG	12	0	53	63
n03255030_405.JPEG	45	31	59	39
n03255030_406.JPEG	29	17	37	22
n03255030_407.JPEG	0	8	63	55
n03255030_408.JPEG	26	25	63	63
n03255030_409.JPEG	2	5	63	57
n03255030_410.JPEG	27	29	50	46
n03255030_411.JPEG	49	39	63	50
n03255030_412.JPEG	40	0	57	32
n03255030_413.JPEG	15	9	29	21
n03255030_414.JPEG	32	20	43	25
n03255030_415.JPEG	10	36	30	53
n03255030_416.JPEG	0	1	63	63
n03255030_417.JPEG	12	31	54	55
n03255030_418.JPEG	0	2	63	59
n03255030_419.JPEG	6	33	63	58
n03255030_420.JPEG	46	34	63	58
n03255030_421.JPEG	28	0	37	5
n03255030_422.JPEG	2	10	62	55
n03255030_423.JPEG	43	22	63	32
n03255030_424.JPEG	4	48	63	63
n03255030_425.JPEG	0	0	28	7
n03255030_426.JPEG	59	42	63	61
n03255030_427.JPEG	38	30	45	36
n03255030_428.JPEG	46	7	60	22
n03255030_429.JPEG	18	26	46	60
n03255030_430.JPEG	6	0	24	12
n03255030_431.JPEG	40	0	49	3
n03255030_432.JPEG	1	1	11	10
n03255030_433.JPEG	5	0	55	63
n03255030_434.JPEG	8	29	37	47
n03255030_435.JPEG	12	3	63	58
n03255030_436.JPEG	2	10	63	57
n03255030_437.JPEG	0	17	63	53
n03255030_438.JPEG	38	19	47	29
n03255030_439.JPEG	28	49	52	63
n03255030_440.JPEG	3	26	62	51
n03255030_441.JPEG	15	48	42	63
n03255030_442.JPEG	43	0	63	27
n03255030_443.JPEG	30	17	37	28
n03255030_444.JPEG	22	7	63	61
n03255030_445.JPEG	10	0	24	18
n03255030_446.JPEG	10	2	63	29
n03255030_447.JPEG	10	29	29	52
n03255030_448.JPEG	19	9	34	19
n03255030_449.JPEG	19	11	22	14
n03255030_450.JPEG	0	19	63	58
n03255030_451.JPEG	13	3	25	11
n03255030_452.JPEG	33	42	42	50
n03255030_453.JPEG	19	6	32	14
n03255030_454.JPEG	1	18	54	39
n03255030_455.JPEG	2	31	19	44
n03255030_456.JPEG	20	19	53	35
n03255030_457.JPEG	14	0	26	4
n03255030_458.JPEG	0	22	19	62
n03255030_459.JPEG	28	22	40	29
n03255030_460.JPEG	0	2	63	61
n03255030_461.JPEG	7	25	55	44
n03255030_462.JPEG	0	2	63	55
n03255030_463.JPEG	31	6	63	62
n03255030_464.JPEG	29	38	47	56
n03255030_465.JPEG	22	50	39	63
n03255030_466.JPEG	19	49	33	54
n03255030_467.JPEG	0	18	6	30
n03255030_468.JPEG	16	5	36	16
n03255030_469.JPEG	19	17	57	62
n03255030_470.JPEG	3	18	40	34
n03255030_471.JPEG	34	40	59	51
n03255030_472.JPEG	0	15	63	42
n03255030_473.JPEG	27	46	39	51
n03255030_474.JPEG	0	9	63	57
n03255030_475.JPEG	32	14	45	25
n03255030_476.JPEG	47	27	63	61
n03255030_477.JPEG	0	14	63	59
n03255030_478.JPEG	24	40	36	57
n03255030_479.JPEG	35	25	56	44
n03255030_480.JPEG	29	56	50	63
n03255030_481.JPEG	23	56	34	62
n03255030_482.JPEG	0	13	63	53
n03255030_483.JPEG	0	2	38	40
n03255030_484.JPEG	31	7	42	14
n03255030_485.JPEG	0	1	63	62
n03255030_486.JPEG	4	6	63	30
n03255030_487.JPEG	0	22	48	48
n03255030_488.JPEG	22	2	41	51
n03255030_489.JPEG	23	13	32	22
n03255030_490.JPEG	42	2	54	12
n03255030_491.JPEG	0	16	19	52
n03255030_492.JPEG	41	38	58	63
n03255030_493.JPEG	11	5	23	21
n03255030_494.JPEG	0	2	63	63
n03255030_495.JPEG	0	18	63	53
n03255030_496.JPEG	35	1	40	7
n03255030_497.JPEG	0	9	10	47
n03255030_498.JPEG	12	0	40	30
n03255030_499.JPEG	20	21	51	48
