n03014705_0.JPEG	0	1	63	63
n03014705_1.JPEG	0	2	63	63
n03014705_2.JPEG	7	33	48	63
n03014705_3.JPEG	2	0	63	63
n03014705_4.JPEG	0	7	63	58
n03014705_5.JPEG	0	1	61	63
n03014705_6.JPEG	6	7	55	61
n03014705_7.JPEG	0	11	63	61
n03014705_8.JPEG	10	0	63	63
n03014705_9.JPEG	1	6	63	58
n03014705_10.JPEG	0	25	63	53
n03014705_11.JPEG	17	19	63	54
n03014705_12.JPEG	0	3	63	63
n03014705_13.JPEG	1	4	59	36
n03014705_14.JPEG	6	7	62	63
n03014705_15.JPEG	0	4	63	54
n03014705_16.JPEG	1	1	63	63
n03014705_17.JPEG	0	9	63	51
n03014705_18.JPEG	0	8	63	62
n03014705_19.JPEG	19	11	60	50
n03014705_20.JPEG	0	0	50	63
n03014705_21.JPEG	9	0	63	30
n03014705_22.JPEG	0	2	63	63
n03014705_23.JPEG	1	0	63	63
n03014705_24.JPEG	0	0	63	63
n03014705_25.JPEG	0	0	63	63
n03014705_26.JPEG	0	7	63	60
n03014705_27.JPEG	0	7	63	61
n03014705_28.JPEG	0	5	63	57
n03014705_29.JPEG	0	1	63	52
n03014705_30.JPEG	15	14	50	63
n03014705_31.JPEG	6	0	62	42
n03014705_32.JPEG	0	8	63	63
n03014705_33.JPEG	0	7	63	54
n03014705_34.JPEG	10	3	54	63
n03014705_35.JPEG	1	0	63	33
n03014705_36.JPEG	7	25	57	50
n03014705_37.JPEG	0	4	63	63
n03014705_38.JPEG	1	5	63	63
n03014705_39.JPEG	1	20	58	53
n03014705_40.JPEG	0	5	63	58
n03014705_41.JPEG	20	19	53	44
n03014705_42.JPEG	3	0	63	58
n03014705_43.JPEG	0	0	63	62
n03014705_44.JPEG	3	17	63	55
n03014705_45.JPEG	10	14	59	47
n03014705_46.JPEG	0	6	63	63
n03014705_47.JPEG	0	10	54	45
n03014705_48.JPEG	10	7	56	40
n03014705_49.JPEG	0	2	63	63
n03014705_50.JPEG	0	4	63	63
n03014705_51.JPEG	0	11	63	60
n03014705_52.JPEG	0	0	63	63
n03014705_53.JPEG	8	5	57	60
n03014705_54.JPEG	0	8	63	58
n03014705_55.JPEG	0	11	63	53
n03014705_56.JPEG	11	13	59	60
n03014705_57.JPEG	11	15	54	47
n03014705_58.JPEG	10	4	56	56
n03014705_59.JPEG	6	0	63	63
n03014705_60.JPEG	0	3	63	63
n03014705_61.JPEG	0	1	63	63
n03014705_62.JPEG	0	7	63	59
n03014705_63.JPEG	0	9	63	57
n03014705_64.JPEG	0	8	55	61
n03014705_65.JPEG	0	10	61	62
n03014705_66.JPEG	11	14	63	55
n03014705_67.JPEG	1	14	63	51
n03014705_68.JPEG	0	2	63	63
n03014705_69.JPEG	0	15	63	57
n03014705_70.JPEG	0	1	56	55
n03014705_71.JPEG	0	9	54	59
n03014705_72.JPEG	0	17	63	62
n03014705_73.JPEG	0	37	11	46
n03014705_74.JPEG	1	7	61	54
n03014705_75.JPEG	0	10	63	63
n03014705_76.JPEG	0	0	63	63
n03014705_77.JPEG	2	5	59	62
n03014705_78.JPEG	4	5	60	63
n03014705_79.JPEG	3	3	59	56
n03014705_80.JPEG	6	0	63	63
n03014705_81.JPEG	3	0	63	63
n03014705_82.JPEG	5	0	61	63
n03014705_83.JPEG	0	0	55	63
n03014705_84.JPEG	30	36	63	63
n03014705_85.JPEG	0	2	63	62
n03014705_86.JPEG	0	1	63	63
n03014705_87.JPEG	1	13	63	55
n03014705_88.JPEG	0	7	52	63
n03014705_89.JPEG	0	3	63	63
n03014705_90.JPEG	6	10	62	60
n03014705_91.JPEG	0	11	63	61
n03014705_92.JPEG	0	12	63	53
n03014705_93.JPEG	1	0	61	63
n03014705_94.JPEG	1	10	57	57
n03014705_95.JPEG	0	3	54	63
n03014705_96.JPEG	0	4	63	63
n03014705_97.JPEG	7	0	63	63
n03014705_98.JPEG	5	10	61	62
n03014705_99.JPEG	0	7	63	54
n03014705_100.JPEG	0	3	63	55
n03014705_101.JPEG	0	1	63	63
n03014705_102.JPEG	0	5	63	57
n03014705_103.JPEG	0	7	63	58
n03014705_104.JPEG	0	0	63	63
n03014705_105.JPEG	0	11	63	58
n03014705_106.JPEG	4	2	63	63
n03014705_107.JPEG	1	0	63	63
n03014705_108.JPEG	0	0	63	62
n03014705_109.JPEG	0	8	63	62
n03014705_110.JPEG	17	1	61	63
n03014705_111.JPEG	0	5	63	59
n03014705_112.JPEG	0	7	63	61
n03014705_113.JPEG	0	0	63	63
n03014705_114.JPEG	0	1	63	62
n03014705_115.JPEG	0	5	63	62
n03014705_116.JPEG	2	0	63	39
n03014705_117.JPEG	0	5	63	58
n03014705_118.JPEG	0	4	63	62
n03014705_119.JPEG	0	11	63	57
n03014705_120.JPEG	0	16	63	60
n03014705_121.JPEG	2	11	63	51
n03014705_122.JPEG	0	7	62	60
n03014705_123.JPEG	3	14	60	56
n03014705_124.JPEG	0	1	63	63
n03014705_125.JPEG	17	0	63	51
n03014705_126.JPEG	0	0	63	62
n03014705_127.JPEG	0	3	63	62
n03014705_128.JPEG	8	8	58	61
n03014705_129.JPEG	13	14	62	55
n03014705_130.JPEG	0	2	63	57
n03014705_131.JPEG	4	0	62	63
n03014705_132.JPEG	0	0	46	63
n03014705_133.JPEG	1	1	63	63
n03014705_134.JPEG	0	0	63	63
n03014705_135.JPEG	0	14	63	47
n03014705_136.JPEG	0	10	63	59
n03014705_137.JPEG	0	4	61	63
n03014705_138.JPEG	15	0	61	59
n03014705_139.JPEG	0	2	63	60
n03014705_140.JPEG	0	8	60	63
n03014705_141.JPEG	0	18	63	49
n03014705_142.JPEG	0	10	63	50
n03014705_143.JPEG	2	6	63	49
n03014705_144.JPEG	0	1	63	62
n03014705_145.JPEG	1	10	63	63
n03014705_146.JPEG	3	7	61	63
n03014705_147.JPEG	5	0	62	63
n03014705_148.JPEG	0	1	63	49
n03014705_149.JPEG	3	6	61	60
n03014705_150.JPEG	3	4	61	59
n03014705_151.JPEG	2	19	63	62
n03014705_152.JPEG	0	0	63	32
n03014705_153.JPEG	0	1	63	63
n03014705_154.JPEG	0	22	63	57
n03014705_155.JPEG	12	26	54	60
n03014705_156.JPEG	0	14	63	63
n03014705_157.JPEG	0	9	62	56
n03014705_158.JPEG	0	1	63	63
n03014705_159.JPEG	1	4	63	61
n03014705_160.JPEG	6	8	63	63
n03014705_161.JPEG	0	5	63	62
n03014705_162.JPEG	0	5	63	59
n03014705_163.JPEG	0	4	63	59
n03014705_164.JPEG	0	12	63	55
n03014705_165.JPEG	0	1	58	61
n03014705_166.JPEG	0	8	62	55
n03014705_167.JPEG	9	5	46	61
n03014705_168.JPEG	0	2	63	62
n03014705_169.JPEG	0	0	63	61
n03014705_170.JPEG	0	7	63	57
n03014705_171.JPEG	0	7	63	57
n03014705_172.JPEG	1	0	63	63
n03014705_173.JPEG	15	5	49	53
n03014705_174.JPEG	0	0	55	63
n03014705_175.JPEG	0	1	63	63
n03014705_176.JPEG	0	1	63	63
n03014705_177.JPEG	7	1	48	33
n03014705_178.JPEG	2	13	63	60
n03014705_179.JPEG	0	7	63	63
n03014705_180.JPEG	0	4	63	61
n03014705_181.JPEG	0	9	63	58
n03014705_182.JPEG	0	8	63	50
n03014705_183.JPEG	0	0	63	63
n03014705_184.JPEG	1	3	63	61
n03014705_185.JPEG	0	14	63	46
n03014705_186.JPEG	0	14	59	58
n03014705_187.JPEG	12	18	59	56
n03014705_188.JPEG	3	0	59	63
n03014705_189.JPEG	0	1	62	63
n03014705_190.JPEG	1	1	59	63
n03014705_191.JPEG	0	1	55	63
n03014705_192.JPEG	0	0	60	60
n03014705_193.JPEG	0	1	63	63
n03014705_194.JPEG	6	6	55	63
n03014705_195.JPEG	4	0	62	63
n03014705_196.JPEG	0	0	63	63
n03014705_197.JPEG	0	0	63	63
n03014705_198.JPEG	0	1	63	63
n03014705_199.JPEG	15	8	63	63
n03014705_200.JPEG	3	4	63	63
n03014705_201.JPEG	0	2	63	61
n03014705_202.JPEG	25	23	63	60
n03014705_203.JPEG	2	6	63	62
n03014705_204.JPEG	4	0	63	63
n03014705_205.JPEG	1	25	62	58
n03014705_206.JPEG	0	5	60	63
n03014705_207.JPEG	0	2	52	63
n03014705_208.JPEG	11	0	63	58
n03014705_209.JPEG	0	6	63	58
n03014705_210.JPEG	0	5	63	63
n03014705_211.JPEG	3	3	62	62
n03014705_212.JPEG	0	2	63	62
n03014705_213.JPEG	0	0	63	63
n03014705_214.JPEG	0	1	63	63
n03014705_215.JPEG	4	15	63	59
n03014705_216.JPEG	16	14	63	63
n03014705_217.JPEG	0	0	63	63
n03014705_218.JPEG	7	17	59	63
n03014705_219.JPEG	0	4	63	58
n03014705_220.JPEG	8	7	54	57
n03014705_221.JPEG	7	0	60	63
n03014705_222.JPEG	3	8	63	60
n03014705_223.JPEG	0	6	63	62
n03014705_224.JPEG	0	10	63	56
n03014705_225.JPEG	3	5	63	58
n03014705_226.JPEG	2	10	60	60
n03014705_227.JPEG	0	11	59	61
n03014705_228.JPEG	12	7	61	60
n03014705_229.JPEG	7	3	63	63
n03014705_230.JPEG	5	2	63	63
n03014705_231.JPEG	3	14	60	59
n03014705_232.JPEG	0	3	63	61
n03014705_233.JPEG	3	4	55	46
n03014705_234.JPEG	0	4	63	61
n03014705_235.JPEG	0	21	63	63
n03014705_236.JPEG	5	7	58	48
n03014705_237.JPEG	0	10	63	57
n03014705_238.JPEG	2	7	61	63
n03014705_239.JPEG	0	10	63	63
n03014705_240.JPEG	0	2	63	63
n03014705_241.JPEG	0	8	58	58
n03014705_242.JPEG	0	4	63	63
n03014705_243.JPEG	15	30	50	58
n03014705_244.JPEG	4	5	61	63
n03014705_245.JPEG	15	8	63	63
n03014705_246.JPEG	0	7	60	60
n03014705_247.JPEG	11	0	63	63
n03014705_248.JPEG	0	7	63	62
n03014705_249.JPEG	17	10	63	52
n03014705_250.JPEG	0	0	63	63
n03014705_251.JPEG	0	0	63	63
n03014705_252.JPEG	18	6	63	48
n03014705_253.JPEG	5	14	47	55
n03014705_254.JPEG	14	17	63	60
n03014705_255.JPEG	2	9	59	55
n03014705_256.JPEG	13	1	55	44
n03014705_257.JPEG	0	0	63	63
n03014705_258.JPEG	2	12	63	53
n03014705_259.JPEG	0	0	63	60
n03014705_260.JPEG	0	0	63	63
n03014705_261.JPEG	7	7	63	48
n03014705_262.JPEG	1	27	61	63
n03014705_263.JPEG	0	0	63	59
n03014705_264.JPEG	10	2	53	61
n03014705_265.JPEG	0	1	63	63
n03014705_266.JPEG	27	34	63	60
n03014705_267.JPEG	3	2	63	62
n03014705_268.JPEG	6	0	63	63
n03014705_269.JPEG	2	1	62	63
n03014705_270.JPEG	0	21	63	63
n03014705_271.JPEG	2	14	62	60
n03014705_272.JPEG	0	10	53	58
n03014705_273.JPEG	0	1	63	63
n03014705_274.JPEG	0	2	63	52
n03014705_275.JPEG	0	0	63	63
n03014705_276.JPEG	0	29	61	63
n03014705_277.JPEG	21	29	63	61
n03014705_278.JPEG	3	0	60	58
n03014705_279.JPEG	0	1	63	63
n03014705_280.JPEG	0	11	63	57
n03014705_281.JPEG	0	6	63	63
n03014705_282.JPEG	0	0	63	63
n03014705_283.JPEG	0	1	63	63
n03014705_284.JPEG	0	6	60	62
n03014705_285.JPEG	0	10	63	58
n03014705_286.JPEG	2	10	63	61
n03014705_287.JPEG	0	1	63	61
n03014705_288.JPEG	3	4	63	58
n03014705_289.JPEG	0	1	63	56
n03014705_290.JPEG	0	2	63	62
n03014705_291.JPEG	0	2	63	63
n03014705_292.JPEG	0	1	63	63
n03014705_293.JPEG	0	6	63	57
n03014705_294.JPEG	4	17	60	55
n03014705_295.JPEG	0	21	63	63
n03014705_296.JPEG	3	7	63	53
n03014705_297.JPEG	6	6	63	56
n03014705_298.JPEG	0	3	63	63
n03014705_299.JPEG	0	0	63	63
n03014705_300.JPEG	0	16	63	54
n03014705_301.JPEG	0	1	63	59
n03014705_302.JPEG	0	20	63	55
n03014705_303.JPEG	8	0	61	63
n03014705_304.JPEG	0	11	63	58
n03014705_305.JPEG	0	1	63	63
n03014705_306.JPEG	0	6	60	61
n03014705_307.JPEG	0	6	63	63
n03014705_308.JPEG	0	17	53	63
n03014705_309.JPEG	0	4	63	62
n03014705_310.JPEG	0	3	63	60
n03014705_311.JPEG	4	1	63	63
n03014705_312.JPEG	0	1	63	62
n03014705_313.JPEG	9	0	60	60
n03014705_314.JPEG	0	1	63	62
n03014705_315.JPEG	5	0	63	63
n03014705_316.JPEG	6	12	57	62
n03014705_317.JPEG	0	1	48	49
n03014705_318.JPEG	0	0	62	63
n03014705_319.JPEG	2	4	63	61
n03014705_320.JPEG	0	2	62	63
n03014705_321.JPEG	0	5	63	61
n03014705_322.JPEG	1	0	63	63
n03014705_323.JPEG	0	9	63	52
n03014705_324.JPEG	0	1	63	63
n03014705_325.JPEG	1	1	58	63
n03014705_326.JPEG	3	23	63	53
n03014705_327.JPEG	4	5	59	63
n03014705_328.JPEG	1	0	63	63
n03014705_329.JPEG	0	1	63	62
n03014705_330.JPEG	0	5	63	61
n03014705_331.JPEG	2	5	63	60
n03014705_332.JPEG	2	8	63	56
n03014705_333.JPEG	0	0	63	63
n03014705_334.JPEG	0	9	63	61
n03014705_335.JPEG	6	3	63	63
n03014705_336.JPEG	2	7	63	61
n03014705_337.JPEG	0	5	63	56
n03014705_338.JPEG	4	1	63	63
n03014705_339.JPEG	1	2	63	58
n03014705_340.JPEG	0	9	63	62
n03014705_341.JPEG	3	12	60	56
n03014705_342.JPEG	5	7	55	63
n03014705_343.JPEG	0	0	63	63
n03014705_344.JPEG	5	21	61	59
n03014705_345.JPEG	0	2	63	63
n03014705_346.JPEG	0	17	45	63
n03014705_347.JPEG	2	12	63	49
n03014705_348.JPEG	2	1	63	62
n03014705_349.JPEG	0	0	63	63
n03014705_350.JPEG	0	0	63	63
n03014705_351.JPEG	0	0	63	63
n03014705_352.JPEG	1	2	63	63
n03014705_353.JPEG	15	20	50	61
n03014705_354.JPEG	0	3	63	58
n03014705_355.JPEG	0	4	63	63
n03014705_356.JPEG	6	0	63	63
n03014705_357.JPEG	0	0	63	63
n03014705_358.JPEG	0	30	27	63
n03014705_359.JPEG	8	0	59	63
n03014705_360.JPEG	3	9	60	63
n03014705_361.JPEG	0	1	63	63
n03014705_362.JPEG	4	6	63	60
n03014705_363.JPEG	19	5	51	54
n03014705_364.JPEG	0	3	63	61
n03014705_365.JPEG	1	0	63	63
n03014705_366.JPEG	0	6	63	59
n03014705_367.JPEG	14	17	53	48
n03014705_368.JPEG	0	3	63	61
n03014705_369.JPEG	0	1	63	63
n03014705_370.JPEG	1	13	63	52
n03014705_371.JPEG	0	14	63	56
n03014705_372.JPEG	3	3	63	62
n03014705_373.JPEG	10	28	52	63
n03014705_374.JPEG	0	1	63	63
n03014705_375.JPEG	0	3	63	63
n03014705_376.JPEG	13	4	63	62
n03014705_377.JPEG	0	9	63	51
n03014705_378.JPEG	0	3	63	63
n03014705_379.JPEG	0	13	63	57
n03014705_380.JPEG	4	18	63	53
n03014705_381.JPEG	0	10	63	58
n03014705_382.JPEG	0	11	63	51
n03014705_383.JPEG	0	1	63	63
n03014705_384.JPEG	10	13	55	54
n03014705_385.JPEG	5	0	63	63
n03014705_386.JPEG	0	5	63	55
n03014705_387.JPEG	38	16	63	63
n03014705_388.JPEG	6	0	54	63
n03014705_389.JPEG	0	1	63	63
n03014705_390.JPEG	0	5	63	62
n03014705_391.JPEG	0	3	63	62
n03014705_392.JPEG	0	4	63	61
n03014705_393.JPEG	0	8	63	59
n03014705_394.JPEG	0	2	63	63
n03014705_395.JPEG	6	13	61	58
n03014705_396.JPEG	0	8	63	61
n03014705_397.JPEG	4	0	61	63
n03014705_398.JPEG	0	3	63	62
n03014705_399.JPEG	1	0	63	63
n03014705_400.JPEG	0	1	63	59
n03014705_401.JPEG	3	0	63	63
n03014705_402.JPEG	2	8	63	59
n03014705_403.JPEG	0	12	63	62
n03014705_404.JPEG	3	43	56	63
n03014705_405.JPEG	6	9	63	62
n03014705_406.JPEG	0	5	63	61
n03014705_407.JPEG	0	0	34	47
n03014705_408.JPEG	0	8	63	57
n03014705_409.JPEG	5	2	63	62
n03014705_410.JPEG	0	8	63	63
n03014705_411.JPEG	0	8	63	62
n03014705_412.JPEG	0	9	63	51
n03014705_413.JPEG	0	13	63	44
n03014705_414.JPEG	0	3	63	59
n03014705_415.JPEG	0	8	62	58
n03014705_416.JPEG	0	2	63	63
n03014705_417.JPEG	0	7	63	58
n03014705_418.JPEG	1	3	63	62
n03014705_419.JPEG	0	3	63	63
n03014705_420.JPEG	0	1	63	63
n03014705_421.JPEG	0	12	63	54
n03014705_422.JPEG	0	15	63	61
n03014705_423.JPEG	0	2	58	63
n03014705_424.JPEG	0	1	63	63
n03014705_425.JPEG	0	6	63	58
n03014705_426.JPEG	1	0	59	63
n03014705_427.JPEG	0	0	63	63
n03014705_428.JPEG	1	0	60	63
n03014705_429.JPEG	0	1	63	63
n03014705_430.JPEG	7	2	63	63
n03014705_431.JPEG	4	1	63	63
n03014705_432.JPEG	0	2	63	63
n03014705_433.JPEG	0	5	63	56
n03014705_434.JPEG	7	10	55	54
n03014705_435.JPEG	0	6	63	62
n03014705_436.JPEG	4	8	56	57
n03014705_437.JPEG	0	1	63	63
n03014705_438.JPEG	7	6	42	38
n03014705_439.JPEG	1	3	58	61
n03014705_440.JPEG	0	1	63	63
n03014705_441.JPEG	0	8	63	56
n03014705_442.JPEG	3	12	43	45
n03014705_443.JPEG	30	2	63	59
n03014705_444.JPEG	1	7	58	61
n03014705_445.JPEG	0	1	63	63
n03014705_446.JPEG	0	3	63	63
n03014705_447.JPEG	0	1	63	63
n03014705_448.JPEG	0	0	63	63
n03014705_449.JPEG	0	13	63	63
n03014705_450.JPEG	40	31	63	62
n03014705_451.JPEG	6	31	63	63
n03014705_452.JPEG	0	12	63	56
n03014705_453.JPEG	0	6	63	63
n03014705_454.JPEG	0	3	63	62
n03014705_455.JPEG	0	8	63	51
n03014705_456.JPEG	7	3	57	58
n03014705_457.JPEG	0	0	63	63
n03014705_458.JPEG	0	3	63	62
n03014705_459.JPEG	0	4	63	60
n03014705_460.JPEG	0	4	63	59
n03014705_461.JPEG	13	8	57	59
n03014705_462.JPEG	0	0	63	63
n03014705_463.JPEG	0	9	63	62
n03014705_464.JPEG	7	13	60	57
n03014705_465.JPEG	0	7	63	63
n03014705_466.JPEG	0	1	63	63
n03014705_467.JPEG	0	0	63	63
n03014705_468.JPEG	0	9	63	62
n03014705_469.JPEG	11	19	46	58
n03014705_470.JPEG	3	4	63	60
n03014705_471.JPEG	0	7	63	63
n03014705_472.JPEG	5	7	55	44
n03014705_473.JPEG	0	2	63	63
n03014705_474.JPEG	0	11	63	59
n03014705_475.JPEG	0	1	53	63
n03014705_476.JPEG	0	19	58	61
n03014705_477.JPEG	3	12	47	48
n03014705_478.JPEG	10	50	44	63
n03014705_479.JPEG	0	2	63	63
n03014705_480.JPEG	5	2	60	63
n03014705_481.JPEG	0	5	63	63
n03014705_482.JPEG	7	4	57	62
n03014705_483.JPEG	11	10	56	51
n03014705_484.JPEG	0	5	63	63
n03014705_485.JPEG	0	1	63	63
n03014705_486.JPEG	7	10	58	63
n03014705_487.JPEG	10	7	53	52
n03014705_488.JPEG	0	3	63	63
n03014705_489.JPEG	0	9	63	63
n03014705_490.JPEG	1	1	63	63
n03014705_491.JPEG	0	12	63	56
n03014705_492.JPEG	0	15	63	63
n03014705_493.JPEG	9	4	51	32
n03014705_494.JPEG	0	4	61	63
n03014705_495.JPEG	2	0	63	63
n03014705_496.JPEG	4	2	63	59
n03014705_497.JPEG	5	10	63	51
n03014705_498.JPEG	0	4	63	61
n03014705_499.JPEG	7	2	63	63
