n02099601_0.JPEG	15	0	63	51
n02099601_1.JPEG	0	20	26	56
n02099601_2.JPEG	5	0	61	63
n02099601_3.JPEG	0	5	63	63
n02099601_4.JPEG	1	7	62	63
n02099601_5.JPEG	10	9	46	63
n02099601_6.JPEG	0	4	63	63
n02099601_7.JPEG	31	30	63	63
n02099601_8.JPEG	0	0	63	63
n02099601_9.JPEG	0	8	63	62
n02099601_10.JPEG	4	0	63	63
n02099601_11.JPEG	0	0	53	63
n02099601_12.JPEG	0	2	63	63
n02099601_13.JPEG	0	23	48	60
n02099601_14.JPEG	9	7	56	62
n02099601_15.JPEG	32	23	63	63
n02099601_16.JPEG	13	29	63	59
n02099601_17.JPEG	37	13	63	57
n02099601_18.JPEG	28	15	49	35
n02099601_19.JPEG	0	3	63	51
n02099601_20.JPEG	10	0	56	63
n02099601_21.JPEG	0	2	63	63
n02099601_22.JPEG	26	12	57	63
n02099601_23.JPEG	0	18	63	60
n02099601_24.JPEG	0	26	38	63
n02099601_25.JPEG	0	20	19	57
n02099601_26.JPEG	0	1	41	63
n02099601_27.JPEG	0	15	63	46
n02099601_28.JPEG	4	11	63	52
n02099601_29.JPEG	0	3	63	63
n02099601_30.JPEG	10	12	63	63
n02099601_31.JPEG	0	7	63	60
n02099601_32.JPEG	2	0	63	63
n02099601_33.JPEG	1	9	63	58
n02099601_34.JPEG	1	0	63	63
n02099601_35.JPEG	9	7	62	59
n02099601_36.JPEG	0	0	30	63
n02099601_37.JPEG	0	0	60	63
n02099601_38.JPEG	0	1	63	52
n02099601_39.JPEG	0	0	58	63
n02099601_40.JPEG	8	3	63	63
n02099601_41.JPEG	9	0	63	63
n02099601_42.JPEG	7	17	51	51
n02099601_43.JPEG	0	7	42	45
n02099601_44.JPEG	0	5	63	63
n02099601_45.JPEG	0	5	63	63
n02099601_46.JPEG	0	9	61	63
n02099601_47.JPEG	12	7	47	59
n02099601_48.JPEG	0	5	63	63
n02099601_49.JPEG	10	5	40	63
n02099601_50.JPEG	24	1	63	59
n02099601_51.JPEG	28	8	63	44
n02099601_52.JPEG	0	10	63	63
n02099601_53.JPEG	25	4	63	61
n02099601_54.JPEG	6	4	44	63
n02099601_55.JPEG	0	6	63	46
n02099601_56.JPEG	13	19	48	54
n02099601_57.JPEG	11	0	63	63
n02099601_58.JPEG	21	1	63	63
n02099601_59.JPEG	0	3	58	63
n02099601_60.JPEG	3	2	63	63
n02099601_61.JPEG	16	4	63	56
n02099601_62.JPEG	21	17	33	42
n02099601_63.JPEG	0	0	63	63
n02099601_64.JPEG	2	0	59	53
n02099601_65.JPEG	0	7	63	58
n02099601_66.JPEG	18	7	63	51
n02099601_67.JPEG	27	24	48	60
n02099601_68.JPEG	0	8	36	63
n02099601_69.JPEG	29	14	63	63
n02099601_70.JPEG	5	18	63	63
n02099601_71.JPEG	0	3	61	61
n02099601_72.JPEG	18	0	51	63
n02099601_73.JPEG	0	5	63	63
n02099601_74.JPEG	3	24	63	53
n02099601_75.JPEG	2	0	63	63
n02099601_76.JPEG	6	0	59	63
n02099601_77.JPEG	0	11	59	57
n02099601_78.JPEG	2	0	44	63
n02099601_79.JPEG	0	9	41	63
n02099601_80.JPEG	38	19	63	60
n02099601_81.JPEG	0	0	55	56
n02099601_82.JPEG	15	9	63	63
n02099601_83.JPEG	14	0	54	63
n02099601_84.JPEG	21	7	63	49
n02099601_85.JPEG	11	3	46	36
n02099601_86.JPEG	0	1	63	56
n02099601_87.JPEG	12	5	63	50
n02099601_88.JPEG	0	0	63	56
n02099601_89.JPEG	0	2	63	63
n02099601_90.JPEG	16	31	63	62
n02099601_91.JPEG	0	3	50	59
n02099601_92.JPEG	17	8	63	56
n02099601_93.JPEG	11	9	41	53
n02099601_94.JPEG	0	2	54	63
n02099601_95.JPEG	30	10	63	43
n02099601_96.JPEG	0	3	63	63
n02099601_97.JPEG	7	25	59	49
n02099601_98.JPEG	0	5	63	56
n02099601_99.JPEG	21	18	50	50
n02099601_100.JPEG	0	1	63	63
n02099601_101.JPEG	10	10	63	63
n02099601_102.JPEG	0	2	42	54
n02099601_103.JPEG	0	3	61	62
n02099601_104.JPEG	4	19	63	56
n02099601_105.JPEG	1	9	63	63
n02099601_106.JPEG	18	0	60	49
n02099601_107.JPEG	0	0	63	63
n02099601_108.JPEG	0	4	59	57
n02099601_109.JPEG	0	14	63	57
n02099601_110.JPEG	5	2	58	63
n02099601_111.JPEG	0	0	58	63
n02099601_112.JPEG	18	1	63	52
n02099601_113.JPEG	2	2	63	49
n02099601_114.JPEG	0	0	56	55
n02099601_115.JPEG	25	21	43	52
n02099601_116.JPEG	0	6	63	56
n02099601_117.JPEG	0	0	59	63
n02099601_118.JPEG	4	1	63	63
n02099601_119.JPEG	1	1	63	63
n02099601_120.JPEG	0	1	30	63
n02099601_121.JPEG	0	3	63	63
n02099601_122.JPEG	5	0	59	63
n02099601_123.JPEG	22	24	52	63
n02099601_124.JPEG	0	28	47	45
n02099601_125.JPEG	13	31	55	60
n02099601_126.JPEG	3	3	60	63
n02099601_127.JPEG	0	16	63	61
n02099601_128.JPEG	1	0	63	63
n02099601_129.JPEG	0	0	63	63
n02099601_130.JPEG	0	4	63	63
n02099601_131.JPEG	11	15	50	63
n02099601_132.JPEG	22	10	63	63
n02099601_133.JPEG	14	8	58	63
n02099601_134.JPEG	8	27	51	58
n02099601_135.JPEG	1	0	45	63
n02099601_136.JPEG	7	0	60	63
n02099601_137.JPEG	0	5	46	63
n02099601_138.JPEG	18	0	44	43
n02099601_139.JPEG	0	0	55	63
n02099601_140.JPEG	6	22	63	61
n02099601_141.JPEG	0	14	57	56
n02099601_142.JPEG	7	3	63	63
n02099601_143.JPEG	10	7	63	63
n02099601_144.JPEG	0	0	63	63
n02099601_145.JPEG	6	7	48	63
n02099601_146.JPEG	12	16	63	52
n02099601_147.JPEG	0	1	57	63
n02099601_148.JPEG	8	12	56	58
n02099601_149.JPEG	26	21	63	63
n02099601_150.JPEG	0	9	63	63
n02099601_151.JPEG	29	6	62	59
n02099601_152.JPEG	0	0	57	63
n02099601_153.JPEG	0	1	63	63
n02099601_154.JPEG	0	13	51	63
n02099601_155.JPEG	14	0	53	63
n02099601_156.JPEG	15	19	46	55
n02099601_157.JPEG	6	0	60	63
n02099601_158.JPEG	0	21	52	63
n02099601_159.JPEG	3	0	61	63
n02099601_160.JPEG	0	6	63	62
n02099601_161.JPEG	0	1	63	63
n02099601_162.JPEG	10	31	63	63
n02099601_163.JPEG	5	6	63	53
n02099601_164.JPEG	14	27	44	41
n02099601_165.JPEG	1	1	63	63
n02099601_166.JPEG	0	7	63	63
n02099601_167.JPEG	14	4	59	63
n02099601_168.JPEG	6	0	53	63
n02099601_169.JPEG	0	8	60	49
n02099601_170.JPEG	21	32	47	43
n02099601_171.JPEG	0	1	63	58
n02099601_172.JPEG	14	11	53	63
n02099601_173.JPEG	0	29	13	53
n02099601_174.JPEG	8	0	61	63
n02099601_175.JPEG	17	9	63	63
n02099601_176.JPEG	0	13	45	63
n02099601_177.JPEG	0	3	63	61
n02099601_178.JPEG	5	8	38	59
n02099601_179.JPEG	15	10	63	63
n02099601_180.JPEG	0	0	63	63
n02099601_181.JPEG	19	22	31	45
n02099601_182.JPEG	0	8	63	63
n02099601_183.JPEG	0	3	63	60
n02099601_184.JPEG	11	2	63	63
n02099601_185.JPEG	0	11	63	57
n02099601_186.JPEG	25	12	59	63
n02099601_187.JPEG	5	0	60	63
n02099601_188.JPEG	0	16	63	50
n02099601_189.JPEG	13	12	63	51
n02099601_190.JPEG	9	4	58	63
n02099601_191.JPEG	0	7	48	63
n02099601_192.JPEG	19	16	63	63
n02099601_193.JPEG	0	27	49	58
n02099601_194.JPEG	25	9	63	63
n02099601_195.JPEG	0	11	63	63
n02099601_196.JPEG	1	0	63	63
n02099601_197.JPEG	6	0	57	63
n02099601_198.JPEG	0	17	33	44
n02099601_199.JPEG	6	0	57	63
n02099601_200.JPEG	10	0	63	63
n02099601_201.JPEG	9	0	49	63
n02099601_202.JPEG	3	0	63	63
n02099601_203.JPEG	0	3	49	63
n02099601_204.JPEG	4	9	62	63
n02099601_205.JPEG	0	0	63	63
n02099601_206.JPEG	0	7	63	59
n02099601_207.JPEG	7	4	63	51
n02099601_208.JPEG	3	2	57	61
n02099601_209.JPEG	37	23	61	51
n02099601_210.JPEG	12	14	50	63
n02099601_211.JPEG	15	1	63	63
n02099601_212.JPEG	0	0	63	63
n02099601_213.JPEG	2	0	62	63
n02099601_214.JPEG	0	6	59	63
n02099601_215.JPEG	0	1	63	63
n02099601_216.JPEG	0	12	58	63
n02099601_217.JPEG	20	38	45	63
n02099601_218.JPEG	13	9	55	55
n02099601_219.JPEG	13	9	51	63
n02099601_220.JPEG	0	4	43	59
n02099601_221.JPEG	0	7	63	63
n02099601_222.JPEG	0	1	63	57
n02099601_223.JPEG	33	17	63	63
n02099601_224.JPEG	0	6	59	63
n02099601_225.JPEG	0	0	60	63
n02099601_226.JPEG	0	0	63	63
n02099601_227.JPEG	6	0	49	63
n02099601_228.JPEG	0	8	54	63
n02099601_229.JPEG	9	4	58	61
n02099601_230.JPEG	0	8	63	59
n02099601_231.JPEG	12	6	56	39
n02099601_232.JPEG	1	0	62	63
n02099601_233.JPEG	0	8	63	63
n02099601_234.JPEG	5	9	60	60
n02099601_235.JPEG	0	0	63	50
n02099601_236.JPEG	14	8	46	63
n02099601_237.JPEG	0	1	63	63
n02099601_238.JPEG	0	11	63	62
n02099601_239.JPEG	10	14	63	63
n02099601_240.JPEG	46	24	63	62
n02099601_241.JPEG	0	7	58	59
n02099601_242.JPEG	6	0	63	60
n02099601_243.JPEG	28	24	59	63
n02099601_244.JPEG	20	20	63	63
n02099601_245.JPEG	5	0	54	63
n02099601_246.JPEG	36	0	57	63
n02099601_247.JPEG	0	12	39	63
n02099601_248.JPEG	0	7	63	63
n02099601_249.JPEG	0	6	51	63
n02099601_250.JPEG	0	0	63	62
n02099601_251.JPEG	0	8	42	63
n02099601_252.JPEG	0	1	63	63
n02099601_253.JPEG	0	13	62	53
n02099601_254.JPEG	20	1	63	63
n02099601_255.JPEG	10	0	53	63
n02099601_256.JPEG	4	13	63	63
n02099601_257.JPEG	8	8	48	63
n02099601_258.JPEG	43	24	63	63
n02099601_259.JPEG	0	12	63	63
n02099601_260.JPEG	19	7	52	54
n02099601_261.JPEG	14	12	57	62
n02099601_262.JPEG	0	10	35	63
n02099601_263.JPEG	0	9	63	63
n02099601_264.JPEG	22	19	39	39
n02099601_265.JPEG	0	4	63	63
n02099601_266.JPEG	28	30	37	43
n02099601_267.JPEG	8	21	56	59
n02099601_268.JPEG	0	18	54	56
n02099601_269.JPEG	0	0	63	63
n02099601_270.JPEG	26	9	50	54
n02099601_271.JPEG	0	3	63	63
n02099601_272.JPEG	14	0	56	55
n02099601_273.JPEG	8	4	61	63
n02099601_274.JPEG	7	0	54	63
n02099601_275.JPEG	9	0	63	63
n02099601_276.JPEG	0	7	63	63
n02099601_277.JPEG	1	0	52	63
n02099601_278.JPEG	8	0	63	62
n02099601_279.JPEG	23	38	39	61
n02099601_280.JPEG	0	5	63	63
n02099601_281.JPEG	0	0	63	63
n02099601_282.JPEG	0	3	63	50
n02099601_283.JPEG	21	20	56	63
n02099601_284.JPEG	0	13	38	57
n02099601_285.JPEG	7	8	63	63
n02099601_286.JPEG	0	11	63	61
n02099601_287.JPEG	0	3	63	63
n02099601_288.JPEG	0	0	63	63
n02099601_289.JPEG	21	22	53	43
n02099601_290.JPEG	5	5	58	60
n02099601_291.JPEG	5	0	63	63
n02099601_292.JPEG	0	2	63	63
n02099601_293.JPEG	15	1	57	63
n02099601_294.JPEG	0	11	38	60
n02099601_295.JPEG	0	4	33	54
n02099601_296.JPEG	8	2	48	57
n02099601_297.JPEG	0	7	63	57
n02099601_298.JPEG	19	7	63	61
n02099601_299.JPEG	10	26	51	63
n02099601_300.JPEG	0	1	63	56
n02099601_301.JPEG	0	8	54	56
n02099601_302.JPEG	0	1	24	38
n02099601_303.JPEG	11	4	55	58
n02099601_304.JPEG	1	0	63	63
n02099601_305.JPEG	0	1	63	63
n02099601_306.JPEG	19	0	63	63
n02099601_307.JPEG	15	11	56	59
n02099601_308.JPEG	0	0	63	51
n02099601_309.JPEG	1	1	63	63
n02099601_310.JPEG	0	8	63	63
n02099601_311.JPEG	1	0	63	63
n02099601_312.JPEG	12	11	63	63
n02099601_313.JPEG	14	39	26	56
n02099601_314.JPEG	0	0	63	63
n02099601_315.JPEG	9	0	57	63
n02099601_316.JPEG	0	12	63	58
n02099601_317.JPEG	0	5	63	60
n02099601_318.JPEG	4	1	49	50
n02099601_319.JPEG	0	0	58	53
n02099601_320.JPEG	0	10	48	55
n02099601_321.JPEG	11	2	48	56
n02099601_322.JPEG	0	5	52	62
n02099601_323.JPEG	0	0	63	48
n02099601_324.JPEG	22	0	63	63
n02099601_325.JPEG	14	0	50	63
n02099601_326.JPEG	9	0	63	63
n02099601_327.JPEG	11	0	63	63
n02099601_328.JPEG	0	4	63	63
n02099601_329.JPEG	2	0	60	63
n02099601_330.JPEG	0	13	55	63
n02099601_331.JPEG	0	12	62	53
n02099601_332.JPEG	15	11	55	63
n02099601_333.JPEG	23	1	63	63
n02099601_334.JPEG	11	9	48	63
n02099601_335.JPEG	38	7	63	63
n02099601_336.JPEG	12	14	39	52
n02099601_337.JPEG	0	5	63	63
n02099601_338.JPEG	0	6	63	57
n02099601_339.JPEG	1	8	53	63
n02099601_340.JPEG	0	10	63	63
n02099601_341.JPEG	1	0	50	63
n02099601_342.JPEG	5	2	52	63
n02099601_343.JPEG	0	1	47	63
n02099601_344.JPEG	13	16	50	54
n02099601_345.JPEG	14	8	63	63
n02099601_346.JPEG	0	1	63	63
n02099601_347.JPEG	6	0	63	63
n02099601_348.JPEG	0	5	63	60
n02099601_349.JPEG	0	8	59	61
n02099601_350.JPEG	0	13	40	63
n02099601_351.JPEG	0	2	63	51
n02099601_352.JPEG	15	8	53	62
n02099601_353.JPEG	0	0	61	63
n02099601_354.JPEG	0	9	61	63
n02099601_355.JPEG	0	2	63	56
n02099601_356.JPEG	1	0	44	63
n02099601_357.JPEG	0	0	63	63
n02099601_358.JPEG	0	14	37	60
n02099601_359.JPEG	27	17	58	63
n02099601_360.JPEG	1	8	63	63
n02099601_361.JPEG	1	24	62	56
n02099601_362.JPEG	1	20	30	46
n02099601_363.JPEG	10	3	61	61
n02099601_364.JPEG	0	12	51	58
n02099601_365.JPEG	1	15	47	59
n02099601_366.JPEG	23	14	53	63
n02099601_367.JPEG	14	2	52	42
n02099601_368.JPEG	1	0	44	63
n02099601_369.JPEG	1	0	63	63
n02099601_370.JPEG	0	4	63	63
n02099601_371.JPEG	0	15	60	60
n02099601_372.JPEG	0	2	63	63
n02099601_373.JPEG	2	2	63	63
n02099601_374.JPEG	7	4	55	63
n02099601_375.JPEG	1	34	44	63
n02099601_376.JPEG	0	0	63	63
n02099601_377.JPEG	18	0	63	63
n02099601_378.JPEG	0	10	63	63
n02099601_379.JPEG	4	0	63	63
n02099601_380.JPEG	31	15	63	49
n02099601_381.JPEG	43	12	63	45
n02099601_382.JPEG	0	1	63	63
n02099601_383.JPEG	13	11	59	59
n02099601_384.JPEG	16	26	57	63
n02099601_385.JPEG	19	19	36	52
n02099601_386.JPEG	0	0	63	63
n02099601_387.JPEG	9	12	38	44
n02099601_388.JPEG	6	0	63	63
n02099601_389.JPEG	6	1	63	63
n02099601_390.JPEG	0	0	63	63
n02099601_391.JPEG	25	9	63	63
n02099601_392.JPEG	12	0	63	62
n02099601_393.JPEG	0	0	63	63
n02099601_394.JPEG	3	5	63	63
n02099601_395.JPEG	0	5	58	63
n02099601_396.JPEG	0	20	28	52
n02099601_397.JPEG	0	2	63	63
n02099601_398.JPEG	2	0	63	63
n02099601_399.JPEG	0	3	31	51
n02099601_400.JPEG	11	1	60	63
n02099601_401.JPEG	0	1	63	63
n02099601_402.JPEG	5	0	49	49
n02099601_403.JPEG	0	0	63	63
n02099601_404.JPEG	0	0	63	63
n02099601_405.JPEG	7	11	54	42
n02099601_406.JPEG	18	30	39	61
n02099601_407.JPEG	29	9	63	62
n02099601_408.JPEG	8	8	62	63
n02099601_409.JPEG	0	8	63	50
n02099601_410.JPEG	0	6	63	59
n02099601_411.JPEG	4	2	63	63
n02099601_412.JPEG	0	14	63	53
n02099601_413.JPEG	16	4	55	63
n02099601_414.JPEG	24	5	39	27
n02099601_415.JPEG	24	27	43	54
n02099601_416.JPEG	0	4	63	63
n02099601_417.JPEG	9	0	63	63
n02099601_418.JPEG	0	1	63	63
n02099601_419.JPEG	0	0	63	63
n02099601_420.JPEG	8	0	63	63
n02099601_421.JPEG	15	0	63	63
n02099601_422.JPEG	9	0	63	63
n02099601_423.JPEG	13	13	47	63
n02099601_424.JPEG	13	16	37	48
n02099601_425.JPEG	0	4	63	63
n02099601_426.JPEG	14	42	35	55
n02099601_427.JPEG	0	0	63	56
n02099601_428.JPEG	0	4	63	63
n02099601_429.JPEG	0	0	52	63
n02099601_430.JPEG	14	16	63	42
n02099601_431.JPEG	0	1	46	56
n02099601_432.JPEG	0	4	29	63
n02099601_433.JPEG	0	3	61	63
n02099601_434.JPEG	9	3	56	51
n02099601_435.JPEG	1	0	63	63
n02099601_436.JPEG	7	3	61	58
n02099601_437.JPEG	0	1	34	63
n02099601_438.JPEG	21	1	51	55
n02099601_439.JPEG	0	0	63	63
n02099601_440.JPEG	0	33	16	63
n02099601_441.JPEG	6	29	59	63
n02099601_442.JPEG	0	9	27	62
n02099601_443.JPEG	25	1	63	62
n02099601_444.JPEG	0	5	63	63
n02099601_445.JPEG	0	1	63	55
n02099601_446.JPEG	10	8	59	48
n02099601_447.JPEG	0	17	54	63
n02099601_448.JPEG	5	0	44	61
n02099601_449.JPEG	16	4	50	61
n02099601_450.JPEG	5	0	63	63
n02099601_451.JPEG	0	13	34	63
n02099601_452.JPEG	9	7	63	63
n02099601_453.JPEG	24	32	59	63
n02099601_454.JPEG	6	15	55	53
n02099601_455.JPEG	0	7	63	58
n02099601_456.JPEG	11	0	57	63
n02099601_457.JPEG	0	0	63	63
n02099601_458.JPEG	0	33	6	55
n02099601_459.JPEG	4	0	59	58
n02099601_460.JPEG	8	3	63	63
n02099601_461.JPEG	4	10	63	63
n02099601_462.JPEG	0	16	63	63
n02099601_463.JPEG	5	15	63	49
n02099601_464.JPEG	0	0	63	58
n02099601_465.JPEG	16	0	52	63
n02099601_466.JPEG	11	11	51	62
n02099601_467.JPEG	25	24	57	59
n02099601_468.JPEG	9	5	46	63
n02099601_469.JPEG	0	17	63	63
n02099601_470.JPEG	1	0	63	63
n02099601_471.JPEG	14	12	50	63
n02099601_472.JPEG	0	2	61	62
n02099601_473.JPEG	11	0	63	63
n02099601_474.JPEG	8	2	61	63
n02099601_475.JPEG	3	9	54	58
n02099601_476.JPEG	6	3	63	63
n02099601_477.JPEG	0	1	62	63
n02099601_478.JPEG	20	7	59	63
n02099601_479.JPEG	0	3	63	49
n02099601_480.JPEG	0	0	52	56
n02099601_481.JPEG	26	3	55	54
n02099601_482.JPEG	0	8	50	63
n02099601_483.JPEG	10	18	58	48
n02099601_484.JPEG	9	7	62	63
n02099601_485.JPEG	11	22	63	52
n02099601_486.JPEG	0	0	32	37
n02099601_487.JPEG	0	0	62	57
n02099601_488.JPEG	12	10	63	59
n02099601_489.JPEG	0	5	63	54
n02099601_490.JPEG	0	6	18	63
n02099601_491.JPEG	1	4	63	57
n02099601_492.JPEG	1	10	63	62
n02099601_493.JPEG	19	17	56	60
n02099601_494.JPEG	6	6	63	51
n02099601_495.JPEG	1	23	63	63
n02099601_496.JPEG	20	20	45	53
n02099601_497.JPEG	0	2	63	63
n02099601_498.JPEG	36	16	63	59
n02099601_499.JPEG	0	11	30	63
