n07747607_0.JPEG	5	5	63	63
n07747607_1.JPEG	2	25	32	58
n07747607_2.JPEG	55	42	63	63
n07747607_3.JPEG	2	1	63	63
n07747607_4.JPEG	0	0	63	59
n07747607_5.JPEG	10	11	59	38
n07747607_6.JPEG	34	14	63	59
n07747607_7.JPEG	3	18	43	54
n07747607_8.JPEG	42	42	57	54
n07747607_9.JPEG	13	3	63	58
n07747607_10.JPEG	56	38	63	51
n07747607_11.JPEG	26	19	47	30
n07747607_12.JPEG	0	0	63	63
n07747607_13.JPEG	0	1	63	63
n07747607_14.JPEG	1	1	63	63
n07747607_15.JPEG	21	31	63	63
n07747607_16.JPEG	11	19	49	54
n07747607_17.JPEG	0	1	63	63
n07747607_18.JPEG	31	26	54	49
n07747607_19.JPEG	23	1	48	25
n07747607_20.JPEG	3	26	33	53
n07747607_21.JPEG	34	7	63	45
n07747607_22.JPEG	33	15	61	42
n07747607_23.JPEG	1	0	59	63
n07747607_24.JPEG	39	13	63	41
n07747607_25.JPEG	20	23	63	56
n07747607_26.JPEG	15	9	60	51
n07747607_27.JPEG	30	15	63	63
n07747607_28.JPEG	7	17	63	63
n07747607_29.JPEG	22	21	46	46
n07747607_30.JPEG	0	40	17	55
n07747607_31.JPEG	0	7	52	59
n07747607_32.JPEG	8	37	26	55
n07747607_33.JPEG	0	0	63	63
n07747607_34.JPEG	0	15	34	56
n07747607_35.JPEG	0	2	63	62
n07747607_36.JPEG	0	23	40	63
n07747607_37.JPEG	19	0	43	18
n07747607_38.JPEG	41	0	63	17
n07747607_39.JPEG	0	0	63	63
n07747607_40.JPEG	0	6	61	61
n07747607_41.JPEG	49	2	63	20
n07747607_42.JPEG	12	0	52	40
n07747607_43.JPEG	0	0	38	40
n07747607_44.JPEG	4	4	62	60
n07747607_45.JPEG	25	15	48	37
n07747607_46.JPEG	0	1	63	60
n07747607_47.JPEG	27	28	63	63
n07747607_48.JPEG	10	30	31	49
n07747607_49.JPEG	23	1	63	35
n07747607_50.JPEG	0	4	42	63
n07747607_51.JPEG	14	0	40	15
n07747607_52.JPEG	43	57	62	63
n07747607_53.JPEG	0	49	54	63
n07747607_54.JPEG	9	8	58	54
n07747607_55.JPEG	0	27	42	63
n07747607_56.JPEG	10	14	45	49
n07747607_57.JPEG	16	10	54	49
n07747607_58.JPEG	0	4	63	59
n07747607_59.JPEG	36	17	61	42
n07747607_60.JPEG	0	0	63	2
n07747607_61.JPEG	0	8	63	63
n07747607_62.JPEG	51	24	57	31
n07747607_63.JPEG	0	14	63	63
n07747607_64.JPEG	0	1	43	41
n07747607_65.JPEG	20	20	48	48
n07747607_66.JPEG	0	0	63	63
n07747607_67.JPEG	15	55	31	63
n07747607_68.JPEG	19	16	54	52
n07747607_69.JPEG	0	0	63	63
n07747607_70.JPEG	35	15	58	47
n07747607_71.JPEG	0	0	55	54
n07747607_72.JPEG	0	7	63	63
n07747607_73.JPEG	0	3	63	62
n07747607_74.JPEG	3	24	32	51
n07747607_75.JPEG	0	0	63	63
n07747607_76.JPEG	43	15	63	46
n07747607_77.JPEG	26	21	51	47
n07747607_78.JPEG	54	4	63	51
n07747607_79.JPEG	15	0	54	40
n07747607_80.JPEG	4	12	38	43
n07747607_81.JPEG	1	1	63	63
n07747607_82.JPEG	0	3	42	49
n07747607_83.JPEG	1	3	60	62
n07747607_84.JPEG	0	1	37	38
n07747607_85.JPEG	26	6	63	63
n07747607_86.JPEG	1	44	21	63
n07747607_87.JPEG	0	0	63	63
n07747607_88.JPEG	0	11	37	54
n07747607_89.JPEG	17	45	31	60
n07747607_90.JPEG	5	18	19	33
n07747607_91.JPEG	0	17	31	63
n07747607_92.JPEG	14	36	42	55
n07747607_93.JPEG	0	0	14	61
n07747607_94.JPEG	0	0	63	63
n07747607_95.JPEG	0	13	63	63
n07747607_96.JPEG	1	3	61	57
n07747607_97.JPEG	18	34	33	48
n07747607_98.JPEG	1	30	49	63
n07747607_99.JPEG	4	9	63	63
n07747607_100.JPEG	0	10	30	51
n07747607_101.JPEG	0	20	43	63
n07747607_102.JPEG	8	6	63	63
n07747607_103.JPEG	5	0	63	63
n07747607_104.JPEG	31	0	53	13
n07747607_105.JPEG	12	19	59	58
n07747607_106.JPEG	16	0	63	60
n07747607_107.JPEG	6	24	56	63
n07747607_108.JPEG	0	3	63	63
n07747607_109.JPEG	19	25	46	49
n07747607_110.JPEG	14	22	61	63
n07747607_111.JPEG	22	11	63	57
n07747607_112.JPEG	33	4	63	62
n07747607_113.JPEG	0	0	63	63
n07747607_114.JPEG	11	14	45	47
n07747607_115.JPEG	0	15	37	60
n07747607_116.JPEG	0	50	4	63
n07747607_117.JPEG	4	17	30	39
n07747607_118.JPEG	5	7	63	58
n07747607_119.JPEG	34	39	54	61
n07747607_120.JPEG	0	1	63	63
n07747607_121.JPEG	7	0	52	38
n07747607_122.JPEG	0	0	63	63
n07747607_123.JPEG	7	17	48	56
n07747607_124.JPEG	0	27	56	63
n07747607_125.JPEG	0	1	22	23
n07747607_126.JPEG	5	19	47	61
n07747607_127.JPEG	22	9	62	52
n07747607_128.JPEG	58	24	63	39
n07747607_129.JPEG	25	40	63	63
n07747607_130.JPEG	34	27	63	60
n07747607_131.JPEG	10	20	49	58
n07747607_132.JPEG	27	12	63	53
n07747607_133.JPEG	10	14	47	51
n07747607_134.JPEG	0	1	51	63
n07747607_135.JPEG	29	11	59	41
n07747607_136.JPEG	37	24	45	31
n07747607_137.JPEG	23	0	61	38
n07747607_138.JPEG	0	3	60	50
n07747607_139.JPEG	18	5	63	60
n07747607_140.JPEG	25	8	43	28
n07747607_141.JPEG	26	43	55	63
n07747607_142.JPEG	0	1	62	63
n07747607_143.JPEG	10	17	52	55
n07747607_144.JPEG	0	0	63	63
n07747607_145.JPEG	0	18	20	46
n07747607_146.JPEG	31	4	45	21
n07747607_147.JPEG	11	17	63	63
n07747607_148.JPEG	28	0	63	39
n07747607_149.JPEG	26	24	62	57
n07747607_150.JPEG	3	5	42	46
n07747607_151.JPEG	1	2	62	63
n07747607_152.JPEG	22	1	43	33
n07747607_153.JPEG	0	1	32	47
n07747607_154.JPEG	24	1	63	63
n07747607_155.JPEG	9	0	63	63
n07747607_156.JPEG	14	12	57	56
n07747607_157.JPEG	22	6	63	56
n07747607_158.JPEG	3	14	36	50
n07747607_159.JPEG	10	12	51	51
n07747607_160.JPEG	29	16	63	37
n07747607_161.JPEG	11	37	26	51
n07747607_162.JPEG	35	49	63	63
n07747607_163.JPEG	0	0	63	63
n07747607_164.JPEG	22	24	31	33
n07747607_165.JPEG	45	19	63	44
n07747607_166.JPEG	1	1	63	35
n07747607_167.JPEG	0	0	48	63
n07747607_168.JPEG	26	26	45	46
n07747607_169.JPEG	37	7	63	58
n07747607_170.JPEG	11	7	53	41
n07747607_171.JPEG	0	1	58	63
n07747607_172.JPEG	34	45	49	60
n07747607_173.JPEG	40	19	63	41
n07747607_174.JPEG	26	0	63	44
n07747607_175.JPEG	0	1	63	62
n07747607_176.JPEG	0	6	40	58
n07747607_177.JPEG	0	14	45	63
n07747607_178.JPEG	0	1	63	63
n07747607_179.JPEG	0	0	63	63
n07747607_180.JPEG	43	9	63	43
n07747607_181.JPEG	36	35	48	47
n07747607_182.JPEG	17	28	45	54
n07747607_183.JPEG	42	14	63	46
n07747607_184.JPEG	39	38	63	61
n07747607_185.JPEG	8	2	57	52
n07747607_186.JPEG	0	32	26	63
n07747607_187.JPEG	0	0	35	56
n07747607_188.JPEG	0	20	26	63
n07747607_189.JPEG	17	5	44	32
n07747607_190.JPEG	0	10	44	50
n07747607_191.JPEG	0	4	63	63
n07747607_192.JPEG	4	15	51	63
n07747607_193.JPEG	0	25	57	63
n07747607_194.JPEG	20	18	45	42
n07747607_195.JPEG	35	29	57	50
n07747607_196.JPEG	46	6	63	46
n07747607_197.JPEG	33	28	43	36
n07747607_198.JPEG	17	10	63	63
n07747607_199.JPEG	19	18	63	63
n07747607_200.JPEG	10	29	63	63
n07747607_201.JPEG	0	15	63	63
n07747607_202.JPEG	35	11	63	52
n07747607_203.JPEG	0	2	63	63
n07747607_204.JPEG	25	8	40	25
n07747607_205.JPEG	5	0	63	42
n07747607_206.JPEG	32	4	63	43
n07747607_207.JPEG	32	26	63	61
n07747607_208.JPEG	10	4	63	55
n07747607_209.JPEG	29	21	58	50
n07747607_210.JPEG	11	14	50	57
n07747607_211.JPEG	0	0	57	63
n07747607_212.JPEG	13	0	54	63
n07747607_213.JPEG	34	7	63	41
n07747607_214.JPEG	10	32	59	63
n07747607_215.JPEG	0	12	27	63
n07747607_216.JPEG	25	63	36	63
n07747607_217.JPEG	13	10	46	41
n07747607_218.JPEG	14	3	63	38
n07747607_219.JPEG	34	30	63	63
n07747607_220.JPEG	1	2	63	62
n07747607_221.JPEG	18	5	53	38
n07747607_222.JPEG	26	0	63	31
n07747607_223.JPEG	7	21	35	37
n07747607_224.JPEG	33	19	63	60
n07747607_225.JPEG	11	23	63	63
n07747607_226.JPEG	0	0	63	62
n07747607_227.JPEG	41	19	63	49
n07747607_228.JPEG	0	0	63	63
n07747607_229.JPEG	0	1	63	63
n07747607_230.JPEG	0	13	63	63
n07747607_231.JPEG	3	4	63	63
n07747607_232.JPEG	0	7	63	58
n07747607_233.JPEG	14	25	42	52
n07747607_234.JPEG	0	1	42	63
n07747607_235.JPEG	0	23	29	63
n07747607_236.JPEG	28	8	58	38
n07747607_237.JPEG	3	0	63	63
n07747607_238.JPEG	11	4	63	63
n07747607_239.JPEG	26	14	48	38
n07747607_240.JPEG	0	7	63	63
n07747607_241.JPEG	28	13	63	57
n07747607_242.JPEG	0	13	63	63
n07747607_243.JPEG	14	9	50	44
n07747607_244.JPEG	8	6	51	45
n07747607_245.JPEG	0	8	35	50
n07747607_246.JPEG	0	8	63	62
n07747607_247.JPEG	0	4	63	33
n07747607_248.JPEG	17	0	63	50
n07747607_249.JPEG	0	2	51	63
n07747607_250.JPEG	2	23	52	61
n07747607_251.JPEG	10	5	48	46
n07747607_252.JPEG	31	21	53	41
n07747607_253.JPEG	41	21	63	48
n07747607_254.JPEG	12	3	59	47
n07747607_255.JPEG	35	36	51	51
n07747607_256.JPEG	0	1	63	63
n07747607_257.JPEG	4	25	33	54
n07747607_258.JPEG	21	15	43	36
n07747607_259.JPEG	11	7	56	55
n07747607_260.JPEG	32	43	39	51
n07747607_261.JPEG	0	3	63	63
n07747607_262.JPEG	0	10	63	63
n07747607_263.JPEG	2	4	62	61
n07747607_264.JPEG	9	10	61	59
n07747607_265.JPEG	0	31	38	63
n07747607_266.JPEG	0	2	60	63
n07747607_267.JPEG	31	42	49	62
n07747607_268.JPEG	12	9	63	63
n07747607_269.JPEG	0	1	63	63
n07747607_270.JPEG	20	15	48	44
n07747607_271.JPEG	10	10	56	56
n07747607_272.JPEG	36	27	63	59
n07747607_273.JPEG	4	6	63	63
n07747607_274.JPEG	17	15	56	54
n07747607_275.JPEG	29	16	51	39
n07747607_276.JPEG	1	0	54	63
n07747607_277.JPEG	3	13	56	52
n07747607_278.JPEG	32	4	63	42
n07747607_279.JPEG	35	6	63	46
n07747607_280.JPEG	32	19	54	41
n07747607_281.JPEG	21	19	49	52
n07747607_282.JPEG	0	1	63	63
n07747607_283.JPEG	0	0	63	63
n07747607_284.JPEG	0	22	37	62
n07747607_285.JPEG	1	12	45	57
n07747607_286.JPEG	7	23	55	57
n07747607_287.JPEG	0	7	58	63
n07747607_288.JPEG	27	13	63	53
n07747607_289.JPEG	19	16	32	30
n07747607_290.JPEG	0	5	4	29
n07747607_291.JPEG	39	28	63	56
n07747607_292.JPEG	3	4	34	34
n07747607_293.JPEG	36	41	59	62
n07747607_294.JPEG	0	0	63	63
n07747607_295.JPEG	0	1	63	63
n07747607_296.JPEG	0	16	63	63
n07747607_297.JPEG	26	1	62	39
n07747607_298.JPEG	10	27	47	60
n07747607_299.JPEG	1	14	52	61
n07747607_300.JPEG	0	11	31	56
n07747607_301.JPEG	0	17	43	63
n07747607_302.JPEG	21	0	63	56
n07747607_303.JPEG	10	4	63	63
n07747607_304.JPEG	0	11	41	59
n07747607_305.JPEG	24	52	63	63
n07747607_306.JPEG	31	6	56	31
n07747607_307.JPEG	0	1	58	54
n07747607_308.JPEG	35	6	63	30
n07747607_309.JPEG	18	17	46	49
n07747607_310.JPEG	27	26	41	39
n07747607_311.JPEG	15	7	54	43
n07747607_312.JPEG	0	7	51	44
n07747607_313.JPEG	0	2	52	58
n07747607_314.JPEG	0	0	63	63
n07747607_315.JPEG	29	6	59	33
n07747607_316.JPEG	0	0	63	63
n07747607_317.JPEG	27	6	54	35
n07747607_318.JPEG	0	7	19	31
n07747607_319.JPEG	0	10	40	56
n07747607_320.JPEG	21	27	49	49
n07747607_321.JPEG	0	0	53	55
n07747607_322.JPEG	4	13	54	63
n07747607_323.JPEG	2	5	55	59
n07747607_324.JPEG	29	20	61	52
n07747607_325.JPEG	2	2	63	61
n07747607_326.JPEG	0	13	63	63
n07747607_327.JPEG	0	6	63	63
n07747607_328.JPEG	2	34	46	63
n07747607_329.JPEG	27	4	63	63
n07747607_330.JPEG	0	22	42	63
n07747607_331.JPEG	36	31	49	47
n07747607_332.JPEG	0	5	63	63
n07747607_333.JPEG	9	22	45	53
n07747607_334.JPEG	0	0	54	58
n07747607_335.JPEG	18	10	57	52
n07747607_336.JPEG	11	32	34	53
n07747607_337.JPEG	0	1	63	63
n07747607_338.JPEG	0	8	63	56
n07747607_339.JPEG	26	1	63	63
n07747607_340.JPEG	0	19	50	59
n07747607_341.JPEG	0	8	63	57
n07747607_342.JPEG	6	0	63	63
n07747607_343.JPEG	0	0	52	63
n07747607_344.JPEG	0	1	18	35
n07747607_345.JPEG	0	0	63	44
n07747607_346.JPEG	5	13	52	62
n07747607_347.JPEG	0	7	35	52
n07747607_348.JPEG	0	0	61	63
n07747607_349.JPEG	6	9	54	56
n07747607_350.JPEG	28	0	63	29
n07747607_351.JPEG	0	0	63	63
n07747607_352.JPEG	0	6	63	63
n07747607_353.JPEG	25	22	61	54
n07747607_354.JPEG	8	3	56	41
n07747607_355.JPEG	27	14	63	63
n07747607_356.JPEG	0	0	32	46
n07747607_357.JPEG	11	34	62	63
n07747607_358.JPEG	0	0	63	63
n07747607_359.JPEG	19	22	56	50
n07747607_360.JPEG	40	0	63	34
n07747607_361.JPEG	5	4	41	50
n07747607_362.JPEG	0	36	20	63
n07747607_363.JPEG	0	6	63	63
n07747607_364.JPEG	7	3	63	62
n07747607_365.JPEG	18	33	46	59
n07747607_366.JPEG	18	53	40	63
n07747607_367.JPEG	3	5	63	60
n07747607_368.JPEG	13	26	63	63
n07747607_369.JPEG	20	20	48	47
n07747607_370.JPEG	0	13	15	42
n07747607_371.JPEG	0	1	63	63
n07747607_372.JPEG	0	10	33	63
n07747607_373.JPEG	0	0	63	63
n07747607_374.JPEG	2	3	63	63
n07747607_375.JPEG	1	16	35	49
n07747607_376.JPEG	0	1	63	59
n07747607_377.JPEG	0	1	55	63
n07747607_378.JPEG	0	1	63	63
n07747607_379.JPEG	0	0	63	63
n07747607_380.JPEG	0	0	63	63
n07747607_381.JPEG	5	5	59	60
n07747607_382.JPEG	1	31	15	49
n07747607_383.JPEG	37	14	63	63
n07747607_384.JPEG	31	1	63	63
n07747607_385.JPEG	34	14	63	52
n07747607_386.JPEG	1	0	62	37
n07747607_387.JPEG	27	0	63	41
n07747607_388.JPEG	29	18	43	34
n07747607_389.JPEG	0	0	27	32
n07747607_390.JPEG	0	15	51	49
n07747607_391.JPEG	0	0	63	63
n07747607_392.JPEG	6	20	52	63
n07747607_393.JPEG	8	12	44	48
n07747607_394.JPEG	5	25	50	62
n07747607_395.JPEG	32	0	63	63
n07747607_396.JPEG	1	0	63	63
n07747607_397.JPEG	33	16	54	37
n07747607_398.JPEG	12	16	49	52
n07747607_399.JPEG	0	1	36	63
n07747607_400.JPEG	0	6	36	63
n07747607_401.JPEG	0	2	63	51
n07747607_402.JPEG	0	6	63	58
n07747607_403.JPEG	0	11	41	53
n07747607_404.JPEG	6	3	63	54
n07747607_405.JPEG	0	0	35	41
n07747607_406.JPEG	19	30	63	63
n07747607_407.JPEG	8	4	56	51
n07747607_408.JPEG	21	14	47	39
n07747607_409.JPEG	21	9	62	52
n07747607_410.JPEG	14	0	59	28
n07747607_411.JPEG	0	16	63	63
n07747607_412.JPEG	47	26	63	45
n07747607_413.JPEG	15	19	48	51
n07747607_414.JPEG	36	40	63	63
n07747607_415.JPEG	45	22	62	40
n07747607_416.JPEG	19	8	63	63
n07747607_417.JPEG	0	16	32	50
n07747607_418.JPEG	20	16	63	53
n07747607_419.JPEG	49	51	63	63
n07747607_420.JPEG	0	1	63	63
n07747607_421.JPEG	0	6	55	58
n07747607_422.JPEG	5	13	59	56
n07747607_423.JPEG	12	1	51	41
n07747607_424.JPEG	17	7	63	59
n07747607_425.JPEG	5	2	58	53
n07747607_426.JPEG	23	18	45	39
n07747607_427.JPEG	0	1	47	59
n07747607_428.JPEG	0	24	63	63
n07747607_429.JPEG	29	23	56	48
n07747607_430.JPEG	4	22	32	51
n07747607_431.JPEG	1	2	63	63
n07747607_432.JPEG	27	12	52	36
n07747607_433.JPEG	0	15	32	54
n07747607_434.JPEG	37	14	46	21
n07747607_435.JPEG	0	0	63	63
n07747607_436.JPEG	24	19	51	44
n07747607_437.JPEG	18	0	63	37
n07747607_438.JPEG	4	4	62	58
n07747607_439.JPEG	13	17	49	46
n07747607_440.JPEG	2	10	63	59
n07747607_441.JPEG	0	0	63	63
n07747607_442.JPEG	4	8	63	61
n07747607_443.JPEG	0	25	25	52
n07747607_444.JPEG	0	1	63	63
n07747607_445.JPEG	0	0	63	63
n07747607_446.JPEG	55	42	63	55
n07747607_447.JPEG	29	52	63	63
n07747607_448.JPEG	14	34	34	56
n07747607_449.JPEG	4	36	59	63
n07747607_450.JPEG	37	24	47	35
n07747607_451.JPEG	0	12	4	63
n07747607_452.JPEG	0	0	63	63
n07747607_453.JPEG	48	24	63	63
n07747607_454.JPEG	0	8	51	55
n07747607_455.JPEG	2	5	58	60
n07747607_456.JPEG	0	1	63	63
n07747607_457.JPEG	26	5	63	48
n07747607_458.JPEG	20	1	47	25
n07747607_459.JPEG	8	0	41	25
n07747607_460.JPEG	23	25	54	55
n07747607_461.JPEG	0	26	63	63
n07747607_462.JPEG	0	0	63	63
n07747607_463.JPEG	7	15	49	59
n07747607_464.JPEG	24	16	63	58
n07747607_465.JPEG	43	30	63	60
n07747607_466.JPEG	22	17	63	60
n07747607_467.JPEG	0	21	47	63
n07747607_468.JPEG	2	2	63	63
n07747607_469.JPEG	30	31	51	51
n07747607_470.JPEG	23	30	55	55
n07747607_471.JPEG	15	20	53	55
n07747607_472.JPEG	0	26	52	63
n07747607_473.JPEG	5	8	63	63
n07747607_474.JPEG	26	10	62	56
n07747607_475.JPEG	0	1	63	63
n07747607_476.JPEG	29	10	57	39
n07747607_477.JPEG	1	24	20	46
n07747607_478.JPEG	0	0	61	63
n07747607_479.JPEG	28	2	63	35
n07747607_480.JPEG	0	1	63	63
n07747607_481.JPEG	2	0	49	20
n07747607_482.JPEG	0	19	30	50
n07747607_483.JPEG	5	16	56	63
n07747607_484.JPEG	12	22	55	63
n07747607_485.JPEG	2	23	8	28
n07747607_486.JPEG	47	38	63	63
n07747607_487.JPEG	0	6	63	63
n07747607_488.JPEG	0	1	45	36
n07747607_489.JPEG	24	34	63	58
n07747607_490.JPEG	21	7	63	55
n07747607_491.JPEG	2	9	53	61
n07747607_492.JPEG	0	0	63	63
n07747607_493.JPEG	27	15	59	48
n07747607_494.JPEG	30	24	58	53
n07747607_495.JPEG	26	24	52	50
n07747607_496.JPEG	12	3	42	34
n07747607_497.JPEG	0	0	63	63
n07747607_498.JPEG	0	21	63	49
n07747607_499.JPEG	0	1	63	63
