n01983481_0.JPEG	0	8	63	63
n01983481_1.JPEG	21	29	63	63
n01983481_2.JPEG	0	22	25	42
n01983481_3.JPEG	30	8	60	52
n01983481_4.JPEG	1	4	63	60
n01983481_5.JPEG	9	25	58	52
n01983481_6.JPEG	0	10	63	63
n01983481_7.JPEG	0	23	63	63
n01983481_8.JPEG	16	19	63	63
n01983481_9.JPEG	28	22	55	39
n01983481_10.JPEG	3	10	35	48
n01983481_11.JPEG	0	38	31	58
n01983481_12.JPEG	0	13	18	41
n01983481_13.JPEG	0	11	63	50
n01983481_14.JPEG	0	8	63	63
n01983481_15.JPEG	0	0	63	62
n01983481_16.JPEG	7	39	43	55
n01983481_17.JPEG	0	10	63	49
n01983481_18.JPEG	0	14	63	63
n01983481_19.JPEG	0	2	62	63
n01983481_20.JPEG	35	29	51	44
n01983481_21.JPEG	1	40	32	51
n01983481_22.JPEG	22	0	63	63
n01983481_23.JPEG	0	1	63	63
n01983481_24.JPEG	8	5	63	51
n01983481_25.JPEG	0	7	63	63
n01983481_26.JPEG	36	4	63	61
n01983481_27.JPEG	3	18	63	54
n01983481_28.JPEG	24	17	44	59
n01983481_29.JPEG	5	14	51	38
n01983481_30.JPEG	0	0	63	63
n01983481_31.JPEG	26	25	58	42
n01983481_32.JPEG	0	0	58	34
n01983481_33.JPEG	16	19	48	45
n01983481_34.JPEG	0	1	63	63
n01983481_35.JPEG	0	1	63	63
n01983481_36.JPEG	0	14	63	57
n01983481_37.JPEG	31	55	49	63
n01983481_38.JPEG	0	6	63	63
n01983481_39.JPEG	44	32	63	48
n01983481_40.JPEG	0	2	63	63
n01983481_41.JPEG	0	0	63	58
n01983481_42.JPEG	16	13	63	63
n01983481_43.JPEG	0	31	63	57
n01983481_44.JPEG	0	5	46	63
n01983481_45.JPEG	4	14	63	50
n01983481_46.JPEG	22	40	50	56
n01983481_47.JPEG	2	0	63	63
n01983481_48.JPEG	0	2	63	63
n01983481_49.JPEG	0	11	63	63
n01983481_50.JPEG	20	0	63	55
n01983481_51.JPEG	0	11	55	63
n01983481_52.JPEG	15	7	57	57
n01983481_53.JPEG	0	5	63	62
n01983481_54.JPEG	0	17	63	58
n01983481_55.JPEG	2	0	63	63
n01983481_56.JPEG	0	2	44	51
n01983481_57.JPEG	17	1	63	42
n01983481_58.JPEG	0	9	40	60
n01983481_59.JPEG	2	40	55	61
n01983481_60.JPEG	0	22	63	62
n01983481_61.JPEG	0	11	63	48
n01983481_62.JPEG	0	22	46	56
n01983481_63.JPEG	10	1	54	63
n01983481_64.JPEG	8	11	63	63
n01983481_65.JPEG	0	9	63	49
n01983481_66.JPEG	15	1	63	63
n01983481_67.JPEG	21	10	46	35
n01983481_68.JPEG	7	2	63	61
n01983481_69.JPEG	0	10	63	63
n01983481_70.JPEG	0	3	58	63
n01983481_71.JPEG	0	1	63	63
n01983481_72.JPEG	0	1	44	18
n01983481_73.JPEG	15	25	60	40
n01983481_74.JPEG	2	3	63	61
n01983481_75.JPEG	0	5	60	63
n01983481_76.JPEG	0	12	63	63
n01983481_77.JPEG	6	24	54	53
n01983481_78.JPEG	0	0	63	63
n01983481_79.JPEG	0	0	63	60
n01983481_80.JPEG	0	2	63	63
n01983481_81.JPEG	0	9	63	61
n01983481_82.JPEG	0	2	63	63
n01983481_83.JPEG	54	42	63	63
n01983481_84.JPEG	30	16	54	32
n01983481_85.JPEG	0	1	63	60
n01983481_86.JPEG	2	7	63	63
n01983481_87.JPEG	0	4	63	42
n01983481_88.JPEG	22	29	38	53
n01983481_89.JPEG	13	35	42	63
n01983481_90.JPEG	11	28	62	55
n01983481_91.JPEG	0	17	63	63
n01983481_92.JPEG	34	3	63	57
n01983481_93.JPEG	0	18	63	50
n01983481_94.JPEG	0	1	63	63
n01983481_95.JPEG	10	34	34	46
n01983481_96.JPEG	2	12	63	49
n01983481_97.JPEG	0	15	63	63
n01983481_98.JPEG	19	9	47	63
n01983481_99.JPEG	32	44	55	63
n01983481_100.JPEG	0	10	63	58
n01983481_101.JPEG	8	15	61	57
n01983481_102.JPEG	5	32	49	52
n01983481_103.JPEG	0	53	21	63
n01983481_104.JPEG	0	0	63	58
n01983481_105.JPEG	3	1	61	63
n01983481_106.JPEG	0	12	63	59
n01983481_107.JPEG	6	0	56	63
n01983481_108.JPEG	2	14	63	49
n01983481_109.JPEG	0	17	47	59
n01983481_110.JPEG	44	27	61	51
n01983481_111.JPEG	0	21	29	58
n01983481_112.JPEG	9	14	55	56
n01983481_113.JPEG	3	20	63	63
n01983481_114.JPEG	2	0	47	60
n01983481_115.JPEG	0	8	52	62
n01983481_116.JPEG	0	5	63	61
n01983481_117.JPEG	0	13	63	63
n01983481_118.JPEG	0	7	63	56
n01983481_119.JPEG	20	44	43	55
n01983481_120.JPEG	0	0	63	46
n01983481_121.JPEG	0	0	53	63
n01983481_122.JPEG	0	20	30	63
n01983481_123.JPEG	0	2	63	57
n01983481_124.JPEG	0	19	63	55
n01983481_125.JPEG	0	9	59	52
n01983481_126.JPEG	21	27	63	54
n01983481_127.JPEG	0	5	63	63
n01983481_128.JPEG	1	11	63	63
n01983481_129.JPEG	0	7	63	62
n01983481_130.JPEG	0	15	63	63
n01983481_131.JPEG	1	0	63	63
n01983481_132.JPEG	12	17	30	38
n01983481_133.JPEG	11	1	63	63
n01983481_134.JPEG	0	17	50	63
n01983481_135.JPEG	0	1	63	63
n01983481_136.JPEG	0	3	63	63
n01983481_137.JPEG	27	6	63	47
n01983481_138.JPEG	0	4	58	63
n01983481_139.JPEG	0	9	57	49
n01983481_140.JPEG	0	26	25	63
n01983481_141.JPEG	0	16	63	50
n01983481_142.JPEG	40	26	63	63
n01983481_143.JPEG	0	0	47	63
n01983481_144.JPEG	0	10	63	42
n01983481_145.JPEG	0	0	63	50
n01983481_146.JPEG	27	35	54	63
n01983481_147.JPEG	0	25	33	49
n01983481_148.JPEG	13	23	52	47
n01983481_149.JPEG	1	0	63	46
n01983481_150.JPEG	0	4	63	63
n01983481_151.JPEG	13	18	63	45
n01983481_152.JPEG	17	38	63	63
n01983481_153.JPEG	8	20	63	41
n01983481_154.JPEG	15	33	48	56
n01983481_155.JPEG	0	8	63	42
n01983481_156.JPEG	3	24	50	52
n01983481_157.JPEG	3	0	62	63
n01983481_158.JPEG	2	6	63	60
n01983481_159.JPEG	32	0	60	24
n01983481_160.JPEG	0	2	62	56
n01983481_161.JPEG	2	22	28	63
n01983481_162.JPEG	1	29	63	58
n01983481_163.JPEG	17	23	50	63
n01983481_164.JPEG	0	12	63	61
n01983481_165.JPEG	0	1	63	63
n01983481_166.JPEG	37	42	63	55
n01983481_167.JPEG	21	15	63	55
n01983481_168.JPEG	0	1	63	63
n01983481_169.JPEG	2	6	63	63
n01983481_170.JPEG	0	1	63	63
n01983481_171.JPEG	0	1	63	59
n01983481_172.JPEG	8	6	63	63
n01983481_173.JPEG	0	5	63	63
n01983481_174.JPEG	3	9	55	62
n01983481_175.JPEG	0	10	53	59
n01983481_176.JPEG	1	13	51	33
n01983481_177.JPEG	0	16	54	63
n01983481_178.JPEG	0	19	58	48
n01983481_179.JPEG	0	19	63	55
n01983481_180.JPEG	0	0	63	63
n01983481_181.JPEG	0	8	63	56
n01983481_182.JPEG	12	7	63	56
n01983481_183.JPEG	28	20	49	29
n01983481_184.JPEG	0	0	61	63
n01983481_185.JPEG	0	2	63	51
n01983481_186.JPEG	0	18	27	54
n01983481_187.JPEG	36	0	63	63
n01983481_188.JPEG	0	6	63	63
n01983481_189.JPEG	2	0	63	63
n01983481_190.JPEG	39	28	63	61
n01983481_191.JPEG	0	13	61	57
n01983481_192.JPEG	0	0	63	63
n01983481_193.JPEG	0	13	63	51
n01983481_194.JPEG	16	42	44	63
n01983481_195.JPEG	1	4	52	63
n01983481_196.JPEG	28	10	63	41
n01983481_197.JPEG	0	0	63	63
n01983481_198.JPEG	9	36	38	63
n01983481_199.JPEG	32	22	63	52
n01983481_200.JPEG	0	15	63	63
n01983481_201.JPEG	16	12	63	57
n01983481_202.JPEG	0	19	63	56
n01983481_203.JPEG	1	5	61	60
n01983481_204.JPEG	21	47	48	57
n01983481_205.JPEG	0	2	63	63
n01983481_206.JPEG	0	40	60	63
n01983481_207.JPEG	4	20	30	44
n01983481_208.JPEG	0	9	63	60
n01983481_209.JPEG	6	7	58	54
n01983481_210.JPEG	9	8	63	52
n01983481_211.JPEG	0	19	63	59
n01983481_212.JPEG	0	3	62	63
n01983481_213.JPEG	1	1	63	63
n01983481_214.JPEG	8	7	28	22
n01983481_215.JPEG	0	1	63	63
n01983481_216.JPEG	0	9	63	63
n01983481_217.JPEG	25	37	40	41
n01983481_218.JPEG	3	12	63	55
n01983481_219.JPEG	1	0	43	56
n01983481_220.JPEG	0	2	62	61
n01983481_221.JPEG	0	0	63	54
n01983481_222.JPEG	9	24	35	50
n01983481_223.JPEG	33	1	63	20
n01983481_224.JPEG	0	15	63	63
n01983481_225.JPEG	1	21	31	45
n01983481_226.JPEG	10	1	63	58
n01983481_227.JPEG	0	2	63	57
n01983481_228.JPEG	9	37	41	63
n01983481_229.JPEG	0	11	59	63
n01983481_230.JPEG	0	7	63	61
n01983481_231.JPEG	16	0	58	63
n01983481_232.JPEG	0	16	63	53
n01983481_233.JPEG	0	18	63	55
n01983481_234.JPEG	13	14	63	59
n01983481_235.JPEG	0	15	63	59
n01983481_236.JPEG	0	1	63	63
n01983481_237.JPEG	0	5	63	58
n01983481_238.JPEG	6	7	63	60
n01983481_239.JPEG	31	41	44	63
n01983481_240.JPEG	0	17	63	63
n01983481_241.JPEG	26	8	63	42
n01983481_242.JPEG	0	19	63	58
n01983481_243.JPEG	0	2	63	63
n01983481_244.JPEG	3	5	61	52
n01983481_245.JPEG	0	12	63	55
n01983481_246.JPEG	44	30	60	47
n01983481_247.JPEG	0	25	50	63
n01983481_248.JPEG	0	1	63	63
n01983481_249.JPEG	8	3	53	58
n01983481_250.JPEG	10	14	60	63
n01983481_251.JPEG	18	18	60	49
n01983481_252.JPEG	0	14	63	63
n01983481_253.JPEG	31	1	63	57
n01983481_254.JPEG	2	24	50	63
n01983481_255.JPEG	7	15	53	55
n01983481_256.JPEG	0	3	63	63
n01983481_257.JPEG	0	12	63	63
n01983481_258.JPEG	28	9	63	46
n01983481_259.JPEG	14	35	48	58
n01983481_260.JPEG	10	34	44	59
n01983481_261.JPEG	5	2	56	63
n01983481_262.JPEG	5	0	59	60
n01983481_263.JPEG	0	0	63	63
n01983481_264.JPEG	0	18	56	56
n01983481_265.JPEG	0	12	63	58
n01983481_266.JPEG	18	26	32	36
n01983481_267.JPEG	0	0	63	63
n01983481_268.JPEG	0	1	63	63
n01983481_269.JPEG	0	12	63	63
n01983481_270.JPEG	0	7	60	59
n01983481_271.JPEG	0	5	63	58
n01983481_272.JPEG	0	0	63	56
n01983481_273.JPEG	0	0	63	63
n01983481_274.JPEG	2	18	63	58
n01983481_275.JPEG	3	10	63	56
n01983481_276.JPEG	21	29	63	63
n01983481_277.JPEG	0	5	63	63
n01983481_278.JPEG	4	1	63	63
n01983481_279.JPEG	0	0	63	62
n01983481_280.JPEG	0	1	63	63
n01983481_281.JPEG	7	32	59	63
n01983481_282.JPEG	0	1	63	57
n01983481_283.JPEG	29	15	63	46
n01983481_284.JPEG	38	29	61	53
n01983481_285.JPEG	5	16	63	63
n01983481_286.JPEG	0	4	63	63
n01983481_287.JPEG	0	2	63	61
n01983481_288.JPEG	0	11	63	63
n01983481_289.JPEG	0	25	22	42
n01983481_290.JPEG	6	1	63	63
n01983481_291.JPEG	32	33	63	42
n01983481_292.JPEG	0	5	63	63
n01983481_293.JPEG	0	12	63	46
n01983481_294.JPEG	17	35	63	55
n01983481_295.JPEG	0	19	63	45
n01983481_296.JPEG	0	15	63	63
n01983481_297.JPEG	0	0	63	63
n01983481_298.JPEG	0	24	63	57
n01983481_299.JPEG	9	22	53	56
n01983481_300.JPEG	0	7	61	60
n01983481_301.JPEG	9	10	63	40
n01983481_302.JPEG	5	56	29	63
n01983481_303.JPEG	10	17	52	56
n01983481_304.JPEG	0	8	63	54
n01983481_305.JPEG	22	7	63	60
n01983481_306.JPEG	0	20	63	63
n01983481_307.JPEG	10	38	51	63
n01983481_308.JPEG	0	1	63	63
n01983481_309.JPEG	3	2	63	62
n01983481_310.JPEG	0	2	63	56
n01983481_311.JPEG	35	0	63	49
n01983481_312.JPEG	10	16	34	53
n01983481_313.JPEG	16	45	48	63
n01983481_314.JPEG	0	3	63	63
n01983481_315.JPEG	0	6	63	52
n01983481_316.JPEG	0	1	63	63
n01983481_317.JPEG	9	18	58	59
n01983481_318.JPEG	0	21	63	52
n01983481_319.JPEG	0	0	63	63
n01983481_320.JPEG	12	44	54	62
n01983481_321.JPEG	16	47	52	63
n01983481_322.JPEG	0	3	63	51
n01983481_323.JPEG	1	25	30	44
n01983481_324.JPEG	0	15	63	63
n01983481_325.JPEG	0	11	63	56
n01983481_326.JPEG	6	5	63	63
n01983481_327.JPEG	10	19	62	45
n01983481_328.JPEG	5	19	63	63
n01983481_329.JPEG	0	1	63	63
n01983481_330.JPEG	0	5	63	47
n01983481_331.JPEG	0	2	63	63
n01983481_332.JPEG	0	24	63	61
n01983481_333.JPEG	6	0	61	63
n01983481_334.JPEG	18	10	54	63
n01983481_335.JPEG	6	11	54	49
n01983481_336.JPEG	14	47	60	63
n01983481_337.JPEG	0	0	63	63
n01983481_338.JPEG	0	19	63	48
n01983481_339.JPEG	17	47	41	63
n01983481_340.JPEG	0	1	63	44
n01983481_341.JPEG	0	8	27	63
n01983481_342.JPEG	0	40	42	63
n01983481_343.JPEG	15	0	48	63
n01983481_344.JPEG	0	7	63	61
n01983481_345.JPEG	31	2	63	63
n01983481_346.JPEG	5	17	42	61
n01983481_347.JPEG	0	22	63	46
n01983481_348.JPEG	0	12	63	63
n01983481_349.JPEG	15	52	59	63
n01983481_350.JPEG	0	7	39	63
n01983481_351.JPEG	0	2	63	57
n01983481_352.JPEG	0	0	61	63
n01983481_353.JPEG	8	13	57	60
n01983481_354.JPEG	0	5	63	58
n01983481_355.JPEG	2	8	63	48
n01983481_356.JPEG	38	45	61	53
n01983481_357.JPEG	22	5	55	63
n01983481_358.JPEG	7	24	49	63
n01983481_359.JPEG	0	0	63	61
n01983481_360.JPEG	10	5	63	52
n01983481_361.JPEG	9	18	57	55
n01983481_362.JPEG	9	21	63	62
n01983481_363.JPEG	0	16	63	63
n01983481_364.JPEG	0	20	56	43
n01983481_365.JPEG	12	22	63	63
n01983481_366.JPEG	0	4	63	60
n01983481_367.JPEG	0	14	63	63
n01983481_368.JPEG	0	9	63	63
n01983481_369.JPEG	0	7	63	62
n01983481_370.JPEG	1	1	63	63
n01983481_371.JPEG	4	0	61	63
n01983481_372.JPEG	24	10	55	49
n01983481_373.JPEG	0	0	63	63
n01983481_374.JPEG	6	14	51	58
n01983481_375.JPEG	0	3	63	63
n01983481_376.JPEG	0	0	63	42
n01983481_377.JPEG	6	0	58	54
n01983481_378.JPEG	12	37	48	62
n01983481_379.JPEG	0	1	63	63
n01983481_380.JPEG	0	9	63	63
n01983481_381.JPEG	0	7	63	56
n01983481_382.JPEG	0	2	22	63
n01983481_383.JPEG	8	9	63	63
n01983481_384.JPEG	0	1	60	59
n01983481_385.JPEG	1	0	63	63
n01983481_386.JPEG	0	32	51	55
n01983481_387.JPEG	6	11	63	47
n01983481_388.JPEG	0	3	63	63
n01983481_389.JPEG	0	39	48	63
n01983481_390.JPEG	26	7	63	52
n01983481_391.JPEG	7	6	63	60
n01983481_392.JPEG	0	0	63	63
n01983481_393.JPEG	15	49	37	63
n01983481_394.JPEG	14	21	43	52
n01983481_395.JPEG	22	19	62	62
n01983481_396.JPEG	4	0	58	63
n01983481_397.JPEG	0	0	63	63
n01983481_398.JPEG	8	7	49	63
n01983481_399.JPEG	0	0	59	63
n01983481_400.JPEG	0	0	63	63
n01983481_401.JPEG	0	0	63	58
n01983481_402.JPEG	0	12	45	62
n01983481_403.JPEG	0	17	62	62
n01983481_404.JPEG	19	45	36	63
n01983481_405.JPEG	19	32	56	50
n01983481_406.JPEG	0	22	63	61
n01983481_407.JPEG	0	17	63	59
n01983481_408.JPEG	21	48	47	63
n01983481_409.JPEG	7	29	36	55
n01983481_410.JPEG	0	0	63	63
n01983481_411.JPEG	25	35	63	63
n01983481_412.JPEG	0	0	63	63
n01983481_413.JPEG	0	0	63	46
n01983481_414.JPEG	0	6	56	45
n01983481_415.JPEG	35	23	52	41
n01983481_416.JPEG	21	0	63	40
n01983481_417.JPEG	1	0	63	63
n01983481_418.JPEG	4	26	40	63
n01983481_419.JPEG	0	1	63	63
n01983481_420.JPEG	1	13	63	59
n01983481_421.JPEG	0	14	63	62
n01983481_422.JPEG	0	5	63	60
n01983481_423.JPEG	3	5	63	41
n01983481_424.JPEG	6	42	57	63
n01983481_425.JPEG	2	17	28	45
n01983481_426.JPEG	9	21	63	51
n01983481_427.JPEG	44	2	63	52
n01983481_428.JPEG	15	41	47	63
n01983481_429.JPEG	26	19	38	33
n01983481_430.JPEG	13	26	62	51
n01983481_431.JPEG	0	0	61	54
n01983481_432.JPEG	2	9	63	63
n01983481_433.JPEG	1	15	42	63
n01983481_434.JPEG	3	0	63	59
n01983481_435.JPEG	0	6	63	61
n01983481_436.JPEG	6	1	63	61
n01983481_437.JPEG	42	16	63	32
n01983481_438.JPEG	0	5	63	63
n01983481_439.JPEG	20	4	47	63
n01983481_440.JPEG	0	1	63	63
n01983481_441.JPEG	4	4	62	42
n01983481_442.JPEG	0	0	63	63
n01983481_443.JPEG	0	3	63	57
n01983481_444.JPEG	0	13	63	47
n01983481_445.JPEG	8	33	25	45
n01983481_446.JPEG	11	48	53	63
n01983481_447.JPEG	0	0	63	63
n01983481_448.JPEG	0	9	51	61
n01983481_449.JPEG	11	12	45	48
n01983481_450.JPEG	6	47	47	59
n01983481_451.JPEG	0	4	63	58
n01983481_452.JPEG	0	0	63	63
n01983481_453.JPEG	1	0	63	63
n01983481_454.JPEG	8	45	43	63
n01983481_455.JPEG	1	9	63	51
n01983481_456.JPEG	0	0	63	63
n01983481_457.JPEG	20	36	37	45
n01983481_458.JPEG	0	15	63	47
n01983481_459.JPEG	0	1	63	60
n01983481_460.JPEG	0	4	63	62
n01983481_461.JPEG	7	46	28	62
n01983481_462.JPEG	1	23	61	63
n01983481_463.JPEG	0	14	24	60
n01983481_464.JPEG	1	31	63	63
n01983481_465.JPEG	0	25	63	63
n01983481_466.JPEG	8	28	32	48
n01983481_467.JPEG	0	14	63	51
n01983481_468.JPEG	23	5	42	40
n01983481_469.JPEG	0	30	58	58
n01983481_470.JPEG	20	1	56	26
n01983481_471.JPEG	0	6	63	61
n01983481_472.JPEG	8	7	63	60
n01983481_473.JPEG	8	44	37	61
n01983481_474.JPEG	0	16	63	61
n01983481_475.JPEG	0	5	63	55
n01983481_476.JPEG	0	8	30	57
n01983481_477.JPEG	0	15	63	63
n01983481_478.JPEG	0	0	63	63
n01983481_479.JPEG	0	13	47	45
n01983481_480.JPEG	12	10	62	63
n01983481_481.JPEG	0	14	63	45
n01983481_482.JPEG	0	0	63	63
n01983481_483.JPEG	0	6	63	63
n01983481_484.JPEG	11	20	63	63
n01983481_485.JPEG	0	0	63	63
n01983481_486.JPEG	2	0	59	63
n01983481_487.JPEG	10	28	39	46
n01983481_488.JPEG	0	5	63	63
n01983481_489.JPEG	6	5	63	53
n01983481_490.JPEG	63	24	63	63
n01983481_491.JPEG	0	8	63	55
n01983481_492.JPEG	2	23	63	53
n01983481_493.JPEG	6	3	52	63
n01983481_494.JPEG	12	0	53	63
n01983481_495.JPEG	52	35	63	63
n01983481_496.JPEG	0	2	63	63
n01983481_497.JPEG	22	1	62	37
n01983481_498.JPEG	10	1	57	53
n01983481_499.JPEG	8	5	50	61
