n07734744_0.JPEG	22	20	57	53
n07734744_1.JPEG	0	2	63	63
n07734744_2.JPEG	22	22	42	39
n07734744_3.JPEG	36	6	63	61
n07734744_4.JPEG	0	9	63	37
n07734744_5.JPEG	1	16	34	52
n07734744_6.JPEG	13	1	63	37
n07734744_7.JPEG	4	27	34	57
n07734744_8.JPEG	14	7	63	63
n07734744_9.JPEG	0	3	63	61
n07734744_10.JPEG	11	3	56	63
n07734744_11.JPEG	23	10	61	58
n07734744_12.JPEG	11	6	52	56
n07734744_13.JPEG	0	29	19	60
n07734744_14.JPEG	13	17	52	59
n07734744_15.JPEG	33	1	63	46
n07734744_16.JPEG	0	0	62	63
n07734744_17.JPEG	4	23	35	53
n07734744_18.JPEG	0	11	27	59
n07734744_19.JPEG	8	24	63	63
n07734744_20.JPEG	11	0	60	34
n07734744_21.JPEG	9	4	53	63
n07734744_22.JPEG	11	18	53	52
n07734744_23.JPEG	13	1	63	59
n07734744_24.JPEG	6	3	55	58
n07734744_25.JPEG	9	62	33	63
n07734744_26.JPEG	0	19	47	63
n07734744_27.JPEG	31	11	63	51
n07734744_28.JPEG	15	24	53	58
n07734744_29.JPEG	0	15	33	46
n07734744_30.JPEG	33	27	60	51
n07734744_31.JPEG	5	6	55	44
n07734744_32.JPEG	11	21	54	63
n07734744_33.JPEG	0	25	25	54
n07734744_34.JPEG	2	13	55	59
n07734744_35.JPEG	14	26	44	53
n07734744_36.JPEG	17	18	48	49
n07734744_37.JPEG	15	2	45	59
n07734744_38.JPEG	10	7	62	63
n07734744_39.JPEG	10	11	53	56
n07734744_40.JPEG	58	20	63	29
n07734744_41.JPEG	20	13	49	44
n07734744_42.JPEG	19	11	56	62
n07734744_43.JPEG	7	13	59	59
n07734744_44.JPEG	0	11	58	52
n07734744_45.JPEG	14	15	63	62
n07734744_46.JPEG	0	1	63	63
n07734744_47.JPEG	5	14	55	58
n07734744_48.JPEG	58	30	63	42
n07734744_49.JPEG	18	0	52	14
n07734744_50.JPEG	9	14	47	39
n07734744_51.JPEG	28	6	59	61
n07734744_52.JPEG	22	30	37	38
n07734744_53.JPEG	17	4	52	63
n07734744_54.JPEG	0	19	7	33
n07734744_55.JPEG	0	6	58	32
n07734744_56.JPEG	0	1	63	58
n07734744_57.JPEG	5	8	41	63
n07734744_58.JPEG	2	2	63	62
n07734744_59.JPEG	23	7	61	53
n07734744_60.JPEG	0	1	63	63
n07734744_61.JPEG	6	9	63	63
n07734744_62.JPEG	17	14	52	46
n07734744_63.JPEG	2	0	63	63
n07734744_64.JPEG	18	12	63	58
n07734744_65.JPEG	4	18	27	42
n07734744_66.JPEG	25	0	53	61
n07734744_67.JPEG	0	9	63	59
n07734744_68.JPEG	18	19	49	44
n07734744_69.JPEG	19	7	44	63
n07734744_70.JPEG	9	9	51	61
n07734744_71.JPEG	42	22	63	57
n07734744_72.JPEG	30	6	49	41
n07734744_73.JPEG	6	10	62	63
n07734744_74.JPEG	41	26	55	56
n07734744_75.JPEG	20	27	59	63
n07734744_76.JPEG	13	15	52	44
n07734744_77.JPEG	0	15	63	46
n07734744_78.JPEG	37	28	58	48
n07734744_79.JPEG	0	20	54	56
n07734744_80.JPEG	4	7	37	56
n07734744_81.JPEG	0	5	46	55
n07734744_82.JPEG	0	18	28	60
n07734744_83.JPEG	28	29	53	53
n07734744_84.JPEG	3	7	58	59
n07734744_85.JPEG	13	19	57	63
n07734744_86.JPEG	14	10	53	50
n07734744_87.JPEG	15	10	60	63
n07734744_88.JPEG	8	19	63	63
n07734744_89.JPEG	3	17	38	53
n07734744_90.JPEG	0	0	63	63
n07734744_91.JPEG	0	0	63	49
n07734744_92.JPEG	19	22	34	36
n07734744_93.JPEG	4	8	63	58
n07734744_94.JPEG	25	3	63	53
n07734744_95.JPEG	16	0	55	63
n07734744_96.JPEG	0	6	63	52
n07734744_97.JPEG	6	3	49	61
n07734744_98.JPEG	14	9	59	60
n07734744_99.JPEG	4	13	44	63
n07734744_100.JPEG	14	14	41	53
n07734744_101.JPEG	0	1	63	61
n07734744_102.JPEG	47	17	63	50
n07734744_103.JPEG	2	7	41	54
n07734744_104.JPEG	3	12	54	45
n07734744_105.JPEG	6	18	38	59
n07734744_106.JPEG	14	18	51	46
n07734744_107.JPEG	9	18	58	63
n07734744_108.JPEG	29	24	63	50
n07734744_109.JPEG	0	38	63	63
n07734744_110.JPEG	7	5	55	39
n07734744_111.JPEG	21	0	28	5
n07734744_112.JPEG	0	10	63	63
n07734744_113.JPEG	14	5	48	63
n07734744_114.JPEG	5	0	57	63
n07734744_115.JPEG	0	2	63	52
n07734744_116.JPEG	14	21	44	53
n07734744_117.JPEG	0	11	60	58
n07734744_118.JPEG	35	30	55	55
n07734744_119.JPEG	7	15	63	57
n07734744_120.JPEG	0	12	44	56
n07734744_121.JPEG	0	17	59	51
n07734744_122.JPEG	1	0	59	63
n07734744_123.JPEG	9	11	59	48
n07734744_124.JPEG	13	13	54	63
n07734744_125.JPEG	0	0	63	63
n07734744_126.JPEG	39	21	53	47
n07734744_127.JPEG	14	12	48	57
n07734744_128.JPEG	20	42	36	63
n07734744_129.JPEG	12	16	51	42
n07734744_130.JPEG	14	0	60	60
n07734744_131.JPEG	0	3	63	63
n07734744_132.JPEG	32	12	63	56
n07734744_133.JPEG	0	10	63	63
n07734744_134.JPEG	23	5	60	59
n07734744_135.JPEG	19	12	46	39
n07734744_136.JPEG	14	14	44	38
n07734744_137.JPEG	3	11	57	48
n07734744_138.JPEG	19	13	61	63
n07734744_139.JPEG	12	5	54	58
n07734744_140.JPEG	5	5	59	55
n07734744_141.JPEG	18	15	49	49
n07734744_142.JPEG	5	12	63	63
n07734744_143.JPEG	18	39	33	60
n07734744_144.JPEG	36	20	63	61
n07734744_145.JPEG	6	6	61	51
n07734744_146.JPEG	23	18	63	46
n07734744_147.JPEG	18	10	57	63
n07734744_148.JPEG	17	6	50	63
n07734744_149.JPEG	13	13	54	63
n07734744_150.JPEG	12	12	62	53
n07734744_151.JPEG	40	34	63	63
n07734744_152.JPEG	11	24	52	62
n07734744_153.JPEG	34	16	59	28
n07734744_154.JPEG	7	11	35	37
n07734744_155.JPEG	36	2	63	20
n07734744_156.JPEG	0	17	63	51
n07734744_157.JPEG	30	18	52	63
n07734744_158.JPEG	5	11	34	40
n07734744_159.JPEG	19	15	47	51
n07734744_160.JPEG	9	11	56	48
n07734744_161.JPEG	0	9	56	52
n07734744_162.JPEG	4	10	61	58
n07734744_163.JPEG	7	8	34	49
n07734744_164.JPEG	16	22	50	46
n07734744_165.JPEG	4	7	63	60
n07734744_166.JPEG	23	2	61	52
n07734744_167.JPEG	14	10	46	63
n07734744_168.JPEG	6	3	63	43
n07734744_169.JPEG	0	26	25	63
n07734744_170.JPEG	4	2	62	61
n07734744_171.JPEG	0	14	63	51
n07734744_172.JPEG	39	5	56	39
n07734744_173.JPEG	34	8	63	55
n07734744_174.JPEG	38	53	47	60
n07734744_175.JPEG	17	10	63	52
n07734744_176.JPEG	4	24	33	53
n07734744_177.JPEG	28	43	51	53
n07734744_178.JPEG	7	17	45	57
n07734744_179.JPEG	30	9	58	54
n07734744_180.JPEG	17	13	49	48
n07734744_181.JPEG	3	5	61	60
n07734744_182.JPEG	32	13	47	60
n07734744_183.JPEG	1	31	26	52
n07734744_184.JPEG	10	38	27	62
n07734744_185.JPEG	15	7	44	39
n07734744_186.JPEG	0	6	51	59
n07734744_187.JPEG	0	6	39	36
n07734744_188.JPEG	2	10	61	59
n07734744_189.JPEG	12	3	63	54
n07734744_190.JPEG	9	11	63	55
n07734744_191.JPEG	12	17	53	36
n07734744_192.JPEG	6	1	63	58
n07734744_193.JPEG	0	1	63	60
n07734744_194.JPEG	20	19	54	45
n07734744_195.JPEG	0	14	34	63
n07734744_196.JPEG	5	0	63	63
n07734744_197.JPEG	1	0	63	63
n07734744_198.JPEG	0	5	63	52
n07734744_199.JPEG	22	11	63	49
n07734744_200.JPEG	31	5	55	63
n07734744_201.JPEG	15	13	47	46
n07734744_202.JPEG	6	16	55	63
n07734744_203.JPEG	9	0	53	52
n07734744_204.JPEG	0	2	63	63
n07734744_205.JPEG	0	0	63	63
n07734744_206.JPEG	24	6	52	43
n07734744_207.JPEG	1	19	55	59
n07734744_208.JPEG	6	14	62	58
n07734744_209.JPEG	4	19	63	61
n07734744_210.JPEG	9	6	63	55
n07734744_211.JPEG	2	5	60	61
n07734744_212.JPEG	0	15	37	51
n07734744_213.JPEG	14	18	50	58
n07734744_214.JPEG	5	15	35	53
n07734744_215.JPEG	38	8	52	28
n07734744_216.JPEG	4	13	47	45
n07734744_217.JPEG	27	22	61	63
n07734744_218.JPEG	7	5	61	63
n07734744_219.JPEG	4	22	25	54
n07734744_220.JPEG	9	14	61	60
n07734744_221.JPEG	0	4	63	61
n07734744_222.JPEG	6	28	45	54
n07734744_223.JPEG	16	41	52	63
n07734744_224.JPEG	4	6	60	58
n07734744_225.JPEG	14	16	57	63
n07734744_226.JPEG	23	30	42	43
n07734744_227.JPEG	0	0	62	63
n07734744_228.JPEG	0	3	63	55
n07734744_229.JPEG	0	15	43	63
n07734744_230.JPEG	2	0	63	36
n07734744_231.JPEG	11	15	51	55
n07734744_232.JPEG	5	16	52	57
n07734744_233.JPEG	0	12	63	63
n07734744_234.JPEG	8	0	62	63
n07734744_235.JPEG	5	11	39	49
n07734744_236.JPEG	9	0	59	54
n07734744_237.JPEG	0	12	63	63
n07734744_238.JPEG	27	18	48	46
n07734744_239.JPEG	0	0	63	63
n07734744_240.JPEG	38	8	53	32
n07734744_241.JPEG	36	19	63	42
n07734744_242.JPEG	24	19	61	62
n07734744_243.JPEG	6	0	62	63
n07734744_244.JPEG	14	16	56	56
n07734744_245.JPEG	0	3	33	50
n07734744_246.JPEG	10	0	59	63
n07734744_247.JPEG	2	8	63	57
n07734744_248.JPEG	24	19	50	56
n07734744_249.JPEG	16	17	40	43
n07734744_250.JPEG	15	13	46	47
n07734744_251.JPEG	11	27	44	63
n07734744_252.JPEG	0	10	36	54
n07734744_253.JPEG	0	28	14	62
n07734744_254.JPEG	6	6	60	53
n07734744_255.JPEG	21	18	42	59
n07734744_256.JPEG	3	10	45	38
n07734744_257.JPEG	28	26	56	63
n07734744_258.JPEG	8	8	61	63
n07734744_259.JPEG	25	21	50	61
n07734744_260.JPEG	11	11	31	50
n07734744_261.JPEG	8	12	40	41
n07734744_262.JPEG	15	14	42	37
n07734744_263.JPEG	0	12	18	35
n07734744_264.JPEG	14	35	22	46
n07734744_265.JPEG	6	0	59	63
n07734744_266.JPEG	14	13	51	50
n07734744_267.JPEG	0	21	43	56
n07734744_268.JPEG	23	27	41	40
n07734744_269.JPEG	0	7	63	63
n07734744_270.JPEG	4	17	50	58
n07734744_271.JPEG	13	15	52	50
n07734744_272.JPEG	38	3	47	22
n07734744_273.JPEG	4	0	61	57
n07734744_274.JPEG	2	1	56	51
n07734744_275.JPEG	3	0	61	63
n07734744_276.JPEG	11	8	49	52
n07734744_277.JPEG	30	28	38	39
n07734744_278.JPEG	11	3	62	61
n07734744_279.JPEG	38	21	63	55
n07734744_280.JPEG	13	9	50	63
n07734744_281.JPEG	4	0	59	47
n07734744_282.JPEG	3	10	56	56
n07734744_283.JPEG	38	16	56	33
n07734744_284.JPEG	2	38	33	56
n07734744_285.JPEG	9	13	63	47
n07734744_286.JPEG	15	7	58	62
n07734744_287.JPEG	0	12	45	48
n07734744_288.JPEG	2	22	63	58
n07734744_289.JPEG	0	11	63	63
n07734744_290.JPEG	7	7	63	60
n07734744_291.JPEG	10	19	56	62
n07734744_292.JPEG	0	11	31	54
n07734744_293.JPEG	12	0	36	63
n07734744_294.JPEG	0	0	63	63
n07734744_295.JPEG	8	16	33	63
n07734744_296.JPEG	0	1	63	63
n07734744_297.JPEG	0	21	63	63
n07734744_298.JPEG	30	33	55	56
n07734744_299.JPEG	11	12	44	41
n07734744_300.JPEG	0	1	53	63
n07734744_301.JPEG	50	17	63	32
n07734744_302.JPEG	26	11	63	50
n07734744_303.JPEG	0	22	13	56
n07734744_304.JPEG	0	8	63	63
n07734744_305.JPEG	0	1	63	63
n07734744_306.JPEG	0	7	63	57
n07734744_307.JPEG	23	25	53	54
n07734744_308.JPEG	5	9	57	57
n07734744_309.JPEG	0	1	63	63
n07734744_310.JPEG	7	13	46	58
n07734744_311.JPEG	0	0	63	63
n07734744_312.JPEG	9	9	54	63
n07734744_313.JPEG	18	27	35	59
n07734744_314.JPEG	2	9	63	56
n07734744_315.JPEG	7	12	63	56
n07734744_316.JPEG	0	22	33	55
n07734744_317.JPEG	12	3	50	35
n07734744_318.JPEG	16	16	58	45
n07734744_319.JPEG	0	12	63	63
n07734744_320.JPEG	5	5	60	44
n07734744_321.JPEG	4	0	59	63
n07734744_322.JPEG	12	11	63	53
n07734744_323.JPEG	42	63	63	63
n07734744_324.JPEG	14	8	38	25
n07734744_325.JPEG	33	12	61	32
n07734744_326.JPEG	9	4	33	56
n07734744_327.JPEG	5	5	59	45
n07734744_328.JPEG	0	29	49	63
n07734744_329.JPEG	5	8	57	63
n07734744_330.JPEG	17	2	51	43
n07734744_331.JPEG	39	18	53	39
n07734744_332.JPEG	55	9	63	56
n07734744_333.JPEG	1	3	62	63
n07734744_334.JPEG	0	9	63	63
n07734744_335.JPEG	3	5	62	63
n07734744_336.JPEG	3	4	63	62
n07734744_337.JPEG	21	14	57	51
n07734744_338.JPEG	23	8	63	52
n07734744_339.JPEG	15	6	63	61
n07734744_340.JPEG	1	0	63	63
n07734744_341.JPEG	19	5	62	55
n07734744_342.JPEG	7	10	40	52
n07734744_343.JPEG	34	28	60	50
n07734744_344.JPEG	0	10	55	43
n07734744_345.JPEG	14	19	55	50
n07734744_346.JPEG	19	8	63	60
n07734744_347.JPEG	6	6	60	60
n07734744_348.JPEG	0	31	29	56
n07734744_349.JPEG	24	53	48	63
n07734744_350.JPEG	25	7	51	53
n07734744_351.JPEG	11	5	55	63
n07734744_352.JPEG	0	10	45	63
n07734744_353.JPEG	30	36	38	41
n07734744_354.JPEG	11	11	51	50
n07734744_355.JPEG	0	1	58	62
n07734744_356.JPEG	3	8	58	63
n07734744_357.JPEG	3	10	54	51
n07734744_358.JPEG	0	10	42	63
n07734744_359.JPEG	0	2	63	60
n07734744_360.JPEG	2	19	63	63
n07734744_361.JPEG	20	6	58	63
n07734744_362.JPEG	27	18	61	54
n07734744_363.JPEG	19	7	63	56
n07734744_364.JPEG	0	26	63	63
n07734744_365.JPEG	0	10	63	63
n07734744_366.JPEG	0	0	63	63
n07734744_367.JPEG	19	7	59	56
n07734744_368.JPEG	3	4	57	63
n07734744_369.JPEG	24	21	41	47
n07734744_370.JPEG	11	12	50	55
n07734744_371.JPEG	0	0	63	63
n07734744_372.JPEG	3	11	63	63
n07734744_373.JPEG	1	0	63	63
n07734744_374.JPEG	0	14	63	63
n07734744_375.JPEG	34	20	51	54
n07734744_376.JPEG	6	26	26	51
n07734744_377.JPEG	0	6	35	61
n07734744_378.JPEG	47	18	63	45
n07734744_379.JPEG	0	5	59	63
n07734744_380.JPEG	0	11	56	56
n07734744_381.JPEG	14	29	45	63
n07734744_382.JPEG	25	10	40	52
n07734744_383.JPEG	26	13	60	63
n07734744_384.JPEG	34	37	42	55
n07734744_385.JPEG	15	16	48	41
n07734744_386.JPEG	0	9	63	63
n07734744_387.JPEG	11	12	50	63
n07734744_388.JPEG	30	9	61	31
n07734744_389.JPEG	6	17	17	29
n07734744_390.JPEG	9	19	48	56
n07734744_391.JPEG	0	30	63	56
n07734744_392.JPEG	6	0	46	63
n07734744_393.JPEG	27	16	55	41
n07734744_394.JPEG	10	31	46	63
n07734744_395.JPEG	13	13	46	56
n07734744_396.JPEG	16	27	56	49
n07734744_397.JPEG	22	20	50	60
n07734744_398.JPEG	12	12	57	50
n07734744_399.JPEG	13	26	24	44
n07734744_400.JPEG	11	4	59	59
n07734744_401.JPEG	0	17	63	63
n07734744_402.JPEG	13	1	58	63
n07734744_403.JPEG	27	36	46	58
n07734744_404.JPEG	8	9	62	62
n07734744_405.JPEG	0	1	63	63
n07734744_406.JPEG	0	8	62	59
n07734744_407.JPEG	11	6	55	62
n07734744_408.JPEG	2	12	45	52
n07734744_409.JPEG	5	18	59	63
n07734744_410.JPEG	0	4	63	52
n07734744_411.JPEG	13	14	53	53
n07734744_412.JPEG	0	13	31	62
n07734744_413.JPEG	3	6	61	58
n07734744_414.JPEG	3	5	52	59
n07734744_415.JPEG	14	14	63	54
n07734744_416.JPEG	1	16	42	52
n07734744_417.JPEG	1	9	39	51
n07734744_418.JPEG	4	41	16	53
n07734744_419.JPEG	0	0	63	63
n07734744_420.JPEG	0	6	63	48
n07734744_421.JPEG	17	32	52	63
n07734744_422.JPEG	14	17	50	54
n07734744_423.JPEG	0	16	63	63
n07734744_424.JPEG	21	18	51	38
n07734744_425.JPEG	0	12	44	50
n07734744_426.JPEG	0	8	63	58
n07734744_427.JPEG	5	20	55	56
n07734744_428.JPEG	10	12	56	53
n07734744_429.JPEG	12	8	60	61
n07734744_430.JPEG	9	13	58	61
n07734744_431.JPEG	12	9	60	40
n07734744_432.JPEG	10	18	51	44
n07734744_433.JPEG	11	47	29	62
n07734744_434.JPEG	5	12	50	52
n07734744_435.JPEG	6	11	62	63
n07734744_436.JPEG	2	13	61	63
n07734744_437.JPEG	25	23	48	49
n07734744_438.JPEG	0	1	63	58
n07734744_439.JPEG	0	2	51	62
n07734744_440.JPEG	0	4	63	53
n07734744_441.JPEG	0	4	53	60
n07734744_442.JPEG	30	7	63	55
n07734744_443.JPEG	11	3	60	42
n07734744_444.JPEG	9	6	61	51
n07734744_445.JPEG	2	1	57	63
n07734744_446.JPEG	6	10	63	52
n07734744_447.JPEG	0	0	39	63
n07734744_448.JPEG	18	0	34	5
n07734744_449.JPEG	0	0	63	63
n07734744_450.JPEG	15	8	52	41
n07734744_451.JPEG	9	12	40	61
n07734744_452.JPEG	3	1	54	63
n07734744_453.JPEG	0	7	36	60
n07734744_454.JPEG	0	23	63	62
n07734744_455.JPEG	0	20	40	60
n07734744_456.JPEG	12	37	25	54
n07734744_457.JPEG	13	25	47	46
n07734744_458.JPEG	10	12	59	52
n07734744_459.JPEG	3	0	53	63
n07734744_460.JPEG	7	15	55	57
n07734744_461.JPEG	3	7	58	62
n07734744_462.JPEG	0	9	52	63
n07734744_463.JPEG	9	16	53	53
n07734744_464.JPEG	5	9	63	63
n07734744_465.JPEG	0	11	28	54
n07734744_466.JPEG	0	6	28	56
n07734744_467.JPEG	0	15	61	61
n07734744_468.JPEG	9	17	58	54
n07734744_469.JPEG	0	5	63	56
n07734744_470.JPEG	14	22	63	60
n07734744_471.JPEG	17	35	41	53
n07734744_472.JPEG	11	0	47	61
n07734744_473.JPEG	21	17	51	55
n07734744_474.JPEG	0	1	59	57
n07734744_475.JPEG	4	47	25	63
n07734744_476.JPEG	0	19	44	57
n07734744_477.JPEG	14	35	53	63
n07734744_478.JPEG	22	17	51	52
n07734744_479.JPEG	8	8	50	61
n07734744_480.JPEG	12	10	51	58
n07734744_481.JPEG	31	35	41	63
n07734744_482.JPEG	1	4	46	47
n07734744_483.JPEG	4	9	62	55
n07734744_484.JPEG	36	29	61	54
n07734744_485.JPEG	20	16	58	46
n07734744_486.JPEG	13	0	52	63
n07734744_487.JPEG	8	5	54	62
n07734744_488.JPEG	20	14	61	52
n07734744_489.JPEG	7	16	25	63
n07734744_490.JPEG	19	11	38	58
n07734744_491.JPEG	37	35	63	62
n07734744_492.JPEG	11	7	57	52
n07734744_493.JPEG	21	15	43	37
n07734744_494.JPEG	0	10	50	49
n07734744_495.JPEG	27	30	39	41
n07734744_496.JPEG	21	14	54	48
n07734744_497.JPEG	1	20	23	41
n07734744_498.JPEG	3	6	62	63
n07734744_499.JPEG	0	0	63	63
