n04265275_0.JPEG	1	0	63	63
n04265275_1.JPEG	0	3	63	63
n04265275_2.JPEG	0	1	59	35
n04265275_3.JPEG	6	0	56	63
n04265275_4.JPEG	7	4	55	62
n04265275_5.JPEG	14	0	58	61
n04265275_6.JPEG	15	11	49	54
n04265275_7.JPEG	0	2	63	63
n04265275_8.JPEG	0	22	25	57
n04265275_9.JPEG	16	15	47	53
n04265275_10.JPEG	34	27	63	56
n04265275_11.JPEG	4	0	61	63
n04265275_12.JPEG	9	14	36	48
n04265275_13.JPEG	7	13	33	61
n04265275_14.JPEG	21	0	54	24
n04265275_15.JPEG	12	4	58	59
n04265275_16.JPEG	11	1	52	63
n04265275_17.JPEG	7	8	57	57
n04265275_18.JPEG	0	7	55	52
n04265275_19.JPEG	10	1	54	63
n04265275_20.JPEG	13	18	63	52
n04265275_21.JPEG	1	0	63	63
n04265275_22.JPEG	0	1	63	63
n04265275_23.JPEG	21	0	48	63
n04265275_24.JPEG	1	2	63	63
n04265275_25.JPEG	1	0	41	53
n04265275_26.JPEG	16	5	61	59
n04265275_27.JPEG	14	16	39	52
n04265275_28.JPEG	0	1	63	63
n04265275_29.JPEG	8	29	44	63
n04265275_30.JPEG	0	10	23	56
n04265275_31.JPEG	19	7	56	58
n04265275_32.JPEG	1	0	40	19
n04265275_33.JPEG	0	1	63	63
n04265275_34.JPEG	5	1	60	63
n04265275_35.JPEG	0	0	63	62
n04265275_36.JPEG	20	3	46	63
n04265275_37.JPEG	15	3	54	63
n04265275_38.JPEG	58	25	63	50
n04265275_39.JPEG	29	0	63	63
n04265275_40.JPEG	16	0	56	29
n04265275_41.JPEG	11	0	59	63
n04265275_42.JPEG	7	0	35	53
n04265275_43.JPEG	9	26	22	38
n04265275_44.JPEG	0	0	63	63
n04265275_45.JPEG	2	0	63	63
n04265275_46.JPEG	10	26	51	62
n04265275_47.JPEG	12	1	53	62
n04265275_48.JPEG	5	4	60	60
n04265275_49.JPEG	1	9	63	54
n04265275_50.JPEG	38	11	63	63
n04265275_51.JPEG	19	9	49	61
n04265275_52.JPEG	0	1	16	63
n04265275_53.JPEG	1	8	60	59
n04265275_54.JPEG	14	0	48	63
n04265275_55.JPEG	0	1	63	61
n04265275_56.JPEG	54	26	63	50
n04265275_57.JPEG	34	17	55	56
n04265275_58.JPEG	0	6	63	60
n04265275_59.JPEG	7	13	22	39
n04265275_60.JPEG	5	24	27	44
n04265275_61.JPEG	1	21	35	63
n04265275_62.JPEG	13	17	25	32
n04265275_63.JPEG	4	16	60	63
n04265275_64.JPEG	3	3	58	61
n04265275_65.JPEG	55	21	63	63
n04265275_66.JPEG	5	36	33	63
n04265275_67.JPEG	0	0	63	63
n04265275_68.JPEG	0	28	8	46
n04265275_69.JPEG	20	0	57	35
n04265275_70.JPEG	8	1	29	36
n04265275_71.JPEG	1	9	63	56
n04265275_72.JPEG	10	2	54	63
n04265275_73.JPEG	5	1	60	63
n04265275_74.JPEG	0	0	63	63
n04265275_75.JPEG	25	2	40	53
n04265275_76.JPEG	6	0	62	63
n04265275_77.JPEG	46	18	56	28
n04265275_78.JPEG	1	0	51	63
n04265275_79.JPEG	0	3	53	63
n04265275_80.JPEG	10	3	52	59
n04265275_81.JPEG	9	0	63	52
n04265275_82.JPEG	9	6	58	60
n04265275_83.JPEG	14	13	52	51
n04265275_84.JPEG	27	37	63	63
n04265275_85.JPEG	2	0	63	63
n04265275_86.JPEG	10	17	44	43
n04265275_87.JPEG	33	38	49	63
n04265275_88.JPEG	18	0	56	16
n04265275_89.JPEG	13	2	53	63
n04265275_90.JPEG	12	0	53	63
n04265275_91.JPEG	2	2	62	62
n04265275_92.JPEG	0	41	55	57
n04265275_93.JPEG	2	14	63	54
n04265275_94.JPEG	8	0	56	63
n04265275_95.JPEG	10	2	54	63
n04265275_96.JPEG	0	2	63	63
n04265275_97.JPEG	2	0	36	57
n04265275_98.JPEG	17	16	58	63
n04265275_99.JPEG	0	1	61	63
n04265275_100.JPEG	0	4	63	59
n04265275_101.JPEG	0	2	63	62
n04265275_102.JPEG	18	17	53	41
n04265275_103.JPEG	4	0	63	63
n04265275_104.JPEG	0	0	63	63
n04265275_105.JPEG	3	0	62	63
n04265275_106.JPEG	0	4	63	63
n04265275_107.JPEG	13	3	52	44
n04265275_108.JPEG	8	0	44	18
n04265275_109.JPEG	52	11	63	40
n04265275_110.JPEG	20	0	63	58
n04265275_111.JPEG	28	23	37	46
n04265275_112.JPEG	11	1	53	63
n04265275_113.JPEG	13	5	54	59
n04265275_114.JPEG	0	2	63	62
n04265275_115.JPEG	1	0	62	63
n04265275_116.JPEG	5	0	63	48
n04265275_117.JPEG	4	3	39	55
n04265275_118.JPEG	1	3	63	63
n04265275_119.JPEG	0	10	46	63
n04265275_120.JPEG	10	8	54	62
n04265275_121.JPEG	9	0	43	56
n04265275_122.JPEG	8	11	57	57
n04265275_123.JPEG	6	5	61	60
n04265275_124.JPEG	15	22	46	60
n04265275_125.JPEG	0	4	61	54
n04265275_126.JPEG	7	8	54	62
n04265275_127.JPEG	26	1	63	46
n04265275_128.JPEG	10	5	46	63
n04265275_129.JPEG	1	0	63	63
n04265275_130.JPEG	42	11	63	63
n04265275_131.JPEG	1	10	63	63
n04265275_132.JPEG	7	3	56	61
n04265275_133.JPEG	6	1	57	63
n04265275_134.JPEG	3	1	62	63
n04265275_135.JPEG	3	0	63	63
n04265275_136.JPEG	0	0	63	63
n04265275_137.JPEG	4	14	61	51
n04265275_138.JPEG	17	17	46	54
n04265275_139.JPEG	2	19	23	63
n04265275_140.JPEG	3	5	58	61
n04265275_141.JPEG	0	11	63	63
n04265275_142.JPEG	1	1	63	63
n04265275_143.JPEG	0	2	63	63
n04265275_144.JPEG	6	10	51	51
n04265275_145.JPEG	8	3	48	35
n04265275_146.JPEG	1	5	60	58
n04265275_147.JPEG	18	9	47	63
n04265275_148.JPEG	2	0	63	62
n04265275_149.JPEG	5	0	58	63
n04265275_150.JPEG	7	1	63	38
n04265275_151.JPEG	0	0	61	37
n04265275_152.JPEG	0	0	63	62
n04265275_153.JPEG	11	0	53	55
n04265275_154.JPEG	1	0	63	63
n04265275_155.JPEG	5	3	57	58
n04265275_156.JPEG	3	0	60	63
n04265275_157.JPEG	1	0	63	63
n04265275_158.JPEG	17	8	52	59
n04265275_159.JPEG	6	0	57	63
n04265275_160.JPEG	7	11	58	52
n04265275_161.JPEG	0	4	63	62
n04265275_162.JPEG	7	0	41	28
n04265275_163.JPEG	0	0	63	63
n04265275_164.JPEG	12	1	54	63
n04265275_165.JPEG	0	5	63	59
n04265275_166.JPEG	0	0	63	63
n04265275_167.JPEG	4	2	60	62
n04265275_168.JPEG	0	11	26	57
n04265275_169.JPEG	4	0	59	63
n04265275_170.JPEG	0	27	25	52
n04265275_171.JPEG	12	1	42	62
n04265275_172.JPEG	2	32	19	63
n04265275_173.JPEG	11	6	49	57
n04265275_174.JPEG	7	0	54	57
n04265275_175.JPEG	9	1	53	63
n04265275_176.JPEG	4	0	30	24
n04265275_177.JPEG	23	17	40	34
n04265275_178.JPEG	0	0	63	63
n04265275_179.JPEG	0	8	63	63
n04265275_180.JPEG	0	2	63	58
n04265275_181.JPEG	7	2	61	63
n04265275_182.JPEG	5	0	63	63
n04265275_183.JPEG	39	49	56	63
n04265275_184.JPEG	0	0	22	25
n04265275_185.JPEG	3	6	43	53
n04265275_186.JPEG	7	0	57	63
n04265275_187.JPEG	0	0	63	63
n04265275_188.JPEG	4	0	60	63
n04265275_189.JPEG	0	26	31	61
n04265275_190.JPEG	17	0	52	63
n04265275_191.JPEG	1	0	63	63
n04265275_192.JPEG	19	0	63	54
n04265275_193.JPEG	6	11	30	55
n04265275_194.JPEG	1	7	63	57
n04265275_195.JPEG	22	20	55	55
n04265275_196.JPEG	13	16	61	50
n04265275_197.JPEG	8	4	48	61
n04265275_198.JPEG	0	4	61	62
n04265275_199.JPEG	1	0	63	63
n04265275_200.JPEG	14	20	48	36
n04265275_201.JPEG	30	0	63	54
n04265275_202.JPEG	0	0	63	63
n04265275_203.JPEG	3	0	62	63
n04265275_204.JPEG	24	15	37	51
n04265275_205.JPEG	0	2	63	63
n04265275_206.JPEG	9	0	54	63
n04265275_207.JPEG	14	0	49	63
n04265275_208.JPEG	1	0	63	63
n04265275_209.JPEG	41	0	63	37
n04265275_210.JPEG	3	0	61	50
n04265275_211.JPEG	39	8	55	40
n04265275_212.JPEG	0	1	63	63
n04265275_213.JPEG	0	0	59	63
n04265275_214.JPEG	5	36	38	63
n04265275_215.JPEG	2	6	46	61
n04265275_216.JPEG	46	15	63	53
n04265275_217.JPEG	13	2	51	63
n04265275_218.JPEG	0	4	29	62
n04265275_219.JPEG	2	0	62	63
n04265275_220.JPEG	10	0	54	63
n04265275_221.JPEG	0	9	20	52
n04265275_222.JPEG	1	0	57	63
n04265275_223.JPEG	37	28	48	42
n04265275_224.JPEG	1	8	63	54
n04265275_225.JPEG	1	0	37	36
n04265275_226.JPEG	42	0	63	59
n04265275_227.JPEG	0	1	63	63
n04265275_228.JPEG	26	20	47	54
n04265275_229.JPEG	9	3	55	60
n04265275_230.JPEG	22	5	43	36
n04265275_231.JPEG	13	10	46	60
n04265275_232.JPEG	7	2	59	60
n04265275_233.JPEG	23	0	45	63
n04265275_234.JPEG	0	11	63	59
n04265275_235.JPEG	7	4	53	63
n04265275_236.JPEG	4	0	61	63
n04265275_237.JPEG	14	2	38	30
n04265275_238.JPEG	3	0	56	52
n04265275_239.JPEG	6	4	58	63
n04265275_240.JPEG	40	16	61	49
n04265275_241.JPEG	12	2	53	61
n04265275_242.JPEG	6	0	57	63
n04265275_243.JPEG	7	25	46	46
n04265275_244.JPEG	1	2	63	63
n04265275_245.JPEG	0	0	63	63
n04265275_246.JPEG	5	0	61	63
n04265275_247.JPEG	0	27	18	58
n04265275_248.JPEG	7	42	43	63
n04265275_249.JPEG	5	5	60	56
n04265275_250.JPEG	10	3	52	63
n04265275_251.JPEG	12	4	37	36
n04265275_252.JPEG	0	14	31	63
n04265275_253.JPEG	25	0	63	63
n04265275_254.JPEG	12	4	51	40
n04265275_255.JPEG	8	0	53	63
n04265275_256.JPEG	0	2	63	63
n04265275_257.JPEG	0	1	63	63
n04265275_258.JPEG	9	55	23	63
n04265275_259.JPEG	0	1	63	63
n04265275_260.JPEG	0	0	27	55
n04265275_261.JPEG	4	1	63	63
n04265275_262.JPEG	0	13	41	63
n04265275_263.JPEG	11	4	53	63
n04265275_264.JPEG	8	0	55	63
n04265275_265.JPEG	44	34	62	63
n04265275_266.JPEG	9	56	30	63
n04265275_267.JPEG	1	0	58	63
n04265275_268.JPEG	15	1	48	63
n04265275_269.JPEG	7	0	58	63
n04265275_270.JPEG	10	4	63	63
n04265275_271.JPEG	4	0	60	63
n04265275_272.JPEG	0	9	63	57
n04265275_273.JPEG	0	0	63	63
n04265275_274.JPEG	0	0	63	63
n04265275_275.JPEG	15	0	63	57
n04265275_276.JPEG	0	1	30	63
n04265275_277.JPEG	13	8	54	63
n04265275_278.JPEG	1	12	63	53
n04265275_279.JPEG	6	14	60	57
n04265275_280.JPEG	6	3	46	63
n04265275_281.JPEG	16	16	32	38
n04265275_282.JPEG	22	33	46	63
n04265275_283.JPEG	0	0	23	14
n04265275_284.JPEG	0	2	63	58
n04265275_285.JPEG	12	38	28	51
n04265275_286.JPEG	0	0	40	63
n04265275_287.JPEG	3	0	60	63
n04265275_288.JPEG	4	7	29	39
n04265275_289.JPEG	31	0	56	56
n04265275_290.JPEG	14	7	44	55
n04265275_291.JPEG	7	3	58	63
n04265275_292.JPEG	0	1	53	48
n04265275_293.JPEG	0	25	25	63
n04265275_294.JPEG	5	8	39	63
n04265275_295.JPEG	16	1	52	53
n04265275_296.JPEG	0	8	38	44
n04265275_297.JPEG	1	0	62	63
n04265275_298.JPEG	47	10	63	34
n04265275_299.JPEG	7	0	59	63
n04265275_300.JPEG	3	6	62	62
n04265275_301.JPEG	27	13	58	63
n04265275_302.JPEG	10	16	63	63
n04265275_303.JPEG	0	2	63	63
n04265275_304.JPEG	40	10	63	40
n04265275_305.JPEG	0	0	31	63
n04265275_306.JPEG	23	15	51	63
n04265275_307.JPEG	11	10	49	63
n04265275_308.JPEG	11	40	23	63
n04265275_309.JPEG	34	5	52	37
n04265275_310.JPEG	2	8	63	56
n04265275_311.JPEG	0	10	63	56
n04265275_312.JPEG	4	20	57	51
n04265275_313.JPEG	2	0	61	63
n04265275_314.JPEG	4	1	60	61
n04265275_315.JPEG	7	17	53	63
n04265275_316.JPEG	5	10	61	63
n04265275_317.JPEG	2	0	63	63
n04265275_318.JPEG	3	3	63	62
n04265275_319.JPEG	0	4	63	61
n04265275_320.JPEG	0	0	63	63
n04265275_321.JPEG	1	15	13	38
n04265275_322.JPEG	5	0	58	63
n04265275_323.JPEG	12	0	59	63
n04265275_324.JPEG	16	24	48	57
n04265275_325.JPEG	12	0	59	49
n04265275_326.JPEG	2	9	61	54
n04265275_327.JPEG	0	0	63	63
n04265275_328.JPEG	9	5	56	58
n04265275_329.JPEG	36	12	63	46
n04265275_330.JPEG	56	42	60	48
n04265275_331.JPEG	0	1	30	56
n04265275_332.JPEG	27	1	41	45
n04265275_333.JPEG	18	18	46	41
n04265275_334.JPEG	13	7	55	63
n04265275_335.JPEG	14	2	52	49
n04265275_336.JPEG	0	0	63	63
n04265275_337.JPEG	7	1	63	63
n04265275_338.JPEG	2	3	63	63
n04265275_339.JPEG	12	1	52	63
n04265275_340.JPEG	0	0	25	41
n04265275_341.JPEG	7	0	57	63
n04265275_342.JPEG	0	0	60	63
n04265275_343.JPEG	0	1	63	63
n04265275_344.JPEG	0	6	22	53
n04265275_345.JPEG	12	0	50	63
n04265275_346.JPEG	12	5	55	59
n04265275_347.JPEG	5	11	63	55
n04265275_348.JPEG	5	0	59	63
n04265275_349.JPEG	0	1	63	60
n04265275_350.JPEG	1	0	60	63
n04265275_351.JPEG	0	0	63	63
n04265275_352.JPEG	17	0	63	58
n04265275_353.JPEG	5	0	58	63
n04265275_354.JPEG	0	1	63	63
n04265275_355.JPEG	1	1	63	63
n04265275_356.JPEG	0	8	63	58
n04265275_357.JPEG	14	0	55	63
n04265275_358.JPEG	11	0	63	36
n04265275_359.JPEG	13	6	50	57
n04265275_360.JPEG	3	1	62	63
n04265275_361.JPEG	1	16	21	54
n04265275_362.JPEG	9	2	53	62
n04265275_363.JPEG	27	0	58	57
n04265275_364.JPEG	2	7	63	57
n04265275_365.JPEG	9	34	35	63
n04265275_366.JPEG	17	0	40	32
n04265275_367.JPEG	2	4	59	55
n04265275_368.JPEG	30	4	49	40
n04265275_369.JPEG	3	14	63	54
n04265275_370.JPEG	48	0	58	24
n04265275_371.JPEG	9	0	58	63
n04265275_372.JPEG	7	20	17	38
n04265275_373.JPEG	1	0	63	63
n04265275_374.JPEG	0	25	55	63
n04265275_375.JPEG	5	9	63	54
n04265275_376.JPEG	2	11	54	57
n04265275_377.JPEG	3	0	57	38
n04265275_378.JPEG	0	0	63	63
n04265275_379.JPEG	0	9	63	56
n04265275_380.JPEG	29	2	59	33
n04265275_381.JPEG	4	32	51	63
n04265275_382.JPEG	0	3	58	49
n04265275_383.JPEG	3	0	60	62
n04265275_384.JPEG	26	39	38	62
n04265275_385.JPEG	5	0	57	63
n04265275_386.JPEG	4	1	60	63
n04265275_387.JPEG	43	35	63	46
n04265275_388.JPEG	3	0	62	63
n04265275_389.JPEG	43	16	63	63
n04265275_390.JPEG	0	26	63	50
n04265275_391.JPEG	17	0	60	31
n04265275_392.JPEG	13	14	55	48
n04265275_393.JPEG	13	1	51	63
n04265275_394.JPEG	0	9	40	58
n04265275_395.JPEG	0	0	63	63
n04265275_396.JPEG	2	0	62	63
n04265275_397.JPEG	15	0	57	63
n04265275_398.JPEG	18	0	40	63
n04265275_399.JPEG	49	0	63	37
n04265275_400.JPEG	10	0	58	63
n04265275_401.JPEG	5	12	38	63
n04265275_402.JPEG	35	24	63	57
n04265275_403.JPEG	49	14	63	52
n04265275_404.JPEG	40	32	63	63
n04265275_405.JPEG	49	46	58	60
n04265275_406.JPEG	7	1	62	52
n04265275_407.JPEG	0	1	63	63
n04265275_408.JPEG	0	5	63	62
n04265275_409.JPEG	6	1	53	43
n04265275_410.JPEG	7	47	62	63
n04265275_411.JPEG	8	0	31	37
n04265275_412.JPEG	0	2	63	62
n04265275_413.JPEG	23	19	37	47
n04265275_414.JPEG	9	0	56	63
n04265275_415.JPEG	45	5	53	24
n04265275_416.JPEG	7	5	54	49
n04265275_417.JPEG	0	1	63	63
n04265275_418.JPEG	15	0	54	63
n04265275_419.JPEG	0	0	63	58
n04265275_420.JPEG	6	3	60	63
n04265275_421.JPEG	8	4	52	59
n04265275_422.JPEG	10	1	54	63
n04265275_423.JPEG	12	8	53	56
n04265275_424.JPEG	0	0	59	61
n04265275_425.JPEG	15	3	48	61
n04265275_426.JPEG	11	1	54	63
n04265275_427.JPEG	49	32	63	63
n04265275_428.JPEG	0	0	63	63
n04265275_429.JPEG	14	0	37	63
n04265275_430.JPEG	3	0	62	63
n04265275_431.JPEG	40	1	63	49
n04265275_432.JPEG	7	2	58	63
n04265275_433.JPEG	0	1	63	63
n04265275_434.JPEG	19	0	50	63
n04265275_435.JPEG	1	1	63	63
n04265275_436.JPEG	0	24	63	53
n04265275_437.JPEG	5	22	61	63
n04265275_438.JPEG	14	47	47	63
n04265275_439.JPEG	23	6	37	20
n04265275_440.JPEG	1	3	63	62
n04265275_441.JPEG	45	4	61	27
n04265275_442.JPEG	13	5	54	53
n04265275_443.JPEG	0	1	63	63
n04265275_444.JPEG	0	3	41	58
n04265275_445.JPEG	46	33	63	63
n04265275_446.JPEG	21	4	43	45
n04265275_447.JPEG	20	9	32	28
n04265275_448.JPEG	14	39	51	63
n04265275_449.JPEG	5	0	59	63
n04265275_450.JPEG	2	19	61	52
n04265275_451.JPEG	18	0	44	63
n04265275_452.JPEG	35	2	56	32
n04265275_453.JPEG	0	12	62	63
n04265275_454.JPEG	0	0	63	63
n04265275_455.JPEG	4	7	60	57
n04265275_456.JPEG	0	11	63	56
n04265275_457.JPEG	17	6	44	59
n04265275_458.JPEG	0	0	63	63
n04265275_459.JPEG	5	4	48	50
n04265275_460.JPEG	0	38	61	63
n04265275_461.JPEG	15	17	45	52
n04265275_462.JPEG	2	0	60	63
n04265275_463.JPEG	10	5	49	47
n04265275_464.JPEG	10	1	55	63
n04265275_465.JPEG	5	2	60	63
n04265275_466.JPEG	28	1	35	25
n04265275_467.JPEG	15	0	47	25
n04265275_468.JPEG	3	9	31	53
n04265275_469.JPEG	0	1	63	61
n04265275_470.JPEG	15	8	53	60
n04265275_471.JPEG	9	1	55	63
n04265275_472.JPEG	36	2	63	47
n04265275_473.JPEG	26	6	46	50
n04265275_474.JPEG	14	0	50	49
n04265275_475.JPEG	12	41	26	55
n04265275_476.JPEG	0	1	63	63
n04265275_477.JPEG	1	0	63	52
n04265275_478.JPEG	38	8	63	46
n04265275_479.JPEG	0	5	63	59
n04265275_480.JPEG	51	14	63	48
n04265275_481.JPEG	47	31	56	41
n04265275_482.JPEG	0	0	63	63
n04265275_483.JPEG	2	4	63	62
n04265275_484.JPEG	11	3	55	58
n04265275_485.JPEG	4	28	27	50
n04265275_486.JPEG	27	13	38	23
n04265275_487.JPEG	4	2	62	62
n04265275_488.JPEG	12	6	51	63
n04265275_489.JPEG	11	5	53	63
n04265275_490.JPEG	44	28	63	63
n04265275_491.JPEG	7	1	63	39
n04265275_492.JPEG	0	25	63	51
n04265275_493.JPEG	2	0	63	63
n04265275_494.JPEG	2	0	63	63
n04265275_495.JPEG	13	1	46	63
n04265275_496.JPEG	5	10	58	55
n04265275_497.JPEG	0	5	22	42
n04265275_498.JPEG	18	2	50	48
n04265275_499.JPEG	0	0	63	63
