n02481823_0.JPEG	0	0	63	63
n02481823_1.JPEG	15	13	55	63
n02481823_2.JPEG	15	28	39	60
n02481823_3.JPEG	1	11	63	63
n02481823_4.JPEG	24	24	40	41
n02481823_5.JPEG	17	0	49	52
n02481823_6.JPEG	7	17	61	63
n02481823_7.JPEG	10	10	50	59
n02481823_8.JPEG	0	8	63	62
n02481823_9.JPEG	0	2	63	63
n02481823_10.JPEG	28	14	63	63
n02481823_11.JPEG	13	26	53	63
n02481823_12.JPEG	16	0	60	63
n02481823_13.JPEG	21	4	52	46
n02481823_14.JPEG	0	3	63	63
n02481823_15.JPEG	1	0	63	63
n02481823_16.JPEG	27	28	43	53
n02481823_17.JPEG	0	9	63	63
n02481823_18.JPEG	19	20	44	55
n02481823_19.JPEG	12	2	52	58
n02481823_20.JPEG	1	17	63	63
n02481823_21.JPEG	1	0	63	63
n02481823_22.JPEG	1	0	63	63
n02481823_23.JPEG	3	20	54	56
n02481823_24.JPEG	25	25	38	39
n02481823_25.JPEG	1	0	63	63
n02481823_26.JPEG	0	3	55	63
n02481823_27.JPEG	0	0	63	63
n02481823_28.JPEG	34	8	63	56
n02481823_29.JPEG	0	13	58	63
n02481823_30.JPEG	6	2	56	63
n02481823_31.JPEG	8	8	54	63
n02481823_32.JPEG	9	11	61	63
n02481823_33.JPEG	28	33	55	59
n02481823_34.JPEG	13	18	30	52
n02481823_35.JPEG	36	11	58	30
n02481823_36.JPEG	0	16	62	63
n02481823_37.JPEG	12	7	49	63
n02481823_38.JPEG	0	0	63	63
n02481823_39.JPEG	1	0	63	63
n02481823_40.JPEG	18	7	49	51
n02481823_41.JPEG	16	0	51	62
n02481823_42.JPEG	15	6	63	63
n02481823_43.JPEG	0	3	53	63
n02481823_44.JPEG	2	25	53	63
n02481823_45.JPEG	0	1	63	63
n02481823_46.JPEG	18	6	59	57
n02481823_47.JPEG	0	11	56	63
n02481823_48.JPEG	0	0	63	63
n02481823_49.JPEG	0	0	41	63
n02481823_50.JPEG	16	15	52	61
n02481823_51.JPEG	0	1	61	63
n02481823_52.JPEG	10	6	51	61
n02481823_53.JPEG	37	28	45	40
n02481823_54.JPEG	1	0	62	63
n02481823_55.JPEG	3	2	63	63
n02481823_56.JPEG	1	0	63	63
n02481823_57.JPEG	0	0	63	63
n02481823_58.JPEG	0	16	46	58
n02481823_59.JPEG	6	0	62	63
n02481823_60.JPEG	11	0	58	63
n02481823_61.JPEG	0	0	63	63
n02481823_62.JPEG	17	9	57	62
n02481823_63.JPEG	12	19	46	60
n02481823_64.JPEG	0	4	63	63
n02481823_65.JPEG	0	12	53	63
n02481823_66.JPEG	11	0	49	61
n02481823_67.JPEG	13	1	63	50
n02481823_68.JPEG	41	6	63	63
n02481823_69.JPEG	5	1	61	63
n02481823_70.JPEG	0	0	63	63
n02481823_71.JPEG	1	10	60	63
n02481823_72.JPEG	9	2	53	63
n02481823_73.JPEG	13	20	48	55
n02481823_74.JPEG	14	23	43	58
n02481823_75.JPEG	8	0	60	63
n02481823_76.JPEG	7	0	31	63
n02481823_77.JPEG	1	1	41	61
n02481823_78.JPEG	34	33	49	63
n02481823_79.JPEG	7	0	62	63
n02481823_80.JPEG	0	0	63	63
n02481823_81.JPEG	19	5	63	60
n02481823_82.JPEG	0	0	63	60
n02481823_83.JPEG	22	17	46	55
n02481823_84.JPEG	8	10	34	48
n02481823_85.JPEG	12	0	59	63
n02481823_86.JPEG	0	1	63	63
n02481823_87.JPEG	26	23	51	45
n02481823_88.JPEG	0	4	63	63
n02481823_89.JPEG	17	12	54	63
n02481823_90.JPEG	0	1	63	63
n02481823_91.JPEG	6	24	43	63
n02481823_92.JPEG	24	3	63	63
n02481823_93.JPEG	0	4	59	59
n02481823_94.JPEG	0	2	63	63
n02481823_95.JPEG	36	0	59	5
n02481823_96.JPEG	3	10	34	43
n02481823_97.JPEG	1	0	63	63
n02481823_98.JPEG	9	16	55	63
n02481823_99.JPEG	0	0	63	63
n02481823_100.JPEG	0	9	55	60
n02481823_101.JPEG	23	22	52	55
n02481823_102.JPEG	0	16	63	60
n02481823_103.JPEG	1	0	46	63
n02481823_104.JPEG	11	10	41	56
n02481823_105.JPEG	23	25	40	46
n02481823_106.JPEG	3	3	58	61
n02481823_107.JPEG	0	7	63	63
n02481823_108.JPEG	3	13	48	56
n02481823_109.JPEG	1	0	61	63
n02481823_110.JPEG	3	10	58	57
n02481823_111.JPEG	18	6	46	42
n02481823_112.JPEG	0	4	55	63
n02481823_113.JPEG	2	3	62	63
n02481823_114.JPEG	1	0	63	63
n02481823_115.JPEG	1	0	63	63
n02481823_116.JPEG	9	4	56	63
n02481823_117.JPEG	34	10	63	61
n02481823_118.JPEG	17	13	60	58
n02481823_119.JPEG	0	0	63	63
n02481823_120.JPEG	14	0	43	63
n02481823_121.JPEG	19	8	63	63
n02481823_122.JPEG	0	18	63	63
n02481823_123.JPEG	1	15	56	63
n02481823_124.JPEG	42	31	63	63
n02481823_125.JPEG	0	0	63	63
n02481823_126.JPEG	0	15	63	63
n02481823_127.JPEG	0	20	23	48
n02481823_128.JPEG	0	16	63	59
n02481823_129.JPEG	10	11	46	63
n02481823_130.JPEG	0	9	60	63
n02481823_131.JPEG	3	8	55	63
n02481823_132.JPEG	21	9	58	60
n02481823_133.JPEG	7	5	48	62
n02481823_134.JPEG	0	3	57	63
n02481823_135.JPEG	8	0	61	63
n02481823_136.JPEG	0	5	63	63
n02481823_137.JPEG	11	14	63	43
n02481823_138.JPEG	6	9	55	60
n02481823_139.JPEG	22	26	38	52
n02481823_140.JPEG	0	0	63	63
n02481823_141.JPEG	17	18	44	44
n02481823_142.JPEG	0	2	63	63
n02481823_143.JPEG	30	14	58	59
n02481823_144.JPEG	0	23	58	50
n02481823_145.JPEG	3	0	63	63
n02481823_146.JPEG	0	11	41	56
n02481823_147.JPEG	13	20	46	52
n02481823_148.JPEG	0	1	63	63
n02481823_149.JPEG	36	5	63	63
n02481823_150.JPEG	19	7	49	50
n02481823_151.JPEG	7	13	48	63
n02481823_152.JPEG	53	21	63	40
n02481823_153.JPEG	0	1	63	63
n02481823_154.JPEG	9	9	44	61
n02481823_155.JPEG	9	0	46	63
n02481823_156.JPEG	6	3	50	63
n02481823_157.JPEG	5	1	63	63
n02481823_158.JPEG	26	0	63	63
n02481823_159.JPEG	10	14	62	61
n02481823_160.JPEG	0	9	63	63
n02481823_161.JPEG	10	0	57	53
n02481823_162.JPEG	0	1	63	63
n02481823_163.JPEG	7	10	48	62
n02481823_164.JPEG	0	9	63	63
n02481823_165.JPEG	6	22	28	61
n02481823_166.JPEG	0	23	25	60
n02481823_167.JPEG	25	11	63	46
n02481823_168.JPEG	0	0	63	63
n02481823_169.JPEG	0	21	25	34
n02481823_170.JPEG	0	2	63	63
n02481823_171.JPEG	2	4	51	63
n02481823_172.JPEG	9	11	63	59
n02481823_173.JPEG	14	12	44	46
n02481823_174.JPEG	0	0	63	63
n02481823_175.JPEG	0	0	42	63
n02481823_176.JPEG	0	10	63	63
n02481823_177.JPEG	14	10	63	63
n02481823_178.JPEG	1	0	63	63
n02481823_179.JPEG	0	6	63	63
n02481823_180.JPEG	2	8	60	63
n02481823_181.JPEG	0	1	57	63
n02481823_182.JPEG	28	4	47	55
n02481823_183.JPEG	0	7	63	63
n02481823_184.JPEG	1	12	63	63
n02481823_185.JPEG	28	25	48	50
n02481823_186.JPEG	0	1	63	63
n02481823_187.JPEG	24	17	41	55
n02481823_188.JPEG	13	21	54	61
n02481823_189.JPEG	6	7	48	63
n02481823_190.JPEG	16	18	52	47
n02481823_191.JPEG	0	0	63	63
n02481823_192.JPEG	7	24	30	58
n02481823_193.JPEG	31	18	49	42
n02481823_194.JPEG	13	13	51	62
n02481823_195.JPEG	8	14	52	63
n02481823_196.JPEG	12	9	47	63
n02481823_197.JPEG	18	26	40	46
n02481823_198.JPEG	19	32	47	59
n02481823_199.JPEG	0	3	63	63
n02481823_200.JPEG	31	14	63	52
n02481823_201.JPEG	1	20	46	63
n02481823_202.JPEG	8	7	43	59
n02481823_203.JPEG	15	3	55	63
n02481823_204.JPEG	10	15	63	63
n02481823_205.JPEG	0	0	55	63
n02481823_206.JPEG	0	7	45	63
n02481823_207.JPEG	7	3	57	63
n02481823_208.JPEG	20	17	63	63
n02481823_209.JPEG	0	3	56	63
n02481823_210.JPEG	1	3	63	62
n02481823_211.JPEG	31	20	63	63
n02481823_212.JPEG	21	46	31	59
n02481823_213.JPEG	0	10	63	63
n02481823_214.JPEG	0	6	63	63
n02481823_215.JPEG	3	0	62	63
n02481823_216.JPEG	15	0	54	63
n02481823_217.JPEG	0	11	63	63
n02481823_218.JPEG	8	0	57	63
n02481823_219.JPEG	28	12	45	48
n02481823_220.JPEG	27	13	62	59
n02481823_221.JPEG	1	0	63	63
n02481823_222.JPEG	9	9	63	53
n02481823_223.JPEG	5	20	42	46
n02481823_224.JPEG	6	6	56	63
n02481823_225.JPEG	16	16	44	50
n02481823_226.JPEG	0	17	34	38
n02481823_227.JPEG	0	26	32	60
n02481823_228.JPEG	0	0	61	63
n02481823_229.JPEG	36	41	43	49
n02481823_230.JPEG	2	4	60	62
n02481823_231.JPEG	0	13	62	38
n02481823_232.JPEG	24	25	42	49
n02481823_233.JPEG	28	25	45	44
n02481823_234.JPEG	10	1	62	63
n02481823_235.JPEG	0	0	63	63
n02481823_236.JPEG	0	0	63	63
n02481823_237.JPEG	1	0	62	63
n02481823_238.JPEG	23	7	62	58
n02481823_239.JPEG	28	14	61	54
n02481823_240.JPEG	0	7	63	63
n02481823_241.JPEG	22	17	51	63
n02481823_242.JPEG	5	7	57	61
n02481823_243.JPEG	4	9	40	63
n02481823_244.JPEG	1	34	40	63
n02481823_245.JPEG	14	2	63	63
n02481823_246.JPEG	3	1	63	63
n02481823_247.JPEG	0	3	63	63
n02481823_248.JPEG	1	0	63	63
n02481823_249.JPEG	0	5	63	51
n02481823_250.JPEG	0	1	63	63
n02481823_251.JPEG	20	9	48	53
n02481823_252.JPEG	5	13	61	63
n02481823_253.JPEG	0	3	62	63
n02481823_254.JPEG	23	8	55	50
n02481823_255.JPEG	0	5	62	63
n02481823_256.JPEG	0	3	63	63
n02481823_257.JPEG	8	0	59	63
n02481823_258.JPEG	2	7	37	54
n02481823_259.JPEG	0	1	63	63
n02481823_260.JPEG	0	9	63	63
n02481823_261.JPEG	7	25	62	63
n02481823_262.JPEG	2	1	63	58
n02481823_263.JPEG	0	1	58	63
n02481823_264.JPEG	0	6	51	63
n02481823_265.JPEG	0	0	63	63
n02481823_266.JPEG	0	0	63	63
n02481823_267.JPEG	0	0	63	63
n02481823_268.JPEG	28	15	63	63
n02481823_269.JPEG	18	4	51	63
n02481823_270.JPEG	6	0	63	63
n02481823_271.JPEG	0	8	49	63
n02481823_272.JPEG	4	11	55	63
n02481823_273.JPEG	0	0	63	63
n02481823_274.JPEG	0	5	63	63
n02481823_275.JPEG	21	6	63	59
n02481823_276.JPEG	0	1	63	63
n02481823_277.JPEG	5	6	63	63
n02481823_278.JPEG	2	0	63	63
n02481823_279.JPEG	0	13	63	63
n02481823_280.JPEG	0	1	63	63
n02481823_281.JPEG	14	16	63	63
n02481823_282.JPEG	0	13	33	57
n02481823_283.JPEG	29	9	63	63
n02481823_284.JPEG	3	14	29	48
n02481823_285.JPEG	5	20	49	61
n02481823_286.JPEG	0	17	63	55
n02481823_287.JPEG	0	3	63	63
n02481823_288.JPEG	3	3	58	59
n02481823_289.JPEG	0	4	63	60
n02481823_290.JPEG	0	0	63	63
n02481823_291.JPEG	13	8	60	59
n02481823_292.JPEG	0	4	60	63
n02481823_293.JPEG	0	22	61	52
n02481823_294.JPEG	1	0	61	63
n02481823_295.JPEG	0	17	63	56
n02481823_296.JPEG	0	0	63	63
n02481823_297.JPEG	0	7	54	63
n02481823_298.JPEG	12	13	63	62
n02481823_299.JPEG	0	8	63	63
n02481823_300.JPEG	17	6	63	63
n02481823_301.JPEG	3	7	48	62
n02481823_302.JPEG	8	9	51	56
n02481823_303.JPEG	9	15	61	58
n02481823_304.JPEG	5	12	52	63
n02481823_305.JPEG	55	19	63	56
n02481823_306.JPEG	2	8	63	63
n02481823_307.JPEG	11	14	34	59
n02481823_308.JPEG	5	13	38	63
n02481823_309.JPEG	25	16	50	63
n02481823_310.JPEG	5	9	49	63
n02481823_311.JPEG	0	3	42	61
n02481823_312.JPEG	53	25	63	55
n02481823_313.JPEG	2	0	63	63
n02481823_314.JPEG	1	2	59	63
n02481823_315.JPEG	22	23	42	52
n02481823_316.JPEG	0	9	63	63
n02481823_317.JPEG	13	13	60	61
n02481823_318.JPEG	1	8	58	56
n02481823_319.JPEG	0	7	63	63
n02481823_320.JPEG	0	1	63	63
n02481823_321.JPEG	31	45	63	63
n02481823_322.JPEG	6	7	63	60
n02481823_323.JPEG	12	0	63	63
n02481823_324.JPEG	11	6	49	56
n02481823_325.JPEG	14	4	63	58
n02481823_326.JPEG	35	14	62	54
n02481823_327.JPEG	0	4	62	63
n02481823_328.JPEG	1	13	48	63
n02481823_329.JPEG	6	8	62	54
n02481823_330.JPEG	18	16	53	61
n02481823_331.JPEG	12	16	49	63
n02481823_332.JPEG	0	13	61	56
n02481823_333.JPEG	17	12	50	54
n02481823_334.JPEG	4	0	63	63
n02481823_335.JPEG	5	0	63	63
n02481823_336.JPEG	30	12	51	40
n02481823_337.JPEG	0	1	63	63
n02481823_338.JPEG	20	17	42	63
n02481823_339.JPEG	0	2	63	63
n02481823_340.JPEG	0	4	63	63
n02481823_341.JPEG	0	13	61	57
n02481823_342.JPEG	0	1	63	63
n02481823_343.JPEG	0	0	63	63
n02481823_344.JPEG	36	12	63	63
n02481823_345.JPEG	0	14	63	53
n02481823_346.JPEG	11	0	48	38
n02481823_347.JPEG	2	12	62	63
n02481823_348.JPEG	1	0	61	63
n02481823_349.JPEG	1	1	63	63
n02481823_350.JPEG	8	23	63	56
n02481823_351.JPEG	0	6	63	63
n02481823_352.JPEG	19	21	40	41
n02481823_353.JPEG	3	15	33	55
n02481823_354.JPEG	0	0	63	63
n02481823_355.JPEG	14	12	43	54
n02481823_356.JPEG	1	0	63	63
n02481823_357.JPEG	0	17	32	63
n02481823_358.JPEG	0	0	63	63
n02481823_359.JPEG	0	4	62	58
n02481823_360.JPEG	0	3	62	63
n02481823_361.JPEG	0	16	63	53
n02481823_362.JPEG	0	11	45	63
n02481823_363.JPEG	1	0	63	63
n02481823_364.JPEG	19	17	49	44
n02481823_365.JPEG	1	4	63	63
n02481823_366.JPEG	0	9	63	63
n02481823_367.JPEG	1	0	60	63
n02481823_368.JPEG	0	0	63	63
n02481823_369.JPEG	19	14	63	58
n02481823_370.JPEG	9	33	55	63
n02481823_371.JPEG	9	1	63	63
n02481823_372.JPEG	23	16	63	63
n02481823_373.JPEG	25	9	63	57
n02481823_374.JPEG	0	0	63	63
n02481823_375.JPEG	16	19	41	47
n02481823_376.JPEG	27	3	63	62
n02481823_377.JPEG	1	0	63	63
n02481823_378.JPEG	21	42	35	52
n02481823_379.JPEG	0	20	52	63
n02481823_380.JPEG	10	12	53	63
n02481823_381.JPEG	11	19	39	54
n02481823_382.JPEG	7	3	63	63
n02481823_383.JPEG	0	0	63	63
n02481823_384.JPEG	5	6	63	51
n02481823_385.JPEG	24	23	37	45
n02481823_386.JPEG	11	10	61	58
n02481823_387.JPEG	16	3	55	61
n02481823_388.JPEG	14	26	38	55
n02481823_389.JPEG	20	31	41	54
n02481823_390.JPEG	34	28	63	63
n02481823_391.JPEG	27	38	39	59
n02481823_392.JPEG	12	3	63	63
n02481823_393.JPEG	20	21	38	47
n02481823_394.JPEG	0	0	63	63
n02481823_395.JPEG	0	0	63	63
n02481823_396.JPEG	1	6	63	63
n02481823_397.JPEG	0	26	60	63
n02481823_398.JPEG	0	0	63	63
n02481823_399.JPEG	12	17	63	63
n02481823_400.JPEG	6	5	63	63
n02481823_401.JPEG	1	0	63	63
n02481823_402.JPEG	10	12	63	63
n02481823_403.JPEG	21	17	46	55
n02481823_404.JPEG	4	0	58	63
n02481823_405.JPEG	0	9	45	60
n02481823_406.JPEG	0	0	63	63
n02481823_407.JPEG	3	13	51	63
n02481823_408.JPEG	0	3	63	63
n02481823_409.JPEG	0	0	62	62
n02481823_410.JPEG	1	8	63	63
n02481823_411.JPEG	0	18	51	63
n02481823_412.JPEG	28	22	46	45
n02481823_413.JPEG	4	5	60	63
n02481823_414.JPEG	0	1	63	63
n02481823_415.JPEG	0	12	31	37
n02481823_416.JPEG	6	12	56	63
n02481823_417.JPEG	26	15	63	55
n02481823_418.JPEG	0	0	63	63
n02481823_419.JPEG	4	3	57	63
n02481823_420.JPEG	0	0	63	63
n02481823_421.JPEG	0	7	61	63
n02481823_422.JPEG	11	18	46	62
n02481823_423.JPEG	1	0	63	63
n02481823_424.JPEG	0	1	63	63
n02481823_425.JPEG	0	0	63	63
n02481823_426.JPEG	3	12	62	63
n02481823_427.JPEG	1	0	63	63
n02481823_428.JPEG	4	15	61	63
n02481823_429.JPEG	6	1	63	63
n02481823_430.JPEG	11	10	45	63
n02481823_431.JPEG	0	11	57	63
n02481823_432.JPEG	0	2	63	63
n02481823_433.JPEG	6	17	63	63
n02481823_434.JPEG	1	14	63	63
n02481823_435.JPEG	1	1	63	63
n02481823_436.JPEG	13	9	57	59
n02481823_437.JPEG	15	4	53	60
n02481823_438.JPEG	0	0	63	63
n02481823_439.JPEG	7	0	49	63
n02481823_440.JPEG	8	14	54	54
n02481823_441.JPEG	0	0	63	63
n02481823_442.JPEG	7	0	58	63
n02481823_443.JPEG	9	0	63	63
n02481823_444.JPEG	0	11	57	63
n02481823_445.JPEG	13	25	63	54
n02481823_446.JPEG	46	0	63	12
n02481823_447.JPEG	32	12	63	55
n02481823_448.JPEG	0	1	63	63
n02481823_449.JPEG	0	0	63	63
n02481823_450.JPEG	34	26	63	37
n02481823_451.JPEG	15	16	49	52
n02481823_452.JPEG	18	13	48	55
n02481823_453.JPEG	27	13	57	57
n02481823_454.JPEG	0	2	63	63
n02481823_455.JPEG	16	18	44	47
n02481823_456.JPEG	7	0	63	63
n02481823_457.JPEG	18	34	37	54
n02481823_458.JPEG	1	0	63	63
n02481823_459.JPEG	25	22	63	55
n02481823_460.JPEG	0	1	63	63
n02481823_461.JPEG	0	14	45	55
n02481823_462.JPEG	1	0	63	63
n02481823_463.JPEG	0	5	59	63
n02481823_464.JPEG	1	0	63	63
n02481823_465.JPEG	6	6	63	63
n02481823_466.JPEG	12	11	53	63
n02481823_467.JPEG	0	0	63	63
n02481823_468.JPEG	0	17	35	63
n02481823_469.JPEG	25	27	39	46
n02481823_470.JPEG	2	0	52	63
n02481823_471.JPEG	0	0	63	63
n02481823_472.JPEG	15	10	57	63
n02481823_473.JPEG	19	9	51	63
n02481823_474.JPEG	0	2	63	63
n02481823_475.JPEG	7	19	51	63
n02481823_476.JPEG	6	11	61	63
n02481823_477.JPEG	0	0	63	63
n02481823_478.JPEG	4	8	60	53
n02481823_479.JPEG	0	4	54	63
n02481823_480.JPEG	12	8	53	63
n02481823_481.JPEG	12	10	63	63
n02481823_482.JPEG	6	1	57	63
n02481823_483.JPEG	0	6	63	63
n02481823_484.JPEG	0	0	63	63
n02481823_485.JPEG	18	10	49	52
n02481823_486.JPEG	0	1	52	63
n02481823_487.JPEG	9	0	52	63
n02481823_488.JPEG	0	9	38	63
n02481823_489.JPEG	38	21	60	44
n02481823_490.JPEG	27	5	63	55
n02481823_491.JPEG	0	24	63	62
n02481823_492.JPEG	11	23	42	49
n02481823_493.JPEG	6	0	60	63
n02481823_494.JPEG	2	11	58	63
n02481823_495.JPEG	27	19	50	54
n02481823_496.JPEG	0	9	57	63
n02481823_497.JPEG	0	0	63	63
n02481823_498.JPEG	14	16	53	62
n02481823_499.JPEG	6	5	60	62
