n03355925_0.JPEG	26	0	37	63
n03355925_1.JPEG	40	0	52	47
n03355925_2.JPEG	24	6	28	53
n03355925_3.JPEG	37	0	41	63
n03355925_4.JPEG	16	0	37	63
n03355925_5.JPEG	0	1	15	24
n03355925_6.JPEG	13	7	55	63
n03355925_7.JPEG	28	8	33	56
n03355925_8.JPEG	19	35	26	63
n03355925_9.JPEG	44	0	49	63
n03355925_10.JPEG	57	8	63	63
n03355925_11.JPEG	59	1	63	63
n03355925_12.JPEG	0	3	62	63
n03355925_13.JPEG	18	0	39	63
n03355925_14.JPEG	39	0	45	37
n03355925_15.JPEG	30	1	33	55
n03355925_16.JPEG	0	3	0	50
n03355925_17.JPEG	6	0	48	63
n03355925_18.JPEG	31	4	42	61
n03355925_19.JPEG	55	4	60	59
n03355925_20.JPEG	3	4	60	63
n03355925_21.JPEG	30	1	34	43
n03355925_22.JPEG	33	22	63	63
n03355925_23.JPEG	28	0	30	63
n03355925_24.JPEG	0	12	34	63
n03355925_25.JPEG	15	0	62	63
n03355925_26.JPEG	27	11	30	63
n03355925_27.JPEG	28	0	63	55
n03355925_28.JPEG	0	0	63	63
n03355925_29.JPEG	23	0	40	63
n03355925_30.JPEG	54	6	63	63
n03355925_31.JPEG	62	4	63	63
n03355925_32.JPEG	0	0	0	63
n03355925_33.JPEG	39	8	42	62
n03355925_34.JPEG	41	0	63	63
n03355925_35.JPEG	35	9	38	63
n03355925_36.JPEG	5	14	51	63
n03355925_37.JPEG	5	14	31	63
n03355925_38.JPEG	3	9	9	50
n03355925_39.JPEG	24	0	28	63
n03355925_40.JPEG	30	27	40	63
n03355925_41.JPEG	10	13	60	63
n03355925_42.JPEG	0	15	56	63
n03355925_43.JPEG	23	0	44	9
n03355925_44.JPEG	4	1	47	48
n03355925_45.JPEG	33	1	50	63
n03355925_46.JPEG	15	6	56	63
n03355925_47.JPEG	23	7	39	63
n03355925_48.JPEG	30	24	36	63
n03355925_49.JPEG	13	15	19	63
n03355925_50.JPEG	23	0	43	63
n03355925_51.JPEG	28	1	37	63
n03355925_52.JPEG	28	0	38	21
n03355925_53.JPEG	63	13	63	63
n03355925_54.JPEG	23	9	26	63
n03355925_55.JPEG	9	14	19	63
n03355925_56.JPEG	18	0	49	63
n03355925_57.JPEG	6	0	18	63
n03355925_58.JPEG	25	0	42	52
n03355925_59.JPEG	16	25	34	63
n03355925_60.JPEG	57	9	59	41
n03355925_61.JPEG	31	0	55	63
n03355925_62.JPEG	24	9	26	63
n03355925_63.JPEG	29	6	34	63
n03355925_64.JPEG	63	2	63	63
n03355925_65.JPEG	25	0	33	63
n03355925_66.JPEG	32	0	33	51
n03355925_67.JPEG	58	3	60	60
n03355925_68.JPEG	0	0	60	63
n03355925_69.JPEG	53	8	63	59
n03355925_70.JPEG	44	12	45	58
n03355925_71.JPEG	0	0	63	51
n03355925_72.JPEG	12	0	19	63
n03355925_73.JPEG	2	0	28	63
n03355925_74.JPEG	32	1	35	63
n03355925_75.JPEG	19	0	42	63
n03355925_76.JPEG	29	0	32	63
n03355925_77.JPEG	48	3	50	63
n03355925_78.JPEG	14	0	38	63
n03355925_79.JPEG	54	0	58	52
n03355925_80.JPEG	16	15	40	62
n03355925_81.JPEG	20	0	23	27
n03355925_82.JPEG	23	0	26	63
n03355925_83.JPEG	30	0	39	63
n03355925_84.JPEG	59	0	61	55
n03355925_85.JPEG	22	8	57	63
n03355925_86.JPEG	30	8	32	30
n03355925_87.JPEG	51	26	56	63
n03355925_88.JPEG	0	8	4	63
n03355925_89.JPEG	10	2	20	63
n03355925_90.JPEG	9	0	34	63
n03355925_91.JPEG	0	24	63	63
n03355925_92.JPEG	28	12	37	45
n03355925_93.JPEG	32	0	44	63
n03355925_94.JPEG	0	3	12	63
n03355925_95.JPEG	26	0	47	63
n03355925_96.JPEG	0	5	63	63
n03355925_97.JPEG	27	0	31	63
n03355925_98.JPEG	0	1	26	63
n03355925_99.JPEG	27	3	30	61
n03355925_100.JPEG	32	21	35	56
n03355925_101.JPEG	16	0	22	63
n03355925_102.JPEG	9	0	57	63
n03355925_103.JPEG	41	0	49	63
n03355925_104.JPEG	10	5	57	63
n03355925_105.JPEG	26	16	38	63
n03355925_106.JPEG	4	4	15	63
n03355925_107.JPEG	39	1	43	58
n03355925_108.JPEG	0	1	43	63
n03355925_109.JPEG	13	3	16	56
n03355925_110.JPEG	20	0	25	61
n03355925_111.JPEG	30	0	34	63
n03355925_112.JPEG	54	2	56	58
n03355925_113.JPEG	26	4	43	63
n03355925_114.JPEG	29	0	32	55
n03355925_115.JPEG	16	0	25	63
n03355925_116.JPEG	16	0	33	63
n03355925_117.JPEG	23	7	27	63
n03355925_118.JPEG	21	0	46	63
n03355925_119.JPEG	30	0	35	63
n03355925_120.JPEG	3	26	42	63
n03355925_121.JPEG	19	0	21	63
n03355925_122.JPEG	26	2	29	62
n03355925_123.JPEG	23	0	27	63
n03355925_124.JPEG	37	5	38	41
n03355925_125.JPEG	23	10	26	34
n03355925_126.JPEG	34	6	54	63
n03355925_127.JPEG	31	0	39	63
n03355925_128.JPEG	12	0	16	63
n03355925_129.JPEG	18	0	26	63
n03355925_130.JPEG	0	10	28	23
n03355925_131.JPEG	24	0	33	63
n03355925_132.JPEG	47	0	53	63
n03355925_133.JPEG	52	8	60	63
n03355925_134.JPEG	42	6	51	57
n03355925_135.JPEG	12	16	14	63
n03355925_136.JPEG	0	16	23	53
n03355925_137.JPEG	21	11	48	62
n03355925_138.JPEG	37	6	38	25
n03355925_139.JPEG	31	3	34	28
n03355925_140.JPEG	13	4	49	63
n03355925_141.JPEG	0	5	5	63
n03355925_142.JPEG	34	3	36	19
n03355925_143.JPEG	0	6	0	63
n03355925_144.JPEG	29	0	56	63
n03355925_145.JPEG	24	25	26	63
n03355925_146.JPEG	2	12	4	48
n03355925_147.JPEG	56	23	59	63
n03355925_148.JPEG	32	29	34	51
n03355925_149.JPEG	39	0	48	63
n03355925_150.JPEG	0	5	63	63
n03355925_151.JPEG	36	21	59	63
n03355925_152.JPEG	31	14	38	33
n03355925_153.JPEG	36	0	47	63
n03355925_154.JPEG	28	0	31	16
n03355925_155.JPEG	25	11	45	63
n03355925_156.JPEG	6	0	15	51
n03355925_157.JPEG	33	13	36	39
n03355925_158.JPEG	32	17	47	63
n03355925_159.JPEG	17	0	51	63
n03355925_160.JPEG	56	9	63	63
n03355925_161.JPEG	0	0	38	63
n03355925_162.JPEG	52	23	54	35
n03355925_163.JPEG	11	0	23	63
n03355925_164.JPEG	28	0	51	63
n03355925_165.JPEG	44	17	47	36
n03355925_166.JPEG	42	6	44	63
n03355925_167.JPEG	40	26	61	63
n03355925_168.JPEG	42	0	48	63
n03355925_169.JPEG	9	0	35	63
n03355925_170.JPEG	0	30	45	63
n03355925_171.JPEG	29	13	31	32
n03355925_172.JPEG	63	35	63	56
n03355925_173.JPEG	6	0	11	51
n03355925_174.JPEG	24	0	47	63
n03355925_175.JPEG	12	0	40	63
n03355925_176.JPEG	56	18	61	63
n03355925_177.JPEG	17	0	21	63
n03355925_178.JPEG	28	0	49	30
n03355925_179.JPEG	37	0	42	63
n03355925_180.JPEG	31	0	38	63
n03355925_181.JPEG	38	0	41	12
n03355925_182.JPEG	31	6	34	37
n03355925_183.JPEG	26	0	44	63
n03355925_184.JPEG	32	3	47	57
n03355925_185.JPEG	13	0	23	63
n03355925_186.JPEG	0	16	63	63
n03355925_187.JPEG	0	1	0	63
n03355925_188.JPEG	19	0	21	61
n03355925_189.JPEG	29	0	32	63
n03355925_190.JPEG	20	3	34	63
n03355925_191.JPEG	36	39	37	63
n03355925_192.JPEG	18	24	47	63
n03355925_193.JPEG	6	4	63	63
n03355925_194.JPEG	29	11	32	53
n03355925_195.JPEG	26	0	42	63
n03355925_196.JPEG	20	10	23	51
n03355925_197.JPEG	0	6	63	63
n03355925_198.JPEG	7	0	22	63
n03355925_199.JPEG	51	34	53	57
n03355925_200.JPEG	11	7	40	63
n03355925_201.JPEG	52	5	62	61
n03355925_202.JPEG	34	32	36	47
n03355925_203.JPEG	30	0	35	63
n03355925_204.JPEG	21	0	30	43
n03355925_205.JPEG	54	1	58	46
n03355925_206.JPEG	41	25	46	63
n03355925_207.JPEG	39	0	52	60
n03355925_208.JPEG	34	19	63	52
n03355925_209.JPEG	32	16	34	63
n03355925_210.JPEG	10	4	36	63
n03355925_211.JPEG	34	16	39	63
n03355925_212.JPEG	9	0	60	63
n03355925_213.JPEG	11	0	58	63
n03355925_214.JPEG	11	0	18	42
n03355925_215.JPEG	23	0	48	63
n03355925_216.JPEG	23	21	48	63
n03355925_217.JPEG	33	5	42	63
n03355925_218.JPEG	4	15	54	63
n03355925_219.JPEG	18	13	35	63
n03355925_220.JPEG	19	0	37	59
n03355925_221.JPEG	26	0	40	63
n03355925_222.JPEG	43	14	63	63
n03355925_223.JPEG	12	9	57	63
n03355925_224.JPEG	33	13	37	63
n03355925_225.JPEG	19	31	25	63
n03355925_226.JPEG	17	6	48	63
n03355925_227.JPEG	0	0	40	63
n03355925_228.JPEG	18	0	24	63
n03355925_229.JPEG	18	0	25	63
n03355925_230.JPEG	4	0	63	63
n03355925_231.JPEG	23	17	43	63
n03355925_232.JPEG	0	4	20	39
n03355925_233.JPEG	30	0	34	38
n03355925_234.JPEG	39	3	41	17
n03355925_235.JPEG	29	8	32	63
n03355925_236.JPEG	3	14	52	63
n03355925_237.JPEG	29	5	31	56
n03355925_238.JPEG	7	0	57	63
n03355925_239.JPEG	30	0	33	40
n03355925_240.JPEG	29	10	60	63
n03355925_241.JPEG	28	0	31	41
n03355925_242.JPEG	31	4	45	63
n03355925_243.JPEG	29	6	35	63
n03355925_244.JPEG	1	0	5	63
n03355925_245.JPEG	0	1	15	63
n03355925_246.JPEG	29	1	33	40
n03355925_247.JPEG	12	0	18	63
n03355925_248.JPEG	29	21	42	62
n03355925_249.JPEG	33	14	63	62
n03355925_250.JPEG	16	1	47	54
n03355925_251.JPEG	0	0	27	27
n03355925_252.JPEG	11	13	52	63
n03355925_253.JPEG	10	0	16	63
n03355925_254.JPEG	37	12	58	63
n03355925_255.JPEG	0	41	35	63
n03355925_256.JPEG	32	0	36	63
n03355925_257.JPEG	1	0	28	63
n03355925_258.JPEG	7	0	35	63
n03355925_259.JPEG	16	39	25	63
n03355925_260.JPEG	24	8	46	52
n03355925_261.JPEG	10	0	39	63
n03355925_262.JPEG	0	1	63	63
n03355925_263.JPEG	13	10	58	63
n03355925_264.JPEG	1	0	61	63
n03355925_265.JPEG	28	0	40	24
n03355925_266.JPEG	23	0	29	63
n03355925_267.JPEG	9	6	57	63
n03355925_268.JPEG	0	1	5	63
n03355925_269.JPEG	6	0	38	63
n03355925_270.JPEG	0	6	1	51
n03355925_271.JPEG	9	0	11	63
n03355925_272.JPEG	1	0	53	63
n03355925_273.JPEG	36	18	54	63
n03355925_274.JPEG	0	16	41	63
n03355925_275.JPEG	22	0	38	63
n03355925_276.JPEG	0	26	33	63
n03355925_277.JPEG	25	5	29	13
n03355925_278.JPEG	13	13	18	63
n03355925_279.JPEG	27	0	32	63
n03355925_280.JPEG	32	0	33	53
n03355925_281.JPEG	36	0	39	47
n03355925_282.JPEG	33	0	54	63
n03355925_283.JPEG	11	12	46	63
n03355925_284.JPEG	0	8	55	47
n03355925_285.JPEG	31	0	34	63
n03355925_286.JPEG	33	0	41	60
n03355925_287.JPEG	21	11	26	63
n03355925_288.JPEG	10	0	50	63
n03355925_289.JPEG	6	7	9	63
n03355925_290.JPEG	10	4	51	63
n03355925_291.JPEG	0	11	32	54
n03355925_292.JPEG	12	0	35	63
n03355925_293.JPEG	1	0	56	63
n03355925_294.JPEG	19	14	23	63
n03355925_295.JPEG	0	2	6	63
n03355925_296.JPEG	5	0	55	63
n03355925_297.JPEG	9	13	53	63
n03355925_298.JPEG	13	0	19	63
n03355925_299.JPEG	0	1	63	63
n03355925_300.JPEG	23	0	49	63
n03355925_301.JPEG	32	8	36	44
n03355925_302.JPEG	2	0	57	63
n03355925_303.JPEG	26	4	33	45
n03355925_304.JPEG	20	26	31	63
n03355925_305.JPEG	49	21	51	52
n03355925_306.JPEG	33	8	34	63
n03355925_307.JPEG	9	6	15	63
n03355925_308.JPEG	19	15	23	63
n03355925_309.JPEG	1	0	5	63
n03355925_310.JPEG	22	34	42	48
n03355925_311.JPEG	17	0	30	63
n03355925_312.JPEG	36	3	39	17
n03355925_313.JPEG	38	0	40	32
n03355925_314.JPEG	19	17	21	48
n03355925_315.JPEG	29	0	34	63
n03355925_316.JPEG	4	0	11	63
n03355925_317.JPEG	3	0	17	63
n03355925_318.JPEG	30	0	36	63
n03355925_319.JPEG	14	8	63	40
n03355925_320.JPEG	19	9	27	63
n03355925_321.JPEG	25	0	40	63
n03355925_322.JPEG	32	6	36	63
n03355925_323.JPEG	4	3	8	63
n03355925_324.JPEG	40	6	51	63
n03355925_325.JPEG	29	7	62	63
n03355925_326.JPEG	31	0	54	63
n03355925_327.JPEG	27	21	36	63
n03355925_328.JPEG	2	6	53	63
n03355925_329.JPEG	13	15	15	44
n03355925_330.JPEG	26	0	42	48
n03355925_331.JPEG	53	20	63	63
n03355925_332.JPEG	26	0	50	40
n03355925_333.JPEG	63	8	63	43
n03355925_334.JPEG	21	5	36	63
n03355925_335.JPEG	31	0	40	57
n03355925_336.JPEG	41	5	45	58
n03355925_337.JPEG	13	0	18	63
n03355925_338.JPEG	47	2	55	63
n03355925_339.JPEG	39	3	49	63
n03355925_340.JPEG	12	0	53	63
n03355925_341.JPEG	0	0	4	63
n03355925_342.JPEG	24	0	34	63
n03355925_343.JPEG	0	4	48	63
n03355925_344.JPEG	52	1	57	63
n03355925_345.JPEG	0	0	33	20
n03355925_346.JPEG	0	1	49	63
n03355925_347.JPEG	27	0	36	63
n03355925_348.JPEG	4	9	62	63
n03355925_349.JPEG	25	1	27	23
n03355925_350.JPEG	49	0	55	63
n03355925_351.JPEG	29	0	37	63
n03355925_352.JPEG	4	0	63	63
n03355925_353.JPEG	8	7	18	63
n03355925_354.JPEG	29	0	32	62
n03355925_355.JPEG	2	7	52	63
n03355925_356.JPEG	20	12	24	63
n03355925_357.JPEG	49	0	63	63
n03355925_358.JPEG	11	15	15	63
n03355925_359.JPEG	14	2	38	63
n03355925_360.JPEG	26	2	34	63
n03355925_361.JPEG	32	0	61	63
n03355925_362.JPEG	9	6	49	63
n03355925_363.JPEG	29	0	31	63
n03355925_364.JPEG	13	0	52	63
n03355925_365.JPEG	18	8	51	63
n03355925_366.JPEG	0	0	35	63
n03355925_367.JPEG	25	0	47	42
n03355925_368.JPEG	28	0	33	63
n03355925_369.JPEG	53	0	61	63
n03355925_370.JPEG	32	0	39	62
n03355925_371.JPEG	57	4	61	63
n03355925_372.JPEG	29	24	41	63
n03355925_373.JPEG	35	45	58	63
n03355925_374.JPEG	16	12	27	38
n03355925_375.JPEG	47	13	59	51
n03355925_376.JPEG	0	3	0	41
n03355925_377.JPEG	18	15	54	63
n03355925_378.JPEG	31	8	33	63
n03355925_379.JPEG	31	11	40	63
n03355925_380.JPEG	0	0	35	50
n03355925_381.JPEG	0	0	4	26
n03355925_382.JPEG	63	19	63	63
n03355925_383.JPEG	29	0	34	63
n03355925_384.JPEG	0	0	26	63
n03355925_385.JPEG	1	3	41	63
n03355925_386.JPEG	47	7	60	52
n03355925_387.JPEG	30	1	34	63
n03355925_388.JPEG	18	3	21	63
n03355925_389.JPEG	0	20	8	63
n03355925_390.JPEG	24	0	28	63
n03355925_391.JPEG	14	20	22	63
n03355925_392.JPEG	27	0	32	60
n03355925_393.JPEG	29	0	43	63
n03355925_394.JPEG	29	0	32	49
n03355925_395.JPEG	6	5	60	63
n03355925_396.JPEG	19	6	49	55
n03355925_397.JPEG	18	4	59	30
n03355925_398.JPEG	26	0	30	49
n03355925_399.JPEG	29	10	31	41
n03355925_400.JPEG	32	0	36	63
n03355925_401.JPEG	54	0	63	63
n03355925_402.JPEG	5	0	43	63
n03355925_403.JPEG	40	3	46	55
n03355925_404.JPEG	29	2	40	63
n03355925_405.JPEG	5	0	63	63
n03355925_406.JPEG	30	0	50	63
n03355925_407.JPEG	12	17	14	63
n03355925_408.JPEG	30	6	34	47
n03355925_409.JPEG	13	9	17	36
n03355925_410.JPEG	27	3	48	63
n03355925_411.JPEG	1	0	59	63
n03355925_412.JPEG	9	0	56	63
n03355925_413.JPEG	27	1	36	63
n03355925_414.JPEG	23	0	34	63
n03355925_415.JPEG	32	11	36	48
n03355925_416.JPEG	14	0	19	12
n03355925_417.JPEG	44	0	51	63
n03355925_418.JPEG	13	0	33	63
n03355925_419.JPEG	0	1	32	55
n03355925_420.JPEG	1	7	16	63
n03355925_421.JPEG	30	20	35	38
n03355925_422.JPEG	37	0	50	63
n03355925_423.JPEG	0	14	18	44
n03355925_424.JPEG	9	3	63	63
n03355925_425.JPEG	0	10	0	63
n03355925_426.JPEG	8	0	47	63
n03355925_427.JPEG	12	0	21	55
n03355925_428.JPEG	19	11	21	63
n03355925_429.JPEG	0	18	63	63
n03355925_430.JPEG	31	0	56	63
n03355925_431.JPEG	24	0	49	63
n03355925_432.JPEG	16	14	21	63
n03355925_433.JPEG	8	0	13	63
n03355925_434.JPEG	6	0	12	63
n03355925_435.JPEG	40	0	48	63
n03355925_436.JPEG	21	0	29	63
n03355925_437.JPEG	12	7	53	63
n03355925_438.JPEG	0	0	28	63
n03355925_439.JPEG	42	23	55	38
n03355925_440.JPEG	8	0	22	63
n03355925_441.JPEG	0	0	57	53
n03355925_442.JPEG	31	0	38	63
n03355925_443.JPEG	14	0	50	63
n03355925_444.JPEG	34	0	39	3
n03355925_445.JPEG	54	0	58	63
n03355925_446.JPEG	28	0	34	12
n03355925_447.JPEG	32	0	34	46
n03355925_448.JPEG	33	19	36	63
n03355925_449.JPEG	11	1	21	63
n03355925_450.JPEG	7	2	41	63
n03355925_451.JPEG	15	13	17	39
n03355925_452.JPEG	25	6	28	63
n03355925_453.JPEG	39	21	60	63
n03355925_454.JPEG	39	3	45	63
n03355925_455.JPEG	10	47	13	63
n03355925_456.JPEG	48	0	52	63
n03355925_457.JPEG	15	7	24	63
n03355925_458.JPEG	29	21	51	63
n03355925_459.JPEG	42	18	48	63
n03355925_460.JPEG	36	0	44	15
n03355925_461.JPEG	0	22	63	63
n03355925_462.JPEG	31	3	40	59
n03355925_463.JPEG	0	1	63	63
n03355925_464.JPEG	22	12	47	63
n03355925_465.JPEG	29	1	50	63
n03355925_466.JPEG	0	2	53	63
n03355925_467.JPEG	6	4	63	63
n03355925_468.JPEG	23	0	38	63
n03355925_469.JPEG	7	0	63	37
n03355925_470.JPEG	32	9	44	61
n03355925_471.JPEG	8	5	63	63
n03355925_472.JPEG	29	0	31	51
n03355925_473.JPEG	7	2	11	33
n03355925_474.JPEG	29	0	33	57
n03355925_475.JPEG	37	0	45	63
n03355925_476.JPEG	29	10	33	63
n03355925_477.JPEG	25	6	36	59
n03355925_478.JPEG	35	12	48	63
n03355925_479.JPEG	30	0	36	57
n03355925_480.JPEG	4	0	21	63
n03355925_481.JPEG	26	5	31	63
n03355925_482.JPEG	19	0	33	63
n03355925_483.JPEG	29	10	34	63
n03355925_484.JPEG	30	17	32	53
n03355925_485.JPEG	0	0	30	53
n03355925_486.JPEG	12	0	32	63
n03355925_487.JPEG	50	2	59	63
n03355925_488.JPEG	19	44	30	63
n03355925_489.JPEG	26	0	51	63
n03355925_490.JPEG	20	0	23	40
n03355925_491.JPEG	32	0	40	63
n03355925_492.JPEG	0	0	63	63
n03355925_493.JPEG	32	0	35	63
n03355925_494.JPEG	9	0	20	63
n03355925_495.JPEG	34	0	38	63
n03355925_496.JPEG	24	27	63	63
n03355925_497.JPEG	0	7	4	58
n03355925_498.JPEG	21	0	38	63
n03355925_499.JPEG	0	2	59	51
