n02094433_0.JPEG	35	13	63	52
n02094433_1.JPEG	0	10	45	62
n02094433_2.JPEG	12	4	62	63
n02094433_3.JPEG	3	4	63	63
n02094433_4.JPEG	13	3	47	51
n02094433_5.JPEG	0	1	63	63
n02094433_6.JPEG	7	6	63	63
n02094433_7.JPEG	19	30	38	58
n02094433_8.JPEG	15	4	62	62
n02094433_9.JPEG	7	5	52	63
n02094433_10.JPEG	1	0	63	63
n02094433_11.JPEG	12	30	35	48
n02094433_12.JPEG	0	0	58	63
n02094433_13.JPEG	0	10	63	57
n02094433_14.JPEG	0	0	63	63
n02094433_15.JPEG	11	4	50	63
n02094433_16.JPEG	0	0	63	63
n02094433_17.JPEG	1	0	63	63
n02094433_18.JPEG	1	0	60	63
n02094433_19.JPEG	0	1	55	63
n02094433_20.JPEG	5	14	44	63
n02094433_21.JPEG	26	11	63	51
n02094433_22.JPEG	0	0	63	63
n02094433_23.JPEG	0	9	63	61
n02094433_24.JPEG	9	15	55	63
n02094433_25.JPEG	24	2	59	55
n02094433_26.JPEG	20	1	63	45
n02094433_27.JPEG	4	0	61	63
n02094433_28.JPEG	9	0	63	63
n02094433_29.JPEG	4	1	56	51
n02094433_30.JPEG	0	3	63	63
n02094433_31.JPEG	5	4	63	63
n02094433_32.JPEG	19	20	48	63
n02094433_33.JPEG	5	1	62	62
n02094433_34.JPEG	15	18	43	63
n02094433_35.JPEG	5	0	63	63
n02094433_36.JPEG	29	21	58	63
n02094433_37.JPEG	2	0	58	63
n02094433_38.JPEG	5	9	63	63
n02094433_39.JPEG	0	3	63	56
n02094433_40.JPEG	12	2	63	63
n02094433_41.JPEG	10	0	54	59
n02094433_42.JPEG	8	4	63	63
n02094433_43.JPEG	28	6	58	52
n02094433_44.JPEG	4	0	63	63
n02094433_45.JPEG	0	8	53	48
n02094433_46.JPEG	23	0	57	51
n02094433_47.JPEG	0	7	63	62
n02094433_48.JPEG	2	2	63	63
n02094433_49.JPEG	12	1	48	63
n02094433_50.JPEG	4	13	62	63
n02094433_51.JPEG	5	4	62	63
n02094433_52.JPEG	0	0	63	63
n02094433_53.JPEG	12	5	63	60
n02094433_54.JPEG	3	12	45	40
n02094433_55.JPEG	16	6	56	63
n02094433_56.JPEG	9	0	59	63
n02094433_57.JPEG	4	0	61	63
n02094433_58.JPEG	12	5	52	62
n02094433_59.JPEG	16	9	56	53
n02094433_60.JPEG	1	0	63	63
n02094433_61.JPEG	5	16	63	62
n02094433_62.JPEG	1	4	49	45
n02094433_63.JPEG	10	8	58	63
n02094433_64.JPEG	17	8	48	63
n02094433_65.JPEG	30	16	58	63
n02094433_66.JPEG	8	1	59	63
n02094433_67.JPEG	6	0	63	63
n02094433_68.JPEG	1	0	63	63
n02094433_69.JPEG	0	20	63	60
n02094433_70.JPEG	0	0	63	63
n02094433_71.JPEG	6	0	55	63
n02094433_72.JPEG	0	9	63	59
n02094433_73.JPEG	22	0	63	54
n02094433_74.JPEG	20	21	46	63
n02094433_75.JPEG	1	0	61	52
n02094433_76.JPEG	1	7	63	60
n02094433_77.JPEG	0	2	63	63
n02094433_78.JPEG	14	1	57	63
n02094433_79.JPEG	13	2	63	63
n02094433_80.JPEG	8	6	63	63
n02094433_81.JPEG	0	1	53	63
n02094433_82.JPEG	0	1	63	63
n02094433_83.JPEG	12	10	63	50
n02094433_84.JPEG	0	2	63	63
n02094433_85.JPEG	10	5	50	51
n02094433_86.JPEG	10	0	63	63
n02094433_87.JPEG	10	2	60	63
n02094433_88.JPEG	0	8	63	63
n02094433_89.JPEG	0	1	63	60
n02094433_90.JPEG	0	2	49	63
n02094433_91.JPEG	17	5	63	59
n02094433_92.JPEG	15	0	63	63
n02094433_93.JPEG	5	0	49	63
n02094433_94.JPEG	4	34	24	62
n02094433_95.JPEG	0	0	59	63
n02094433_96.JPEG	3	0	62	63
n02094433_97.JPEG	11	4	62	63
n02094433_98.JPEG	15	3	55	59
n02094433_99.JPEG	1	16	28	54
n02094433_100.JPEG	11	1	47	60
n02094433_101.JPEG	0	9	35	55
n02094433_102.JPEG	0	2	63	63
n02094433_103.JPEG	8	1	63	63
n02094433_104.JPEG	0	0	63	63
n02094433_105.JPEG	3	4	58	63
n02094433_106.JPEG	17	1	56	63
n02094433_107.JPEG	12	15	35	51
n02094433_108.JPEG	3	0	57	63
n02094433_109.JPEG	12	9	54	56
n02094433_110.JPEG	0	1	63	63
n02094433_111.JPEG	34	11	63	55
n02094433_112.JPEG	0	0	63	63
n02094433_113.JPEG	1	6	57	60
n02094433_114.JPEG	4	0	60	63
n02094433_115.JPEG	16	10	53	58
n02094433_116.JPEG	0	0	63	54
n02094433_117.JPEG	31	9	63	63
n02094433_118.JPEG	0	0	63	63
n02094433_119.JPEG	1	3	36	63
n02094433_120.JPEG	8	0	63	62
n02094433_121.JPEG	0	14	42	63
n02094433_122.JPEG	8	7	63	57
n02094433_123.JPEG	9	3	50	55
n02094433_124.JPEG	1	0	54	63
n02094433_125.JPEG	10	12	54	63
n02094433_126.JPEG	0	13	44	55
n02094433_127.JPEG	0	12	63	63
n02094433_128.JPEG	0	1	63	63
n02094433_129.JPEG	15	2	63	60
n02094433_130.JPEG	3	0	63	63
n02094433_131.JPEG	0	5	39	55
n02094433_132.JPEG	23	4	63	53
n02094433_133.JPEG	0	0	63	63
n02094433_134.JPEG	25	20	63	55
n02094433_135.JPEG	24	14	40	38
n02094433_136.JPEG	38	26	51	45
n02094433_137.JPEG	5	4	54	63
n02094433_138.JPEG	2	18	33	55
n02094433_139.JPEG	0	0	63	63
n02094433_140.JPEG	19	15	63	63
n02094433_141.JPEG	37	30	63	61
n02094433_142.JPEG	0	9	28	51
n02094433_143.JPEG	0	0	41	48
n02094433_144.JPEG	13	0	63	63
n02094433_145.JPEG	0	1	61	63
n02094433_146.JPEG	27	11	44	40
n02094433_147.JPEG	15	0	57	63
n02094433_148.JPEG	0	1	50	41
n02094433_149.JPEG	28	19	63	60
n02094433_150.JPEG	0	0	20	63
n02094433_151.JPEG	7	0	58	63
n02094433_152.JPEG	13	1	63	63
n02094433_153.JPEG	0	1	63	63
n02094433_154.JPEG	0	1	59	63
n02094433_155.JPEG	1	0	62	63
n02094433_156.JPEG	0	0	63	63
n02094433_157.JPEG	0	0	63	63
n02094433_158.JPEG	12	5	50	53
n02094433_159.JPEG	0	5	63	63
n02094433_160.JPEG	0	15	42	60
n02094433_161.JPEG	17	1	63	63
n02094433_162.JPEG	2	1	63	63
n02094433_163.JPEG	1	0	54	63
n02094433_164.JPEG	0	1	50	63
n02094433_165.JPEG	0	0	63	63
n02094433_166.JPEG	13	3	57	61
n02094433_167.JPEG	9	0	63	63
n02094433_168.JPEG	0	0	50	63
n02094433_169.JPEG	0	2	63	63
n02094433_170.JPEG	0	1	63	63
n02094433_171.JPEG	1	0	50	63
n02094433_172.JPEG	0	0	63	63
n02094433_173.JPEG	0	0	63	57
n02094433_174.JPEG	3	0	63	63
n02094433_175.JPEG	13	9	63	57
n02094433_176.JPEG	0	3	63	55
n02094433_177.JPEG	4	7	63	63
n02094433_178.JPEG	11	0	49	63
n02094433_179.JPEG	0	5	50	63
n02094433_180.JPEG	0	1	57	63
n02094433_181.JPEG	0	15	37	55
n02094433_182.JPEG	40	40	57	62
n02094433_183.JPEG	0	1	63	60
n02094433_184.JPEG	0	2	63	61
n02094433_185.JPEG	0	14	20	39
n02094433_186.JPEG	14	7	63	63
n02094433_187.JPEG	14	0	62	63
n02094433_188.JPEG	0	1	63	61
n02094433_189.JPEG	3	5	50	61
n02094433_190.JPEG	20	17	48	49
n02094433_191.JPEG	11	0	57	63
n02094433_192.JPEG	1	4	63	63
n02094433_193.JPEG	16	4	62	63
n02094433_194.JPEG	0	5	63	63
n02094433_195.JPEG	6	2	51	45
n02094433_196.JPEG	0	1	63	63
n02094433_197.JPEG	20	11	48	37
n02094433_198.JPEG	10	2	50	48
n02094433_199.JPEG	21	21	45	58
n02094433_200.JPEG	0	12	34	61
n02094433_201.JPEG	12	0	43	36
n02094433_202.JPEG	25	9	56	58
n02094433_203.JPEG	13	9	56	58
n02094433_204.JPEG	17	4	63	63
n02094433_205.JPEG	2	4	63	63
n02094433_206.JPEG	0	0	49	47
n02094433_207.JPEG	9	1	56	63
n02094433_208.JPEG	11	6	52	58
n02094433_209.JPEG	1	2	59	61
n02094433_210.JPEG	16	37	46	62
n02094433_211.JPEG	17	12	60	53
n02094433_212.JPEG	7	0	53	63
n02094433_213.JPEG	15	11	45	62
n02094433_214.JPEG	7	8	62	53
n02094433_215.JPEG	7	25	46	54
n02094433_216.JPEG	0	2	63	63
n02094433_217.JPEG	9	9	63	63
n02094433_218.JPEG	17	25	45	63
n02094433_219.JPEG	0	0	53	63
n02094433_220.JPEG	0	1	63	63
n02094433_221.JPEG	0	0	63	63
n02094433_222.JPEG	20	23	58	63
n02094433_223.JPEG	7	0	63	63
n02094433_224.JPEG	16	14	45	53
n02094433_225.JPEG	3	0	63	63
n02094433_226.JPEG	1	0	63	63
n02094433_227.JPEG	4	13	58	54
n02094433_228.JPEG	1	10	38	43
n02094433_229.JPEG	0	0	47	63
n02094433_230.JPEG	0	5	63	46
n02094433_231.JPEG	25	28	60	63
n02094433_232.JPEG	5	9	59	59
n02094433_233.JPEG	9	0	50	61
n02094433_234.JPEG	3	6	52	63
n02094433_235.JPEG	1	0	60	63
n02094433_236.JPEG	0	0	63	63
n02094433_237.JPEG	20	18	51	57
n02094433_238.JPEG	18	8	49	61
n02094433_239.JPEG	0	0	51	63
n02094433_240.JPEG	0	4	63	63
n02094433_241.JPEG	39	2	63	63
n02094433_242.JPEG	8	4	59	63
n02094433_243.JPEG	13	5	55	48
n02094433_244.JPEG	16	9	63	61
n02094433_245.JPEG	10	5	58	50
n02094433_246.JPEG	1	15	44	63
n02094433_247.JPEG	1	2	63	62
n02094433_248.JPEG	8	5	62	61
n02094433_249.JPEG	33	16	54	39
n02094433_250.JPEG	6	0	54	30
n02094433_251.JPEG	12	0	63	63
n02094433_252.JPEG	11	3	63	61
n02094433_253.JPEG	0	5	63	58
n02094433_254.JPEG	8	1	63	42
n02094433_255.JPEG	33	11	63	45
n02094433_256.JPEG	10	18	45	54
n02094433_257.JPEG	3	2	63	63
n02094433_258.JPEG	20	23	47	47
n02094433_259.JPEG	23	7	62	63
n02094433_260.JPEG	27	14	52	41
n02094433_261.JPEG	3	0	63	43
n02094433_262.JPEG	11	18	43	55
n02094433_263.JPEG	4	1	59	63
n02094433_264.JPEG	8	4	61	60
n02094433_265.JPEG	0	2	63	52
n02094433_266.JPEG	18	10	63	63
n02094433_267.JPEG	2	5	63	57
n02094433_268.JPEG	16	7	63	55
n02094433_269.JPEG	0	24	33	63
n02094433_270.JPEG	7	0	63	63
n02094433_271.JPEG	5	0	62	63
n02094433_272.JPEG	0	1	63	63
n02094433_273.JPEG	0	0	63	63
n02094433_274.JPEG	7	12	63	58
n02094433_275.JPEG	0	0	63	63
n02094433_276.JPEG	15	22	34	55
n02094433_277.JPEG	0	22	36	49
n02094433_278.JPEG	0	0	63	63
n02094433_279.JPEG	0	2	61	56
n02094433_280.JPEG	0	1	63	63
n02094433_281.JPEG	26	17	45	40
n02094433_282.JPEG	12	7	63	63
n02094433_283.JPEG	24	18	52	63
n02094433_284.JPEG	17	20	37	34
n02094433_285.JPEG	3	16	24	63
n02094433_286.JPEG	0	0	63	63
n02094433_287.JPEG	7	5	51	62
n02094433_288.JPEG	0	16	31	62
n02094433_289.JPEG	0	4	62	63
n02094433_290.JPEG	6	8	53	56
n02094433_291.JPEG	29	14	63	63
n02094433_292.JPEG	0	9	46	61
n02094433_293.JPEG	5	5	46	40
n02094433_294.JPEG	14	8	63	61
n02094433_295.JPEG	3	9	58	63
n02094433_296.JPEG	27	1	53	35
n02094433_297.JPEG	0	10	59	51
n02094433_298.JPEG	1	0	63	63
n02094433_299.JPEG	6	0	58	63
n02094433_300.JPEG	10	0	57	63
n02094433_301.JPEG	14	0	62	63
n02094433_302.JPEG	13	21	63	62
n02094433_303.JPEG	0	23	38	57
n02094433_304.JPEG	0	0	63	63
n02094433_305.JPEG	6	4	54	62
n02094433_306.JPEG	2	7	63	61
n02094433_307.JPEG	7	18	49	63
n02094433_308.JPEG	4	28	21	57
n02094433_309.JPEG	3	0	52	63
n02094433_310.JPEG	13	8	52	60
n02094433_311.JPEG	0	4	50	63
n02094433_312.JPEG	16	16	53	62
n02094433_313.JPEG	0	0	55	63
n02094433_314.JPEG	6	1	61	63
n02094433_315.JPEG	0	3	63	54
n02094433_316.JPEG	4	2	57	59
n02094433_317.JPEG	1	11	61	56
n02094433_318.JPEG	20	3	63	62
n02094433_319.JPEG	0	4	48	63
n02094433_320.JPEG	28	29	41	39
n02094433_321.JPEG	9	3	57	55
n02094433_322.JPEG	21	24	48	62
n02094433_323.JPEG	12	9	61	46
n02094433_324.JPEG	8	16	30	54
n02094433_325.JPEG	16	18	48	57
n02094433_326.JPEG	22	10	35	26
n02094433_327.JPEG	20	8	46	51
n02094433_328.JPEG	19	37	46	63
n02094433_329.JPEG	1	0	63	63
n02094433_330.JPEG	0	1	63	63
n02094433_331.JPEG	29	10	62	63
n02094433_332.JPEG	0	15	22	45
n02094433_333.JPEG	12	1	63	63
n02094433_334.JPEG	0	8	63	56
n02094433_335.JPEG	15	15	57	63
n02094433_336.JPEG	0	2	63	63
n02094433_337.JPEG	18	19	49	52
n02094433_338.JPEG	37	11	63	63
n02094433_339.JPEG	6	2	35	60
n02094433_340.JPEG	9	7	58	63
n02094433_341.JPEG	3	6	58	56
n02094433_342.JPEG	10	16	61	59
n02094433_343.JPEG	19	12	47	54
n02094433_344.JPEG	1	0	63	63
n02094433_345.JPEG	2	0	61	63
n02094433_346.JPEG	2	0	63	63
n02094433_347.JPEG	0	0	63	63
n02094433_348.JPEG	15	13	43	62
n02094433_349.JPEG	22	0	63	63
n02094433_350.JPEG	1	0	63	63
n02094433_351.JPEG	7	17	55	63
n02094433_352.JPEG	23	15	54	47
n02094433_353.JPEG	12	11	39	50
n02094433_354.JPEG	0	0	63	63
n02094433_355.JPEG	0	0	63	63
n02094433_356.JPEG	17	0	63	63
n02094433_357.JPEG	2	2	57	61
n02094433_358.JPEG	0	0	63	63
n02094433_359.JPEG	0	1	63	63
n02094433_360.JPEG	51	5	63	63
n02094433_361.JPEG	21	13	55	43
n02094433_362.JPEG	0	0	55	63
n02094433_363.JPEG	21	15	43	54
n02094433_364.JPEG	6	0	59	63
n02094433_365.JPEG	25	16	47	57
n02094433_366.JPEG	0	8	37	51
n02094433_367.JPEG	12	10	49	63
n02094433_368.JPEG	17	3	56	60
n02094433_369.JPEG	3	0	58	63
n02094433_370.JPEG	16	25	42	45
n02094433_371.JPEG	12	4	51	53
n02094433_372.JPEG	13	2	58	63
n02094433_373.JPEG	0	0	63	63
n02094433_374.JPEG	4	1	45	47
n02094433_375.JPEG	15	5	63	63
n02094433_376.JPEG	22	1	63	63
n02094433_377.JPEG	0	14	56	62
n02094433_378.JPEG	1	0	59	63
n02094433_379.JPEG	0	0	54	63
n02094433_380.JPEG	0	4	63	63
n02094433_381.JPEG	0	1	30	63
n02094433_382.JPEG	39	35	51	55
n02094433_383.JPEG	20	8	63	63
n02094433_384.JPEG	2	1	63	63
n02094433_385.JPEG	0	6	63	60
n02094433_386.JPEG	31	6	63	63
n02094433_387.JPEG	1	2	63	63
n02094433_388.JPEG	6	4	63	63
n02094433_389.JPEG	7	10	38	62
n02094433_390.JPEG	14	3	61	63
n02094433_391.JPEG	0	1	63	63
n02094433_392.JPEG	0	4	63	63
n02094433_393.JPEG	13	9	42	57
n02094433_394.JPEG	44	32	63	63
n02094433_395.JPEG	6	0	63	63
n02094433_396.JPEG	0	16	42	63
n02094433_397.JPEG	26	14	43	37
n02094433_398.JPEG	24	16	43	50
n02094433_399.JPEG	5	12	56	60
n02094433_400.JPEG	0	6	63	63
n02094433_401.JPEG	2	1	63	53
n02094433_402.JPEG	6	12	61	43
n02094433_403.JPEG	0	0	63	63
n02094433_404.JPEG	10	10	57	49
n02094433_405.JPEG	4	0	60	63
n02094433_406.JPEG	0	15	59	61
n02094433_407.JPEG	24	7	47	57
n02094433_408.JPEG	20	12	54	50
n02094433_409.JPEG	0	8	63	50
n02094433_410.JPEG	5	0	55	63
n02094433_411.JPEG	0	1	63	61
n02094433_412.JPEG	8	7	63	63
n02094433_413.JPEG	34	6	63	53
n02094433_414.JPEG	37	10	63	36
n02094433_415.JPEG	15	14	51	51
n02094433_416.JPEG	37	2	63	60
n02094433_417.JPEG	9	9	63	63
n02094433_418.JPEG	3	6	63	60
n02094433_419.JPEG	0	0	63	63
n02094433_420.JPEG	1	0	59	63
n02094433_421.JPEG	10	0	54	63
n02094433_422.JPEG	0	0	60	63
n02094433_423.JPEG	6	2	53	56
n02094433_424.JPEG	0	0	63	63
n02094433_425.JPEG	35	3	58	38
n02094433_426.JPEG	0	1	63	61
n02094433_427.JPEG	8	1	37	53
n02094433_428.JPEG	11	4	63	63
n02094433_429.JPEG	11	4	54	63
n02094433_430.JPEG	9	3	55	62
n02094433_431.JPEG	53	27	63	38
n02094433_432.JPEG	0	1	62	63
n02094433_433.JPEG	0	0	63	63
n02094433_434.JPEG	7	1	63	63
n02094433_435.JPEG	6	0	54	63
n02094433_436.JPEG	0	27	30	51
n02094433_437.JPEG	16	6	58	63
n02094433_438.JPEG	2	13	63	61
n02094433_439.JPEG	39	5	60	43
n02094433_440.JPEG	1	0	63	63
n02094433_441.JPEG	3	3	63	62
n02094433_442.JPEG	9	2	51	63
n02094433_443.JPEG	33	5	43	19
n02094433_444.JPEG	7	1	54	60
n02094433_445.JPEG	42	29	63	62
n02094433_446.JPEG	0	0	63	63
n02094433_447.JPEG	0	2	63	63
n02094433_448.JPEG	0	1	63	63
n02094433_449.JPEG	3	0	62	63
n02094433_450.JPEG	0	1	63	59
n02094433_451.JPEG	0	1	63	63
n02094433_452.JPEG	5	3	60	61
n02094433_453.JPEG	0	0	63	63
n02094433_454.JPEG	10	1	56	63
n02094433_455.JPEG	16	7	63	57
n02094433_456.JPEG	6	7	63	63
n02094433_457.JPEG	4	0	63	56
n02094433_458.JPEG	3	0	58	62
n02094433_459.JPEG	0	7	30	58
n02094433_460.JPEG	9	0	63	63
n02094433_461.JPEG	39	0	63	51
n02094433_462.JPEG	47	3	63	46
n02094433_463.JPEG	42	21	63	52
n02094433_464.JPEG	0	0	63	63
n02094433_465.JPEG	17	1	63	62
n02094433_466.JPEG	5	0	59	63
n02094433_467.JPEG	6	28	37	63
n02094433_468.JPEG	14	11	53	54
n02094433_469.JPEG	9	12	51	52
n02094433_470.JPEG	1	31	30	63
n02094433_471.JPEG	10	11	63	63
n02094433_472.JPEG	5	1	63	63
n02094433_473.JPEG	9	0	58	63
n02094433_474.JPEG	1	2	63	63
n02094433_475.JPEG	10	0	63	63
n02094433_476.JPEG	11	2	56	63
n02094433_477.JPEG	1	2	60	63
n02094433_478.JPEG	0	0	63	63
n02094433_479.JPEG	0	27	46	63
n02094433_480.JPEG	2	10	60	62
n02094433_481.JPEG	0	1	63	63
n02094433_482.JPEG	0	1	63	63
n02094433_483.JPEG	28	17	41	29
n02094433_484.JPEG	10	0	54	63
n02094433_485.JPEG	1	1	63	63
n02094433_486.JPEG	0	0	63	63
n02094433_487.JPEG	6	12	63	63
n02094433_488.JPEG	14	36	43	63
n02094433_489.JPEG	22	6	63	52
n02094433_490.JPEG	46	28	63	44
n02094433_491.JPEG	14	0	51	63
n02094433_492.JPEG	9	0	55	63
n02094433_493.JPEG	1	0	63	63
n02094433_494.JPEG	7	11	60	61
n02094433_495.JPEG	8	8	48	51
n02094433_496.JPEG	0	17	63	63
n02094433_497.JPEG	8	0	56	62
n02094433_498.JPEG	26	10	59	49
n02094433_499.JPEG	37	27	63	63
