n02226429_0.JPEG	5	9	63	63
n02226429_1.JPEG	0	8	63	55
n02226429_2.JPEG	3	2	63	57
n02226429_3.JPEG	0	14	57	60
n02226429_4.JPEG	0	18	63	52
n02226429_5.JPEG	15	15	63	63
n02226429_6.JPEG	0	0	62	56
n02226429_7.JPEG	0	6	50	56
n02226429_8.JPEG	0	0	63	63
n02226429_9.JPEG	11	11	63	52
n02226429_10.JPEG	14	11	57	47
n02226429_11.JPEG	3	11	63	49
n02226429_12.JPEG	0	10	63	61
n02226429_13.JPEG	7	19	63	52
n02226429_14.JPEG	8	2	61	62
n02226429_15.JPEG	0	7	50	50
n02226429_16.JPEG	0	0	63	63
n02226429_17.JPEG	13	0	63	63
n02226429_18.JPEG	8	15	61	55
n02226429_19.JPEG	0	16	63	56
n02226429_20.JPEG	19	28	56	54
n02226429_21.JPEG	0	7	60	63
n02226429_22.JPEG	9	9	63	58
n02226429_23.JPEG	0	11	58	51
n02226429_24.JPEG	2	0	54	63
n02226429_25.JPEG	0	8	52	63
n02226429_26.JPEG	0	3	60	57
n02226429_27.JPEG	18	5	40	44
n02226429_28.JPEG	0	9	46	55
n02226429_29.JPEG	10	0	47	57
n02226429_30.JPEG	5	18	63	56
n02226429_31.JPEG	12	0	50	63
n02226429_32.JPEG	15	13	48	50
n02226429_33.JPEG	19	22	63	56
n02226429_34.JPEG	0	0	52	59
n02226429_35.JPEG	25	2	63	51
n02226429_36.JPEG	7	8	38	54
n02226429_37.JPEG	8	11	52	46
n02226429_38.JPEG	0	10	63	55
n02226429_39.JPEG	0	6	52	59
n02226429_40.JPEG	4	19	63	55
n02226429_41.JPEG	14	10	49	63
n02226429_42.JPEG	4	5	53	40
n02226429_43.JPEG	0	9	63	56
n02226429_44.JPEG	28	17	44	52
n02226429_45.JPEG	0	1	62	63
n02226429_46.JPEG	28	19	44	39
n02226429_47.JPEG	9	1	54	63
n02226429_48.JPEG	4	5	50	63
n02226429_49.JPEG	5	5	35	62
n02226429_50.JPEG	15	25	63	60
n02226429_51.JPEG	0	15	63	47
n02226429_52.JPEG	0	12	63	60
n02226429_53.JPEG	0	13	63	46
n02226429_54.JPEG	0	0	63	63
n02226429_55.JPEG	2	0	56	63
n02226429_56.JPEG	12	1	36	63
n02226429_57.JPEG	7	5	59	51
n02226429_58.JPEG	6	0	59	59
n02226429_59.JPEG	0	0	52	63
n02226429_60.JPEG	0	14	60	61
n02226429_61.JPEG	3	0	50	63
n02226429_62.JPEG	0	2	53	63
n02226429_63.JPEG	14	37	45	59
n02226429_64.JPEG	14	22	63	54
n02226429_65.JPEG	13	16	40	47
n02226429_66.JPEG	0	8	60	52
n02226429_67.JPEG	0	4	63	63
n02226429_68.JPEG	2	8	63	50
n02226429_69.JPEG	19	2	42	52
n02226429_70.JPEG	0	5	63	63
n02226429_71.JPEG	2	9	63	53
n02226429_72.JPEG	0	6	63	49
n02226429_73.JPEG	12	10	50	49
n02226429_74.JPEG	30	0	63	52
n02226429_75.JPEG	26	27	52	62
n02226429_76.JPEG	1	27	63	49
n02226429_77.JPEG	18	25	63	46
n02226429_78.JPEG	8	22	42	39
n02226429_79.JPEG	30	20	63	49
n02226429_80.JPEG	17	1	47	51
n02226429_81.JPEG	0	4	63	63
n02226429_82.JPEG	0	3	63	59
n02226429_83.JPEG	0	1	63	63
n02226429_84.JPEG	11	0	60	63
n02226429_85.JPEG	9	1	51	61
n02226429_86.JPEG	23	0	63	63
n02226429_87.JPEG	9	12	53	63
n02226429_88.JPEG	0	11	63	60
n02226429_89.JPEG	0	3	63	62
n02226429_90.JPEG	14	10	62	58
n02226429_91.JPEG	0	6	63	61
n02226429_92.JPEG	12	17	59	42
n02226429_93.JPEG	28	14	58	44
n02226429_94.JPEG	0	10	63	55
n02226429_95.JPEG	23	22	43	47
n02226429_96.JPEG	0	0	59	63
n02226429_97.JPEG	1	3	63	63
n02226429_98.JPEG	0	0	61	63
n02226429_99.JPEG	5	3	53	42
n02226429_100.JPEG	16	0	63	63
n02226429_101.JPEG	0	0	63	63
n02226429_102.JPEG	0	13	51	48
n02226429_103.JPEG	3	10	63	61
n02226429_104.JPEG	19	4	50	61
n02226429_105.JPEG	0	0	63	52
n02226429_106.JPEG	0	1	63	63
n02226429_107.JPEG	0	9	51	60
n02226429_108.JPEG	6	15	63	49
n02226429_109.JPEG	0	10	56	61
n02226429_110.JPEG	0	11	63	50
n02226429_111.JPEG	28	23	44	54
n02226429_112.JPEG	7	0	49	63
n02226429_113.JPEG	0	10	59	38
n02226429_114.JPEG	0	3	63	58
n02226429_115.JPEG	0	1	34	54
n02226429_116.JPEG	0	1	63	60
n02226429_117.JPEG	3	14	63	48
n02226429_118.JPEG	0	4	56	43
n02226429_119.JPEG	0	9	63	51
n02226429_120.JPEG	14	37	46	57
n02226429_121.JPEG	0	12	63	51
n02226429_122.JPEG	10	26	37	49
n02226429_123.JPEG	0	1	63	63
n02226429_124.JPEG	13	13	52	50
n02226429_125.JPEG	0	12	63	59
n02226429_126.JPEG	0	9	63	59
n02226429_127.JPEG	21	27	44	37
n02226429_128.JPEG	0	25	63	51
n02226429_129.JPEG	14	9	63	43
n02226429_130.JPEG	2	8	63	51
n02226429_131.JPEG	15	0	55	54
n02226429_132.JPEG	0	1	53	63
n02226429_133.JPEG	0	6	63	57
n02226429_134.JPEG	0	3	63	51
n02226429_135.JPEG	4	0	59	63
n02226429_136.JPEG	17	1	52	46
n02226429_137.JPEG	0	1	63	63
n02226429_138.JPEG	6	0	61	63
n02226429_139.JPEG	0	0	63	63
n02226429_140.JPEG	2	3	61	57
n02226429_141.JPEG	7	3	63	57
n02226429_142.JPEG	49	3	63	53
n02226429_143.JPEG	5	0	47	63
n02226429_144.JPEG	0	2	63	60
n02226429_145.JPEG	2	5	63	63
n02226429_146.JPEG	9	0	61	62
n02226429_147.JPEG	16	1	63	63
n02226429_148.JPEG	0	1	63	63
n02226429_149.JPEG	4	20	63	52
n02226429_150.JPEG	0	0	54	63
n02226429_151.JPEG	19	4	51	52
n02226429_152.JPEG	0	16	63	51
n02226429_153.JPEG	0	0	63	63
n02226429_154.JPEG	16	0	52	63
n02226429_155.JPEG	13	5	46	54
n02226429_156.JPEG	11	0	54	63
n02226429_157.JPEG	5	1	63	44
n02226429_158.JPEG	0	17	63	51
n02226429_159.JPEG	0	12	62	57
n02226429_160.JPEG	20	25	39	36
n02226429_161.JPEG	29	20	48	47
n02226429_162.JPEG	16	0	59	63
n02226429_163.JPEG	0	5	42	62
n02226429_164.JPEG	2	0	63	54
n02226429_165.JPEG	15	0	63	63
n02226429_166.JPEG	0	16	63	63
n02226429_167.JPEG	0	10	63	59
n02226429_168.JPEG	10	10	51	49
n02226429_169.JPEG	9	8	61	58
n02226429_170.JPEG	7	25	61	51
n02226429_171.JPEG	11	0	43	47
n02226429_172.JPEG	0	13	63	53
n02226429_173.JPEG	10	14	57	48
n02226429_174.JPEG	13	15	49	43
n02226429_175.JPEG	0	3	63	63
n02226429_176.JPEG	0	2	63	61
n02226429_177.JPEG	0	3	5	33
n02226429_178.JPEG	15	22	32	37
n02226429_179.JPEG	17	1	41	63
n02226429_180.JPEG	12	16	50	39
n02226429_181.JPEG	0	7	55	63
n02226429_182.JPEG	0	10	58	51
n02226429_183.JPEG	4	5	62	63
n02226429_184.JPEG	12	4	52	28
n02226429_185.JPEG	5	7	63	60
n02226429_186.JPEG	7	5	61	62
n02226429_187.JPEG	30	25	50	48
n02226429_188.JPEG	6	8	61	48
n02226429_189.JPEG	0	9	63	55
n02226429_190.JPEG	0	9	44	60
n02226429_191.JPEG	0	10	55	63
n02226429_192.JPEG	15	4	45	63
n02226429_193.JPEG	11	13	63	63
n02226429_194.JPEG	1	0	63	63
n02226429_195.JPEG	12	20	39	54
n02226429_196.JPEG	12	13	55	57
n02226429_197.JPEG	16	23	45	39
n02226429_198.JPEG	18	0	53	63
n02226429_199.JPEG	13	0	54	63
n02226429_200.JPEG	6	17	59	48
n02226429_201.JPEG	12	12	49	50
n02226429_202.JPEG	4	1	63	55
n02226429_203.JPEG	0	8	63	60
n02226429_204.JPEG	1	16	57	54
n02226429_205.JPEG	0	0	63	56
n02226429_206.JPEG	4	12	63	45
n02226429_207.JPEG	12	18	63	46
n02226429_208.JPEG	0	0	63	63
n02226429_209.JPEG	14	35	53	63
n02226429_210.JPEG	6	14	56	43
n02226429_211.JPEG	2	2	63	63
n02226429_212.JPEG	0	0	63	58
n02226429_213.JPEG	4	19	63	49
n02226429_214.JPEG	2	2	61	50
n02226429_215.JPEG	0	0	63	63
n02226429_216.JPEG	12	11	63	63
n02226429_217.JPEG	0	2	63	63
n02226429_218.JPEG	29	2	63	62
n02226429_219.JPEG	0	13	63	62
n02226429_220.JPEG	0	5	53	63
n02226429_221.JPEG	0	8	60	63
n02226429_222.JPEG	1	0	63	63
n02226429_223.JPEG	6	7	58	63
n02226429_224.JPEG	31	16	52	63
n02226429_225.JPEG	1	31	59	63
n02226429_226.JPEG	1	8	63	58
n02226429_227.JPEG	0	0	63	54
n02226429_228.JPEG	0	13	39	40
n02226429_229.JPEG	0	0	50	56
n02226429_230.JPEG	2	19	55	53
n02226429_231.JPEG	2	0	63	59
n02226429_232.JPEG	24	22	38	55
n02226429_233.JPEG	18	0	49	63
n02226429_234.JPEG	4	9	60	54
n02226429_235.JPEG	10	11	55	52
n02226429_236.JPEG	10	13	52	39
n02226429_237.JPEG	0	0	63	46
n02226429_238.JPEG	0	4	63	45
n02226429_239.JPEG	7	7	49	52
n02226429_240.JPEG	21	17	44	46
n02226429_241.JPEG	10	2	50	61
n02226429_242.JPEG	7	3	56	47
n02226429_243.JPEG	21	4	45	50
n02226429_244.JPEG	6	24	54	56
n02226429_245.JPEG	0	0	63	55
n02226429_246.JPEG	0	5	63	52
n02226429_247.JPEG	16	26	46	42
n02226429_248.JPEG	0	11	63	55
n02226429_249.JPEG	0	18	63	52
n02226429_250.JPEG	0	0	63	63
n02226429_251.JPEG	0	0	63	63
n02226429_252.JPEG	7	12	56	50
n02226429_253.JPEG	0	0	63	55
n02226429_254.JPEG	0	7	63	53
n02226429_255.JPEG	18	16	63	53
n02226429_256.JPEG	6	2	54	63
n02226429_257.JPEG	1	10	63	58
n02226429_258.JPEG	6	0	60	63
n02226429_259.JPEG	0	16	63	55
n02226429_260.JPEG	0	0	58	63
n02226429_261.JPEG	9	16	35	37
n02226429_262.JPEG	0	21	63	52
n02226429_263.JPEG	0	7	22	49
n02226429_264.JPEG	0	0	63	63
n02226429_265.JPEG	0	11	63	63
n02226429_266.JPEG	0	0	54	63
n02226429_267.JPEG	12	2	58	63
n02226429_268.JPEG	0	4	63	56
n02226429_269.JPEG	0	0	63	63
n02226429_270.JPEG	6	14	63	45
n02226429_271.JPEG	0	0	63	63
n02226429_272.JPEG	1	0	63	63
n02226429_273.JPEG	0	7	63	47
n02226429_274.JPEG	9	27	56	53
n02226429_275.JPEG	0	9	63	53
n02226429_276.JPEG	0	0	63	55
n02226429_277.JPEG	31	15	63	53
n02226429_278.JPEG	0	8	58	44
n02226429_279.JPEG	9	11	63	63
n02226429_280.JPEG	20	5	46	28
n02226429_281.JPEG	11	3	42	52
n02226429_282.JPEG	22	0	52	59
n02226429_283.JPEG	8	7	54	45
n02226429_284.JPEG	14	9	61	57
n02226429_285.JPEG	12	17	59	40
n02226429_286.JPEG	10	0	44	63
n02226429_287.JPEG	0	14	63	50
n02226429_288.JPEG	13	12	52	61
n02226429_289.JPEG	9	11	63	55
n02226429_290.JPEG	37	4	56	49
n02226429_291.JPEG	3	16	63	44
n02226429_292.JPEG	4	9	55	60
n02226429_293.JPEG	11	5	63	61
n02226429_294.JPEG	0	3	58	62
n02226429_295.JPEG	16	21	37	43
n02226429_296.JPEG	31	2	63	63
n02226429_297.JPEG	4	1	63	58
n02226429_298.JPEG	5	0	53	63
n02226429_299.JPEG	18	5	56	63
n02226429_300.JPEG	12	8	57	62
n02226429_301.JPEG	0	1	63	60
n02226429_302.JPEG	15	0	54	61
n02226429_303.JPEG	13	5	63	53
n02226429_304.JPEG	0	5	57	50
n02226429_305.JPEG	4	10	50	63
n02226429_306.JPEG	0	14	40	47
n02226429_307.JPEG	0	6	63	61
n02226429_308.JPEG	15	14	53	46
n02226429_309.JPEG	20	5	59	41
n02226429_310.JPEG	0	16	63	45
n02226429_311.JPEG	12	0	47	63
n02226429_312.JPEG	10	12	54	55
n02226429_313.JPEG	3	0	61	63
n02226429_314.JPEG	0	0	63	63
n02226429_315.JPEG	1	0	63	61
n02226429_316.JPEG	0	5	63	63
n02226429_317.JPEG	17	18	39	45
n02226429_318.JPEG	28	14	61	63
n02226429_319.JPEG	0	7	63	63
n02226429_320.JPEG	5	15	60	48
n02226429_321.JPEG	11	7	61	63
n02226429_322.JPEG	7	18	63	55
n02226429_323.JPEG	24	20	53	44
n02226429_324.JPEG	0	11	63	63
n02226429_325.JPEG	7	6	62	41
n02226429_326.JPEG	9	9	34	60
n02226429_327.JPEG	12	10	46	54
n02226429_328.JPEG	0	14	63	57
n02226429_329.JPEG	0	29	11	47
n02226429_330.JPEG	7	13	63	48
n02226429_331.JPEG	9	27	49	48
n02226429_332.JPEG	0	18	63	63
n02226429_333.JPEG	26	14	42	50
n02226429_334.JPEG	19	0	57	63
n02226429_335.JPEG	3	11	54	44
n02226429_336.JPEG	10	17	63	42
n02226429_337.JPEG	0	0	63	63
n02226429_338.JPEG	5	4	58	58
n02226429_339.JPEG	0	4	63	63
n02226429_340.JPEG	0	1	63	63
n02226429_341.JPEG	16	9	63	58
n02226429_342.JPEG	5	7	43	43
n02226429_343.JPEG	0	3	63	63
n02226429_344.JPEG	1	18	57	48
n02226429_345.JPEG	0	0	63	62
n02226429_346.JPEG	7	6	54	52
n02226429_347.JPEG	0	1	63	48
n02226429_348.JPEG	18	0	44	63
n02226429_349.JPEG	0	0	63	44
n02226429_350.JPEG	2	4	59	54
n02226429_351.JPEG	10	12	63	59
n02226429_352.JPEG	15	0	57	32
n02226429_353.JPEG	10	5	48	56
n02226429_354.JPEG	0	1	62	63
n02226429_355.JPEG	17	5	53	63
n02226429_356.JPEG	0	9	63	45
n02226429_357.JPEG	0	2	63	57
n02226429_358.JPEG	0	4	53	63
n02226429_359.JPEG	0	14	60	47
n02226429_360.JPEG	6	10	57	45
n02226429_361.JPEG	11	3	53	49
n02226429_362.JPEG	24	6	55	36
n02226429_363.JPEG	0	1	63	62
n02226429_364.JPEG	8	5	63	55
n02226429_365.JPEG	25	15	62	56
n02226429_366.JPEG	0	7	63	58
n02226429_367.JPEG	14	6	35	50
n02226429_368.JPEG	24	3	50	59
n02226429_369.JPEG	21	18	50	59
n02226429_370.JPEG	2	9	58	41
n02226429_371.JPEG	18	1	40	63
n02226429_372.JPEG	0	11	63	60
n02226429_373.JPEG	0	0	63	63
n02226429_374.JPEG	0	12	63	53
n02226429_375.JPEG	7	15	56	49
n02226429_376.JPEG	0	1	63	52
n02226429_377.JPEG	1	5	48	62
n02226429_378.JPEG	0	5	63	47
n02226429_379.JPEG	5	7	42	48
n02226429_380.JPEG	11	11	55	50
n02226429_381.JPEG	29	2	54	25
n02226429_382.JPEG	0	0	63	63
n02226429_383.JPEG	7	0	59	63
n02226429_384.JPEG	5	1	58	46
n02226429_385.JPEG	12	0	63	63
n02226429_386.JPEG	0	6	59	63
n02226429_387.JPEG	32	5	62	58
n02226429_388.JPEG	0	1	55	59
n02226429_389.JPEG	0	12	63	61
n02226429_390.JPEG	17	20	45	43
n02226429_391.JPEG	17	0	45	58
n02226429_392.JPEG	0	16	56	58
n02226429_393.JPEG	0	16	63	50
n02226429_394.JPEG	0	10	53	58
n02226429_395.JPEG	0	2	63	63
n02226429_396.JPEG	8	2	63	60
n02226429_397.JPEG	3	0	63	60
n02226429_398.JPEG	2	0	63	63
n02226429_399.JPEG	27	6	45	41
n02226429_400.JPEG	0	13	59	56
n02226429_401.JPEG	0	8	54	51
n02226429_402.JPEG	0	8	62	46
n02226429_403.JPEG	0	4	63	53
n02226429_404.JPEG	0	4	63	55
n02226429_405.JPEG	6	2	48	46
n02226429_406.JPEG	11	16	40	41
n02226429_407.JPEG	13	16	57	39
n02226429_408.JPEG	25	25	41	36
n02226429_409.JPEG	4	1	50	63
n02226429_410.JPEG	20	5	46	63
n02226429_411.JPEG	0	4	63	58
n02226429_412.JPEG	42	4	63	63
n02226429_413.JPEG	3	7	42	47
n02226429_414.JPEG	16	0	61	49
n02226429_415.JPEG	0	2	63	60
n02226429_416.JPEG	0	19	63	49
n02226429_417.JPEG	22	6	48	55
n02226429_418.JPEG	0	0	63	63
n02226429_419.JPEG	11	11	63	49
n02226429_420.JPEG	12	16	44	55
n02226429_421.JPEG	4	10	58	44
n02226429_422.JPEG	25	0	52	49
n02226429_423.JPEG	0	11	63	58
n02226429_424.JPEG	0	3	63	44
n02226429_425.JPEG	12	0	51	63
n02226429_426.JPEG	17	7	51	63
n02226429_427.JPEG	9	20	60	60
n02226429_428.JPEG	0	3	62	61
n02226429_429.JPEG	0	9	63	53
n02226429_430.JPEG	10	29	41	50
n02226429_431.JPEG	21	0	59	63
n02226429_432.JPEG	20	0	53	63
n02226429_433.JPEG	2	26	60	55
n02226429_434.JPEG	8	2	55	63
n02226429_435.JPEG	0	1	63	63
n02226429_436.JPEG	0	8	63	59
n02226429_437.JPEG	0	14	63	56
n02226429_438.JPEG	5	8	63	63
n02226429_439.JPEG	1	0	63	63
n02226429_440.JPEG	7	19	46	48
n02226429_441.JPEG	0	0	63	53
n02226429_442.JPEG	0	1	63	63
n02226429_443.JPEG	0	0	63	61
n02226429_444.JPEG	0	5	61	63
n02226429_445.JPEG	0	10	63	50
n02226429_446.JPEG	22	4	48	62
n02226429_447.JPEG	9	19	62	53
n02226429_448.JPEG	0	0	63	60
n02226429_449.JPEG	0	7	63	56
n02226429_450.JPEG	0	6	56	56
n02226429_451.JPEG	22	12	60	53
n02226429_452.JPEG	3	14	63	51
n02226429_453.JPEG	11	9	63	49
n02226429_454.JPEG	0	1	53	63
n02226429_455.JPEG	0	18	63	57
n02226429_456.JPEG	0	11	61	51
n02226429_457.JPEG	4	10	37	55
n02226429_458.JPEG	10	14	60	62
n02226429_459.JPEG	1	5	63	56
n02226429_460.JPEG	38	16	63	51
n02226429_461.JPEG	5	13	54	48
n02226429_462.JPEG	10	3	45	42
n02226429_463.JPEG	12	0	50	54
n02226429_464.JPEG	30	7	63	41
n02226429_465.JPEG	0	7	61	52
n02226429_466.JPEG	0	0	63	63
n02226429_467.JPEG	15	17	40	63
n02226429_468.JPEG	28	2	45	63
n02226429_469.JPEG	0	9	63	60
n02226429_470.JPEG	18	10	63	57
n02226429_471.JPEG	9	13	54	52
n02226429_472.JPEG	0	8	60	63
n02226429_473.JPEG	0	2	61	59
n02226429_474.JPEG	5	6	52	54
n02226429_475.JPEG	18	12	48	47
n02226429_476.JPEG	30	15	58	40
n02226429_477.JPEG	1	4	56	60
n02226429_478.JPEG	0	1	63	63
n02226429_479.JPEG	5	0	61	63
n02226429_480.JPEG	13	20	63	50
n02226429_481.JPEG	14	18	50	36
n02226429_482.JPEG	0	0	63	63
n02226429_483.JPEG	5	10	58	58
n02226429_484.JPEG	5	0	56	52
n02226429_485.JPEG	7	5	63	59
n02226429_486.JPEG	0	3	54	58
n02226429_487.JPEG	9	12	47	43
n02226429_488.JPEG	16	12	50	39
n02226429_489.JPEG	0	18	63	59
n02226429_490.JPEG	0	11	63	54
n02226429_491.JPEG	0	23	63	44
n02226429_492.JPEG	27	19	41	42
n02226429_493.JPEG	10	11	38	55
n02226429_494.JPEG	14	20	50	40
n02226429_495.JPEG	0	1	63	58
n02226429_496.JPEG	7	9	41	50
n02226429_497.JPEG	1	10	63	53
n02226429_498.JPEG	0	0	46	63
n02226429_499.JPEG	4	0	63	63
