n02058221_0.JPEG	0	8	37	42
n02058221_1.JPEG	10	0	56	63
n02058221_2.JPEG	0	2	63	61
n02058221_3.JPEG	0	9	49	53
n02058221_4.JPEG	10	15	49	48
n02058221_5.JPEG	3	24	63	59
n02058221_6.JPEG	0	24	35	41
n02058221_7.JPEG	7	5	46	56
n02058221_8.JPEG	19	15	45	51
n02058221_9.JPEG	0	13	57	54
n02058221_10.JPEG	0	3	63	62
n02058221_11.JPEG	22	0	54	56
n02058221_12.JPEG	0	9	60	63
n02058221_13.JPEG	7	3	54	63
n02058221_14.JPEG	0	17	41	63
n02058221_15.JPEG	0	14	45	53
n02058221_16.JPEG	18	23	63	57
n02058221_17.JPEG	0	1	63	63
n02058221_18.JPEG	3	11	63	58
n02058221_19.JPEG	0	1	63	59
n02058221_20.JPEG	0	0	63	63
n02058221_21.JPEG	33	39	63	49
n02058221_22.JPEG	14	7	51	63
n02058221_23.JPEG	22	25	40	46
n02058221_24.JPEG	0	5	41	55
n02058221_25.JPEG	15	14	26	45
n02058221_26.JPEG	18	17	27	31
n02058221_27.JPEG	1	7	21	39
n02058221_28.JPEG	34	27	61	46
n02058221_29.JPEG	4	11	60	44
n02058221_30.JPEG	5	0	63	63
n02058221_31.JPEG	0	21	63	50
n02058221_32.JPEG	9	12	56	56
n02058221_33.JPEG	0	3	59	45
n02058221_34.JPEG	20	1	55	61
n02058221_35.JPEG	47	1	61	17
n02058221_36.JPEG	0	3	63	63
n02058221_37.JPEG	0	9	37	42
n02058221_38.JPEG	25	28	63	49
n02058221_39.JPEG	17	34	43	42
n02058221_40.JPEG	0	11	63	41
n02058221_41.JPEG	0	16	28	63
n02058221_42.JPEG	31	15	63	42
n02058221_43.JPEG	0	11	63	58
n02058221_44.JPEG	18	24	50	52
n02058221_45.JPEG	6	11	63	63
n02058221_46.JPEG	0	10	14	36
n02058221_47.JPEG	0	6	32	63
n02058221_48.JPEG	0	12	63	53
n02058221_49.JPEG	4	5	63	63
n02058221_50.JPEG	30	12	63	59
n02058221_51.JPEG	20	24	50	41
n02058221_52.JPEG	0	12	63	52
n02058221_53.JPEG	40	2	53	16
n02058221_54.JPEG	0	0	63	63
n02058221_55.JPEG	19	8	44	60
n02058221_56.JPEG	4	16	45	42
n02058221_57.JPEG	0	5	60	63
n02058221_58.JPEG	25	0	55	63
n02058221_59.JPEG	14	20	63	45
n02058221_60.JPEG	2	16	47	47
n02058221_61.JPEG	25	17	55	39
n02058221_62.JPEG	0	29	30	34
n02058221_63.JPEG	5	13	63	41
n02058221_64.JPEG	13	9	52	39
n02058221_65.JPEG	0	5	63	56
n02058221_66.JPEG	6	0	41	63
n02058221_67.JPEG	0	18	12	43
n02058221_68.JPEG	0	0	61	63
n02058221_69.JPEG	10	23	47	48
n02058221_70.JPEG	30	10	52	27
n02058221_71.JPEG	10	20	63	63
n02058221_72.JPEG	12	0	48	35
n02058221_73.JPEG	0	13	59	47
n02058221_74.JPEG	0	2	63	61
n02058221_75.JPEG	0	30	37	57
n02058221_76.JPEG	0	30	63	61
n02058221_77.JPEG	0	0	63	57
n02058221_78.JPEG	2	21	23	48
n02058221_79.JPEG	10	24	35	52
n02058221_80.JPEG	19	0	48	59
n02058221_81.JPEG	6	3	58	62
n02058221_82.JPEG	18	9	63	53
n02058221_83.JPEG	1	2	56	63
n02058221_84.JPEG	17	29	32	52
n02058221_85.JPEG	8	13	51	52
n02058221_86.JPEG	0	1	63	63
n02058221_87.JPEG	15	3	51	63
n02058221_88.JPEG	6	10	52	54
n02058221_89.JPEG	0	20	63	59
n02058221_90.JPEG	0	5	63	63
n02058221_91.JPEG	18	17	51	47
n02058221_92.JPEG	0	0	63	59
n02058221_93.JPEG	8	5	52	63
n02058221_94.JPEG	32	11	54	52
n02058221_95.JPEG	23	14	49	46
n02058221_96.JPEG	0	22	63	63
n02058221_97.JPEG	45	19	63	43
n02058221_98.JPEG	0	14	48	54
n02058221_99.JPEG	7	20	63	47
n02058221_100.JPEG	24	31	33	40
n02058221_101.JPEG	0	11	63	63
n02058221_102.JPEG	7	11	63	55
n02058221_103.JPEG	28	13	43	33
n02058221_104.JPEG	8	15	61	56
n02058221_105.JPEG	0	13	62	53
n02058221_106.JPEG	3	34	63	56
n02058221_107.JPEG	1	23	44	58
n02058221_108.JPEG	4	23	40	56
n02058221_109.JPEG	5	24	53	53
n02058221_110.JPEG	37	8	54	63
n02058221_111.JPEG	28	16	56	56
n02058221_112.JPEG	0	7	52	63
n02058221_113.JPEG	10	13	57	60
n02058221_114.JPEG	5	7	57	27
n02058221_115.JPEG	26	5	63	58
n02058221_116.JPEG	0	9	42	52
n02058221_117.JPEG	0	10	63	63
n02058221_118.JPEG	57	15	63	31
n02058221_119.JPEG	15	0	63	63
n02058221_120.JPEG	6	0	63	63
n02058221_121.JPEG	37	7	63	63
n02058221_122.JPEG	2	8	63	42
n02058221_123.JPEG	34	15	63	53
n02058221_124.JPEG	0	0	50	61
n02058221_125.JPEG	3	48	12	57
n02058221_126.JPEG	9	22	38	52
n02058221_127.JPEG	14	0	63	63
n02058221_128.JPEG	0	5	63	63
n02058221_129.JPEG	30	11	60	50
n02058221_130.JPEG	4	1	63	52
n02058221_131.JPEG	9	12	34	25
n02058221_132.JPEG	2	6	49	62
n02058221_133.JPEG	29	20	58	58
n02058221_134.JPEG	9	8	63	47
n02058221_135.JPEG	29	0	63	30
n02058221_136.JPEG	13	16	63	63
n02058221_137.JPEG	0	0	63	63
n02058221_138.JPEG	0	0	41	63
n02058221_139.JPEG	2	8	63	51
n02058221_140.JPEG	0	11	63	44
n02058221_141.JPEG	7	7	63	60
n02058221_142.JPEG	5	12	59	49
n02058221_143.JPEG	3	26	63	63
n02058221_144.JPEG	23	20	46	38
n02058221_145.JPEG	0	26	28	45
n02058221_146.JPEG	38	21	50	53
n02058221_147.JPEG	18	20	63	58
n02058221_148.JPEG	0	15	61	42
n02058221_149.JPEG	0	15	63	48
n02058221_150.JPEG	0	10	63	63
n02058221_151.JPEG	0	21	63	42
n02058221_152.JPEG	0	16	63	43
n02058221_153.JPEG	0	13	63	63
n02058221_154.JPEG	0	22	63	45
n02058221_155.JPEG	0	1	63	63
n02058221_156.JPEG	7	1	53	60
n02058221_157.JPEG	1	18	60	63
n02058221_158.JPEG	0	11	63	59
n02058221_159.JPEG	0	6	63	55
n02058221_160.JPEG	0	4	55	63
n02058221_161.JPEG	0	8	63	49
n02058221_162.JPEG	17	1	41	59
n02058221_163.JPEG	1	23	63	49
n02058221_164.JPEG	24	26	63	58
n02058221_165.JPEG	19	24	42	48
n02058221_166.JPEG	3	21	39	43
n02058221_167.JPEG	35	15	53	33
n02058221_168.JPEG	8	9	60	45
n02058221_169.JPEG	19	6	34	37
n02058221_170.JPEG	2	9	63	63
n02058221_171.JPEG	0	4	63	55
n02058221_172.JPEG	20	21	63	63
n02058221_173.JPEG	5	0	63	63
n02058221_174.JPEG	35	4	63	63
n02058221_175.JPEG	0	0	63	63
n02058221_176.JPEG	0	20	63	46
n02058221_177.JPEG	5	10	63	63
n02058221_178.JPEG	31	37	40	45
n02058221_179.JPEG	1	12	63	45
n02058221_180.JPEG	5	9	63	57
n02058221_181.JPEG	0	28	63	53
n02058221_182.JPEG	31	22	56	42
n02058221_183.JPEG	0	3	37	63
n02058221_184.JPEG	16	33	53	43
n02058221_185.JPEG	1	21	42	45
n02058221_186.JPEG	23	13	63	30
n02058221_187.JPEG	14	17	52	60
n02058221_188.JPEG	17	17	50	48
n02058221_189.JPEG	0	13	63	63
n02058221_190.JPEG	13	6	63	63
n02058221_191.JPEG	10	4	56	61
n02058221_192.JPEG	0	5	63	55
n02058221_193.JPEG	30	0	49	63
n02058221_194.JPEG	4	5	63	63
n02058221_195.JPEG	0	6	63	63
n02058221_196.JPEG	16	28	36	44
n02058221_197.JPEG	0	27	63	54
n02058221_198.JPEG	4	3	52	54
n02058221_199.JPEG	0	26	63	50
n02058221_200.JPEG	0	1	63	63
n02058221_201.JPEG	0	3	53	63
n02058221_202.JPEG	5	18	46	43
n02058221_203.JPEG	19	11	63	51
n02058221_204.JPEG	16	18	60	44
n02058221_205.JPEG	3	0	63	63
n02058221_206.JPEG	5	0	47	63
n02058221_207.JPEG	13	5	63	63
n02058221_208.JPEG	19	30	38	48
n02058221_209.JPEG	19	10	42	51
n02058221_210.JPEG	25	22	36	49
n02058221_211.JPEG	20	6	63	58
n02058221_212.JPEG	0	17	28	57
n02058221_213.JPEG	1	18	52	35
n02058221_214.JPEG	9	21	44	52
n02058221_215.JPEG	3	0	63	63
n02058221_216.JPEG	1	12	63	56
n02058221_217.JPEG	0	10	59	63
n02058221_218.JPEG	18	19	33	36
n02058221_219.JPEG	26	34	39	42
n02058221_220.JPEG	32	11	63	56
n02058221_221.JPEG	0	9	63	55
n02058221_222.JPEG	21	20	46	62
n02058221_223.JPEG	0	18	63	63
n02058221_224.JPEG	11	17	61	57
n02058221_225.JPEG	25	12	60	58
n02058221_226.JPEG	0	6	63	46
n02058221_227.JPEG	8	0	60	63
n02058221_228.JPEG	23	7	50	59
n02058221_229.JPEG	17	6	56	60
n02058221_230.JPEG	16	34	25	52
n02058221_231.JPEG	12	0	53	63
n02058221_232.JPEG	0	20	63	47
n02058221_233.JPEG	1	10	61	55
n02058221_234.JPEG	0	27	27	61
n02058221_235.JPEG	17	14	45	50
n02058221_236.JPEG	39	9	63	42
n02058221_237.JPEG	0	2	63	63
n02058221_238.JPEG	14	21	49	49
n02058221_239.JPEG	9	21	44	41
n02058221_240.JPEG	18	14	48	62
n02058221_241.JPEG	0	18	56	33
n02058221_242.JPEG	11	0	62	63
n02058221_243.JPEG	0	5	51	61
n02058221_244.JPEG	6	18	63	61
n02058221_245.JPEG	0	17	56	45
n02058221_246.JPEG	0	0	63	63
n02058221_247.JPEG	0	11	63	63
n02058221_248.JPEG	15	9	63	63
n02058221_249.JPEG	3	10	62	63
n02058221_250.JPEG	0	2	63	62
n02058221_251.JPEG	0	5	63	54
n02058221_252.JPEG	0	15	54	52
n02058221_253.JPEG	1	15	55	37
n02058221_254.JPEG	0	0	61	63
n02058221_255.JPEG	11	0	63	58
n02058221_256.JPEG	5	15	52	39
n02058221_257.JPEG	8	3	56	40
n02058221_258.JPEG	10	18	57	40
n02058221_259.JPEG	0	11	63	55
n02058221_260.JPEG	6	12	59	56
n02058221_261.JPEG	29	4	58	44
n02058221_262.JPEG	13	7	38	58
n02058221_263.JPEG	0	12	55	51
n02058221_264.JPEG	5	24	49	53
n02058221_265.JPEG	10	13	52	50
n02058221_266.JPEG	15	9	51	54
n02058221_267.JPEG	25	3	51	63
n02058221_268.JPEG	0	10	55	43
n02058221_269.JPEG	35	36	42	41
n02058221_270.JPEG	0	13	63	54
n02058221_271.JPEG	2	23	45	41
n02058221_272.JPEG	40	32	63	46
n02058221_273.JPEG	7	6	50	53
n02058221_274.JPEG	10	14	52	56
n02058221_275.JPEG	26	40	63	63
n02058221_276.JPEG	8	12	45	63
n02058221_277.JPEG	28	5	63	59
n02058221_278.JPEG	0	0	63	63
n02058221_279.JPEG	22	6	42	46
n02058221_280.JPEG	25	23	37	31
n02058221_281.JPEG	9	4	63	59
n02058221_282.JPEG	8	17	45	50
n02058221_283.JPEG	11	9	63	15
n02058221_284.JPEG	0	22	63	51
n02058221_285.JPEG	0	5	63	63
n02058221_286.JPEG	0	23	63	45
n02058221_287.JPEG	7	7	55	63
n02058221_288.JPEG	10	4	57	60
n02058221_289.JPEG	28	28	46	62
n02058221_290.JPEG	0	11	50	48
n02058221_291.JPEG	1	14	48	63
n02058221_292.JPEG	0	10	63	56
n02058221_293.JPEG	25	10	54	43
n02058221_294.JPEG	0	12	63	47
n02058221_295.JPEG	25	4	63	62
n02058221_296.JPEG	0	11	63	45
n02058221_297.JPEG	25	1	48	23
n02058221_298.JPEG	0	2	63	63
n02058221_299.JPEG	5	21	63	60
n02058221_300.JPEG	1	21	63	61
n02058221_301.JPEG	6	0	30	38
n02058221_302.JPEG	18	26	63	46
n02058221_303.JPEG	14	8	63	62
n02058221_304.JPEG	0	34	63	55
n02058221_305.JPEG	5	0	58	63
n02058221_306.JPEG	14	6	62	63
n02058221_307.JPEG	0	30	63	56
n02058221_308.JPEG	0	7	14	63
n02058221_309.JPEG	12	22	57	63
n02058221_310.JPEG	5	7	40	43
n02058221_311.JPEG	2	17	52	42
n02058221_312.JPEG	19	7	47	61
n02058221_313.JPEG	27	16	59	27
n02058221_314.JPEG	0	5	63	52
n02058221_315.JPEG	13	16	53	58
n02058221_316.JPEG	2	2	47	62
n02058221_317.JPEG	13	14	62	56
n02058221_318.JPEG	6	19	57	55
n02058221_319.JPEG	14	6	63	54
n02058221_320.JPEG	14	5	63	58
n02058221_321.JPEG	19	8	63	50
n02058221_322.JPEG	0	12	27	54
n02058221_323.JPEG	0	3	63	50
n02058221_324.JPEG	0	31	11	57
n02058221_325.JPEG	19	5	34	36
n02058221_326.JPEG	6	9	46	61
n02058221_327.JPEG	0	6	63	63
n02058221_328.JPEG	10	23	51	60
n02058221_329.JPEG	0	18	63	49
n02058221_330.JPEG	15	21	54	50
n02058221_331.JPEG	41	39	63	50
n02058221_332.JPEG	11	1	36	63
n02058221_333.JPEG	0	0	53	63
n02058221_334.JPEG	0	13	47	63
n02058221_335.JPEG	0	17	63	57
n02058221_336.JPEG	5	0	55	63
n02058221_337.JPEG	1	5	52	63
n02058221_338.JPEG	0	8	57	57
n02058221_339.JPEG	0	23	31	47
n02058221_340.JPEG	0	6	63	62
n02058221_341.JPEG	1	7	39	31
n02058221_342.JPEG	8	11	63	53
n02058221_343.JPEG	0	26	63	48
n02058221_344.JPEG	0	0	39	57
n02058221_345.JPEG	6	21	47	63
n02058221_346.JPEG	15	0	61	63
n02058221_347.JPEG	19	4	63	63
n02058221_348.JPEG	32	7	50	59
n02058221_349.JPEG	24	12	60	51
n02058221_350.JPEG	12	16	46	42
n02058221_351.JPEG	0	17	46	56
n02058221_352.JPEG	0	9	53	61
n02058221_353.JPEG	0	14	63	56
n02058221_354.JPEG	0	8	63	63
n02058221_355.JPEG	47	41	63	58
n02058221_356.JPEG	0	4	63	62
n02058221_357.JPEG	2	4	61	63
n02058221_358.JPEG	0	8	43	41
n02058221_359.JPEG	4	0	60	63
n02058221_360.JPEG	39	5	63	32
n02058221_361.JPEG	0	8	63	63
n02058221_362.JPEG	9	0	55	50
n02058221_363.JPEG	22	10	59	59
n02058221_364.JPEG	0	8	63	52
n02058221_365.JPEG	19	10	63	45
n02058221_366.JPEG	21	31	44	50
n02058221_367.JPEG	9	12	56	37
n02058221_368.JPEG	20	17	40	37
n02058221_369.JPEG	3	27	47	52
n02058221_370.JPEG	20	27	30	37
n02058221_371.JPEG	0	29	31	54
n02058221_372.JPEG	0	11	40	50
n02058221_373.JPEG	0	10	63	59
n02058221_374.JPEG	0	6	40	59
n02058221_375.JPEG	0	0	63	55
n02058221_376.JPEG	0	10	63	29
n02058221_377.JPEG	43	20	63	63
n02058221_378.JPEG	0	16	63	47
n02058221_379.JPEG	41	25	63	60
n02058221_380.JPEG	0	18	28	50
n02058221_381.JPEG	9	3	54	63
n02058221_382.JPEG	3	14	51	53
n02058221_383.JPEG	23	6	40	58
n02058221_384.JPEG	1	14	63	56
n02058221_385.JPEG	0	13	63	44
n02058221_386.JPEG	16	0	45	63
n02058221_387.JPEG	1	9	63	58
n02058221_388.JPEG	0	9	63	50
n02058221_389.JPEG	6	16	52	39
n02058221_390.JPEG	40	6	57	53
n02058221_391.JPEG	16	2	49	32
n02058221_392.JPEG	29	27	63	34
n02058221_393.JPEG	0	6	63	59
n02058221_394.JPEG	0	7	63	63
n02058221_395.JPEG	0	4	17	63
n02058221_396.JPEG	22	24	63	45
n02058221_397.JPEG	0	0	59	63
n02058221_398.JPEG	18	10	52	56
n02058221_399.JPEG	0	16	55	54
n02058221_400.JPEG	0	1	63	59
n02058221_401.JPEG	6	18	55	44
n02058221_402.JPEG	20	14	55	53
n02058221_403.JPEG	11	18	54	48
n02058221_404.JPEG	22	21	63	54
n02058221_405.JPEG	14	11	51	58
n02058221_406.JPEG	0	21	63	43
n02058221_407.JPEG	0	8	13	63
n02058221_408.JPEG	9	13	50	53
n02058221_409.JPEG	6	33	38	52
n02058221_410.JPEG	0	14	63	52
n02058221_411.JPEG	15	21	63	39
n02058221_412.JPEG	0	0	55	63
n02058221_413.JPEG	18	37	51	62
n02058221_414.JPEG	16	16	57	54
n02058221_415.JPEG	11	18	49	63
n02058221_416.JPEG	22	23	46	52
n02058221_417.JPEG	17	35	26	41
n02058221_418.JPEG	0	5	63	62
n02058221_419.JPEG	8	21	63	51
n02058221_420.JPEG	0	8	50	60
n02058221_421.JPEG	0	25	63	63
n02058221_422.JPEG	7	12	63	47
n02058221_423.JPEG	41	10	63	31
n02058221_424.JPEG	23	28	46	51
n02058221_425.JPEG	21	16	43	47
n02058221_426.JPEG	0	6	63	43
n02058221_427.JPEG	13	2	44	62
n02058221_428.JPEG	13	3	63	61
n02058221_429.JPEG	6	5	56	62
n02058221_430.JPEG	23	25	63	63
n02058221_431.JPEG	12	17	54	55
n02058221_432.JPEG	0	5	38	55
n02058221_433.JPEG	0	20	63	48
n02058221_434.JPEG	0	1	63	63
n02058221_435.JPEG	33	31	63	54
n02058221_436.JPEG	0	19	54	53
n02058221_437.JPEG	3	16	63	54
n02058221_438.JPEG	0	3	58	54
n02058221_439.JPEG	29	29	39	35
n02058221_440.JPEG	0	11	63	58
n02058221_441.JPEG	17	0	46	63
n02058221_442.JPEG	20	21	38	26
n02058221_443.JPEG	22	12	63	63
n02058221_444.JPEG	0	1	63	49
n02058221_445.JPEG	6	4	63	63
n02058221_446.JPEG	0	5	63	54
n02058221_447.JPEG	17	9	56	61
n02058221_448.JPEG	20	9	44	63
n02058221_449.JPEG	0	9	63	63
n02058221_450.JPEG	0	0	51	63
n02058221_451.JPEG	15	22	40	44
n02058221_452.JPEG	51	37	63	62
n02058221_453.JPEG	5	30	28	56
n02058221_454.JPEG	0	5	36	62
n02058221_455.JPEG	19	5	46	54
n02058221_456.JPEG	3	18	63	54
n02058221_457.JPEG	38	19	63	46
n02058221_458.JPEG	0	20	57	49
n02058221_459.JPEG	8	13	63	52
n02058221_460.JPEG	19	19	63	53
n02058221_461.JPEG	11	5	32	47
n02058221_462.JPEG	12	17	44	51
n02058221_463.JPEG	19	2	53	61
n02058221_464.JPEG	19	17	29	39
n02058221_465.JPEG	1	9	44	62
n02058221_466.JPEG	43	21	63	36
n02058221_467.JPEG	0	5	63	63
n02058221_468.JPEG	0	0	63	58
n02058221_469.JPEG	0	8	45	63
n02058221_470.JPEG	5	23	57	60
n02058221_471.JPEG	17	3	41	63
n02058221_472.JPEG	0	4	60	56
n02058221_473.JPEG	0	9	60	45
n02058221_474.JPEG	28	2	63	63
n02058221_475.JPEG	9	12	63	60
n02058221_476.JPEG	5	11	35	51
n02058221_477.JPEG	19	7	52	47
n02058221_478.JPEG	19	23	63	39
n02058221_479.JPEG	10	25	49	41
n02058221_480.JPEG	0	2	63	63
n02058221_481.JPEG	17	27	24	34
n02058221_482.JPEG	10	34	51	49
n02058221_483.JPEG	3	8	50	56
n02058221_484.JPEG	0	25	63	43
n02058221_485.JPEG	0	0	63	63
n02058221_486.JPEG	11	5	44	60
n02058221_487.JPEG	62	20	63	31
n02058221_488.JPEG	28	22	44	32
n02058221_489.JPEG	14	16	63	48
n02058221_490.JPEG	0	28	63	51
n02058221_491.JPEG	0	0	59	54
n02058221_492.JPEG	2	6	56	57
n02058221_493.JPEG	0	17	62	63
n02058221_494.JPEG	0	7	63	55
n02058221_495.JPEG	18	24	46	48
n02058221_496.JPEG	0	17	47	60
n02058221_497.JPEG	0	19	63	46
n02058221_498.JPEG	30	8	63	63
n02058221_499.JPEG	0	16	63	63
