n03042490_0.JPEG	0	0	63	63
n03042490_1.JPEG	0	7	63	63
n03042490_2.JPEG	0	1	63	63
n03042490_3.JPEG	0	0	63	63
n03042490_4.JPEG	33	17	63	51
n03042490_5.JPEG	0	14	63	50
n03042490_6.JPEG	1	0	63	63
n03042490_7.JPEG	0	21	63	41
n03042490_8.JPEG	0	0	63	22
n03042490_9.JPEG	0	1	63	63
n03042490_10.JPEG	0	1	63	63
n03042490_11.JPEG	0	13	56	46
n03042490_12.JPEG	1	0	63	63
n03042490_13.JPEG	7	23	63	54
n03042490_14.JPEG	19	24	32	50
n03042490_15.JPEG	0	4	63	63
n03042490_16.JPEG	17	8	46	28
n03042490_17.JPEG	0	14	63	63
n03042490_18.JPEG	14	20	36	38
n03042490_19.JPEG	0	0	63	63
n03042490_20.JPEG	24	43	29	46
n03042490_21.JPEG	7	28	25	36
n03042490_22.JPEG	1	0	63	63
n03042490_23.JPEG	36	42	63	54
n03042490_24.JPEG	19	24	35	37
n03042490_25.JPEG	0	0	63	63
n03042490_26.JPEG	0	1	53	63
n03042490_27.JPEG	0	1	63	63
n03042490_28.JPEG	0	1	63	63
n03042490_29.JPEG	0	0	63	63
n03042490_30.JPEG	14	36	44	52
n03042490_31.JPEG	0	1	63	63
n03042490_32.JPEG	0	1	59	43
n03042490_33.JPEG	29	24	52	61
n03042490_34.JPEG	23	20	47	44
n03042490_35.JPEG	0	0	56	63
n03042490_36.JPEG	3	31	63	63
n03042490_37.JPEG	49	28	54	35
n03042490_38.JPEG	0	16	63	63
n03042490_39.JPEG	7	12	20	33
n03042490_40.JPEG	0	1	63	63
n03042490_41.JPEG	0	8	63	47
n03042490_42.JPEG	0	1	59	63
n03042490_43.JPEG	0	21	63	63
n03042490_44.JPEG	0	0	63	48
n03042490_45.JPEG	0	0	63	47
n03042490_46.JPEG	0	1	63	63
n03042490_47.JPEG	0	0	63	46
n03042490_48.JPEG	0	0	63	63
n03042490_49.JPEG	0	0	63	63
n03042490_50.JPEG	10	17	60	54
n03042490_51.JPEG	9	20	27	37
n03042490_52.JPEG	0	33	31	55
n03042490_53.JPEG	1	20	63	38
n03042490_54.JPEG	23	27	33	35
n03042490_55.JPEG	0	0	63	27
n03042490_56.JPEG	0	0	63	63
n03042490_57.JPEG	0	10	63	63
n03042490_58.JPEG	0	22	63	63
n03042490_59.JPEG	1	14	63	56
n03042490_60.JPEG	0	0	63	16
n03042490_61.JPEG	2	25	34	56
n03042490_62.JPEG	0	4	63	63
n03042490_63.JPEG	8	10	55	40
n03042490_64.JPEG	0	1	63	63
n03042490_65.JPEG	0	14	63	49
n03042490_66.JPEG	0	21	63	63
n03042490_67.JPEG	25	24	63	51
n03042490_68.JPEG	0	1	63	57
n03042490_69.JPEG	9	38	19	56
n03042490_70.JPEG	24	0	63	53
n03042490_71.JPEG	0	1	63	63
n03042490_72.JPEG	0	0	63	63
n03042490_73.JPEG	7	14	51	49
n03042490_74.JPEG	0	0	63	57
n03042490_75.JPEG	0	1	63	51
n03042490_76.JPEG	39	26	51	35
n03042490_77.JPEG	6	33	63	53
n03042490_78.JPEG	47	26	49	32
n03042490_79.JPEG	0	21	63	63
n03042490_80.JPEG	8	0	50	14
n03042490_81.JPEG	24	32	37	40
n03042490_82.JPEG	0	3	63	63
n03042490_83.JPEG	0	0	63	63
n03042490_84.JPEG	11	25	26	41
n03042490_85.JPEG	0	0	63	45
n03042490_86.JPEG	0	0	63	63
n03042490_87.JPEG	0	0	63	63
n03042490_88.JPEG	0	12	63	58
n03042490_89.JPEG	3	21	25	61
n03042490_90.JPEG	0	0	63	63
n03042490_91.JPEG	10	32	51	44
n03042490_92.JPEG	16	1	53	10
n03042490_93.JPEG	9	0	61	31
n03042490_94.JPEG	0	0	63	63
n03042490_95.JPEG	26	46	45	63
n03042490_96.JPEG	0	0	63	63
n03042490_97.JPEG	18	36	19	38
n03042490_98.JPEG	0	33	56	52
n03042490_99.JPEG	0	6	63	47
n03042490_100.JPEG	20	23	45	38
n03042490_101.JPEG	0	1	59	49
n03042490_102.JPEG	0	12	63	63
n03042490_103.JPEG	0	1	63	63
n03042490_104.JPEG	0	27	63	63
n03042490_105.JPEG	18	20	43	25
n03042490_106.JPEG	1	0	63	63
n03042490_107.JPEG	0	1	63	63
n03042490_108.JPEG	0	19	50	63
n03042490_109.JPEG	0	0	63	63
n03042490_110.JPEG	0	0	63	63
n03042490_111.JPEG	15	2	63	63
n03042490_112.JPEG	18	39	21	47
n03042490_113.JPEG	0	16	63	63
n03042490_114.JPEG	11	7	58	54
n03042490_115.JPEG	9	0	63	63
n03042490_116.JPEG	0	0	63	63
n03042490_117.JPEG	0	1	63	63
n03042490_118.JPEG	0	0	63	27
n03042490_119.JPEG	21	40	42	52
n03042490_120.JPEG	26	20	32	30
n03042490_121.JPEG	1	0	63	63
n03042490_122.JPEG	20	63	36	63
n03042490_123.JPEG	0	4	63	62
n03042490_124.JPEG	30	35	41	46
n03042490_125.JPEG	0	17	63	63
n03042490_126.JPEG	0	0	63	38
n03042490_127.JPEG	13	0	55	63
n03042490_128.JPEG	8	31	26	40
n03042490_129.JPEG	0	0	63	63
n03042490_130.JPEG	0	1	63	50
n03042490_131.JPEG	0	0	63	63
n03042490_132.JPEG	18	10	35	32
n03042490_133.JPEG	0	1	63	63
n03042490_134.JPEG	0	1	63	28
n03042490_135.JPEG	0	0	42	63
n03042490_136.JPEG	7	9	15	20
n03042490_137.JPEG	0	1	63	61
n03042490_138.JPEG	12	0	63	63
n03042490_139.JPEG	0	0	63	63
n03042490_140.JPEG	5	20	63	63
n03042490_141.JPEG	0	21	63	58
n03042490_142.JPEG	18	20	45	43
n03042490_143.JPEG	0	0	63	40
n03042490_144.JPEG	0	1	63	63
n03042490_145.JPEG	36	30	44	45
n03042490_146.JPEG	0	0	63	63
n03042490_147.JPEG	0	1	63	63
n03042490_148.JPEG	0	0	63	63
n03042490_149.JPEG	0	14	63	47
n03042490_150.JPEG	0	1	63	63
n03042490_151.JPEG	0	1	63	63
n03042490_152.JPEG	0	0	63	63
n03042490_153.JPEG	16	25	43	39
n03042490_154.JPEG	29	17	51	40
n03042490_155.JPEG	30	33	34	40
n03042490_156.JPEG	1	0	63	63
n03042490_157.JPEG	16	19	37	38
n03042490_158.JPEG	0	18	63	63
n03042490_159.JPEG	0	35	11	62
n03042490_160.JPEG	0	9	59	27
n03042490_161.JPEG	1	0	63	63
n03042490_162.JPEG	0	1	63	46
n03042490_163.JPEG	0	0	63	63
n03042490_164.JPEG	15	11	47	58
n03042490_165.JPEG	0	0	63	63
n03042490_166.JPEG	0	0	63	63
n03042490_167.JPEG	33	25	57	58
n03042490_168.JPEG	0	0	63	63
n03042490_169.JPEG	0	24	11	38
n03042490_170.JPEG	0	0	63	63
n03042490_171.JPEG	26	17	40	33
n03042490_172.JPEG	0	16	63	49
n03042490_173.JPEG	0	32	63	56
n03042490_174.JPEG	0	18	63	63
n03042490_175.JPEG	0	1	63	63
n03042490_176.JPEG	30	0	63	41
n03042490_177.JPEG	0	0	63	63
n03042490_178.JPEG	0	18	62	63
n03042490_179.JPEG	0	0	63	63
n03042490_180.JPEG	0	1	63	63
n03042490_181.JPEG	40	35	62	41
n03042490_182.JPEG	0	19	63	59
n03042490_183.JPEG	0	3	63	49
n03042490_184.JPEG	0	0	63	63
n03042490_185.JPEG	1	0	57	63
n03042490_186.JPEG	0	1	63	63
n03042490_187.JPEG	0	1	63	63
n03042490_188.JPEG	0	33	63	63
n03042490_189.JPEG	0	7	63	63
n03042490_190.JPEG	5	26	13	39
n03042490_191.JPEG	13	25	27	41
n03042490_192.JPEG	0	8	63	61
n03042490_193.JPEG	0	1	63	63
n03042490_194.JPEG	1	27	63	42
n03042490_195.JPEG	0	0	63	63
n03042490_196.JPEG	0	1	63	56
n03042490_197.JPEG	0	0	63	63
n03042490_198.JPEG	0	3	63	63
n03042490_199.JPEG	0	5	63	57
n03042490_200.JPEG	0	1	63	52
n03042490_201.JPEG	0	0	63	63
n03042490_202.JPEG	15	11	56	50
n03042490_203.JPEG	0	10	63	45
n03042490_204.JPEG	0	20	63	47
n03042490_205.JPEG	0	2	63	57
n03042490_206.JPEG	24	0	63	63
n03042490_207.JPEG	1	0	63	63
n03042490_208.JPEG	0	0	63	63
n03042490_209.JPEG	0	0	63	63
n03042490_210.JPEG	0	21	63	36
n03042490_211.JPEG	0	1	63	63
n03042490_212.JPEG	1	9	63	63
n03042490_213.JPEG	0	19	62	45
n03042490_214.JPEG	1	0	63	63
n03042490_215.JPEG	0	0	63	63
n03042490_216.JPEG	22	19	44	40
n03042490_217.JPEG	7	5	23	26
n03042490_218.JPEG	9	38	52	47
n03042490_219.JPEG	0	10	63	48
n03042490_220.JPEG	0	7	53	41
n03042490_221.JPEG	0	1	63	57
n03042490_222.JPEG	0	0	63	63
n03042490_223.JPEG	3	20	63	48
n03042490_224.JPEG	0	4	63	63
n03042490_225.JPEG	15	25	45	41
n03042490_226.JPEG	1	0	63	63
n03042490_227.JPEG	42	31	63	53
n03042490_228.JPEG	11	29	55	40
n03042490_229.JPEG	5	4	59	63
n03042490_230.JPEG	0	0	63	63
n03042490_231.JPEG	21	31	39	42
n03042490_232.JPEG	0	0	37	17
n03042490_233.JPEG	21	28	63	57
n03042490_234.JPEG	0	1	63	63
n03042490_235.JPEG	23	26	47	39
n03042490_236.JPEG	63	25	63	29
n03042490_237.JPEG	34	17	63	31
n03042490_238.JPEG	10	35	46	48
n03042490_239.JPEG	0	11	63	50
n03042490_240.JPEG	0	0	63	63
n03042490_241.JPEG	15	9	57	63
n03042490_242.JPEG	6	0	63	63
n03042490_243.JPEG	0	0	63	63
n03042490_244.JPEG	1	13	63	51
n03042490_245.JPEG	15	19	58	63
n03042490_246.JPEG	0	0	63	63
n03042490_247.JPEG	1	0	63	63
n03042490_248.JPEG	0	0	63	63
n03042490_249.JPEG	0	0	63	63
n03042490_250.JPEG	0	0	63	63
n03042490_251.JPEG	0	0	63	63
n03042490_252.JPEG	0	0	63	63
n03042490_253.JPEG	0	3	63	63
n03042490_254.JPEG	1	13	63	63
n03042490_255.JPEG	0	1	63	63
n03042490_256.JPEG	0	0	63	63
n03042490_257.JPEG	1	0	63	63
n03042490_258.JPEG	30	16	63	59
n03042490_259.JPEG	3	0	63	63
n03042490_260.JPEG	0	1	63	63
n03042490_261.JPEG	0	1	63	63
n03042490_262.JPEG	0	28	41	62
n03042490_263.JPEG	0	1	63	63
n03042490_264.JPEG	37	13	48	22
n03042490_265.JPEG	1	6	63	47
n03042490_266.JPEG	0	24	63	50
n03042490_267.JPEG	0	1	63	63
n03042490_268.JPEG	0	0	63	63
n03042490_269.JPEG	0	14	63	63
n03042490_270.JPEG	0	1	63	63
n03042490_271.JPEG	39	32	41	36
n03042490_272.JPEG	0	0	63	63
n03042490_273.JPEG	9	0	58	63
n03042490_274.JPEG	0	1	63	63
n03042490_275.JPEG	0	36	45	63
n03042490_276.JPEG	0	28	63	63
n03042490_277.JPEG	0	13	63	34
n03042490_278.JPEG	0	4	63	63
n03042490_279.JPEG	0	0	63	47
n03042490_280.JPEG	0	0	63	63
n03042490_281.JPEG	2	0	62	63
n03042490_282.JPEG	9	18	46	46
n03042490_283.JPEG	0	22	61	63
n03042490_284.JPEG	31	16	54	40
n03042490_285.JPEG	0	0	63	63
n03042490_286.JPEG	13	35	43	63
n03042490_287.JPEG	0	34	63	53
n03042490_288.JPEG	0	0	63	63
n03042490_289.JPEG	0	0	63	63
n03042490_290.JPEG	25	25	39	49
n03042490_291.JPEG	0	8	63	63
n03042490_292.JPEG	0	20	63	44
n03042490_293.JPEG	0	1	63	48
n03042490_294.JPEG	7	10	19	22
n03042490_295.JPEG	0	1	63	63
n03042490_296.JPEG	0	0	63	63
n03042490_297.JPEG	26	35	42	47
n03042490_298.JPEG	14	31	59	46
n03042490_299.JPEG	13	8	51	55
n03042490_300.JPEG	40	23	41	25
n03042490_301.JPEG	17	27	46	41
n03042490_302.JPEG	0	43	63	63
n03042490_303.JPEG	0	1	63	63
n03042490_304.JPEG	10	26	63	46
n03042490_305.JPEG	11	9	49	39
n03042490_306.JPEG	0	28	63	63
n03042490_307.JPEG	0	1	63	63
n03042490_308.JPEG	0	27	63	63
n03042490_309.JPEG	34	16	63	52
n03042490_310.JPEG	0	1	63	26
n03042490_311.JPEG	37	26	63	51
n03042490_312.JPEG	0	7	63	61
n03042490_313.JPEG	0	1	63	22
n03042490_314.JPEG	12	0	55	15
n03042490_315.JPEG	0	0	63	63
n03042490_316.JPEG	0	0	63	63
n03042490_317.JPEG	1	0	63	63
n03042490_318.JPEG	27	19	36	38
n03042490_319.JPEG	0	23	63	41
n03042490_320.JPEG	1	0	63	63
n03042490_321.JPEG	0	10	63	40
n03042490_322.JPEG	0	1	63	63
n03042490_323.JPEG	0	0	53	63
n03042490_324.JPEG	0	9	63	52
n03042490_325.JPEG	0	0	63	63
n03042490_326.JPEG	0	22	63	58
n03042490_327.JPEG	0	0	63	63
n03042490_328.JPEG	1	0	63	63
n03042490_329.JPEG	0	1	63	54
n03042490_330.JPEG	0	0	63	63
n03042490_331.JPEG	20	30	42	40
n03042490_332.JPEG	1	0	63	63
n03042490_333.JPEG	10	15	31	36
n03042490_334.JPEG	12	21	49	40
n03042490_335.JPEG	0	0	63	51
n03042490_336.JPEG	1	0	63	63
n03042490_337.JPEG	0	0	63	63
n03042490_338.JPEG	1	0	63	63
n03042490_339.JPEG	0	13	63	39
n03042490_340.JPEG	0	0	63	63
n03042490_341.JPEG	63	34	63	43
n03042490_342.JPEG	11	0	51	27
n03042490_343.JPEG	7	8	63	48
n03042490_344.JPEG	0	14	63	34
n03042490_345.JPEG	12	14	58	48
n03042490_346.JPEG	16	12	51	63
n03042490_347.JPEG	0	0	63	63
n03042490_348.JPEG	0	22	53	44
n03042490_349.JPEG	22	49	39	53
n03042490_350.JPEG	0	1	63	63
n03042490_351.JPEG	0	1	63	63
n03042490_352.JPEG	0	1	63	63
n03042490_353.JPEG	0	7	63	60
n03042490_354.JPEG	0	0	63	63
n03042490_355.JPEG	27	53	35	59
n03042490_356.JPEG	0	3	63	63
n03042490_357.JPEG	0	1	63	63
n03042490_358.JPEG	17	37	42	53
n03042490_359.JPEG	0	2	63	57
n03042490_360.JPEG	0	0	63	63
n03042490_361.JPEG	0	19	63	63
n03042490_362.JPEG	0	1	63	63
n03042490_363.JPEG	1	43	57	59
n03042490_364.JPEG	0	1	63	63
n03042490_365.JPEG	21	18	51	43
n03042490_366.JPEG	0	15	42	44
n03042490_367.JPEG	0	1	63	63
n03042490_368.JPEG	3	19	62	37
n03042490_369.JPEG	0	20	63	54
n03042490_370.JPEG	0	10	63	63
n03042490_371.JPEG	0	2	63	57
n03042490_372.JPEG	2	16	63	63
n03042490_373.JPEG	2	23	63	52
n03042490_374.JPEG	0	1	63	63
n03042490_375.JPEG	0	0	63	63
n03042490_376.JPEG	0	0	63	63
n03042490_377.JPEG	0	18	63	63
n03042490_378.JPEG	0	1	63	63
n03042490_379.JPEG	15	3	47	21
n03042490_380.JPEG	0	14	63	47
n03042490_381.JPEG	0	0	63	42
n03042490_382.JPEG	0	1	63	63
n03042490_383.JPEG	6	14	58	63
n03042490_384.JPEG	32	24	55	48
n03042490_385.JPEG	27	17	55	41
n03042490_386.JPEG	0	0	63	63
n03042490_387.JPEG	21	49	57	59
n03042490_388.JPEG	1	4	58	62
n03042490_389.JPEG	25	25	30	29
n03042490_390.JPEG	1	18	63	57
n03042490_391.JPEG	0	1	63	63
n03042490_392.JPEG	63	41	63	48
n03042490_393.JPEG	0	12	63	63
n03042490_394.JPEG	0	6	63	35
n03042490_395.JPEG	0	0	63	57
n03042490_396.JPEG	33	36	51	51
n03042490_397.JPEG	24	0	63	47
n03042490_398.JPEG	0	12	63	45
n03042490_399.JPEG	31	0	63	48
n03042490_400.JPEG	0	1	63	63
n03042490_401.JPEG	26	45	44	51
n03042490_402.JPEG	43	39	58	63
n03042490_403.JPEG	16	23	38	41
n03042490_404.JPEG	7	40	63	55
n03042490_405.JPEG	0	16	63	37
n03042490_406.JPEG	0	0	63	63
n03042490_407.JPEG	20	16	63	46
n03042490_408.JPEG	0	22	63	54
n03042490_409.JPEG	0	3	20	59
n03042490_410.JPEG	0	0	63	63
n03042490_411.JPEG	0	0	63	63
n03042490_412.JPEG	10	31	24	36
n03042490_413.JPEG	0	8	63	63
n03042490_414.JPEG	38	25	57	39
n03042490_415.JPEG	0	0	63	63
n03042490_416.JPEG	1	32	63	63
n03042490_417.JPEG	0	1	63	63
n03042490_418.JPEG	0	0	63	63
n03042490_419.JPEG	0	0	63	49
n03042490_420.JPEG	0	0	63	63
n03042490_421.JPEG	0	0	63	63
n03042490_422.JPEG	0	0	54	24
n03042490_423.JPEG	44	19	58	35
n03042490_424.JPEG	0	36	44	63
n03042490_425.JPEG	0	1	63	63
n03042490_426.JPEG	0	0	63	63
n03042490_427.JPEG	0	0	63	63
n03042490_428.JPEG	20	29	38	43
n03042490_429.JPEG	0	0	63	63
n03042490_430.JPEG	8	55	24	62
n03042490_431.JPEG	0	0	63	63
n03042490_432.JPEG	0	36	63	55
n03042490_433.JPEG	0	1	63	53
n03042490_434.JPEG	9	10	61	51
n03042490_435.JPEG	0	9	63	63
n03042490_436.JPEG	0	23	63	47
n03042490_437.JPEG	0	0	63	63
n03042490_438.JPEG	1	26	51	63
n03042490_439.JPEG	6	18	9	27
n03042490_440.JPEG	1	0	42	63
n03042490_441.JPEG	0	0	63	63
n03042490_442.JPEG	30	0	45	26
n03042490_443.JPEG	0	0	63	63
n03042490_444.JPEG	0	23	63	57
n03042490_445.JPEG	27	31	63	59
n03042490_446.JPEG	0	29	63	45
n03042490_447.JPEG	3	0	63	63
n03042490_448.JPEG	0	0	63	63
n03042490_449.JPEG	0	1	63	63
n03042490_450.JPEG	0	1	63	63
n03042490_451.JPEG	35	30	46	43
n03042490_452.JPEG	0	1	63	60
n03042490_453.JPEG	0	0	63	63
n03042490_454.JPEG	0	3	63	60
n03042490_455.JPEG	18	7	38	54
n03042490_456.JPEG	0	0	63	63
n03042490_457.JPEG	5	0	58	63
n03042490_458.JPEG	0	8	63	51
n03042490_459.JPEG	0	0	63	63
n03042490_460.JPEG	0	12	63	49
n03042490_461.JPEG	0	28	63	52
n03042490_462.JPEG	32	23	63	40
n03042490_463.JPEG	0	18	63	52
n03042490_464.JPEG	16	7	49	16
n03042490_465.JPEG	6	17	54	47
n03042490_466.JPEG	0	15	63	63
n03042490_467.JPEG	0	13	63	56
n03042490_468.JPEG	19	15	63	42
n03042490_469.JPEG	19	0	63	41
n03042490_470.JPEG	0	1	63	63
n03042490_471.JPEG	0	0	63	57
n03042490_472.JPEG	0	0	63	59
n03042490_473.JPEG	0	7	63	62
n03042490_474.JPEG	0	0	63	63
n03042490_475.JPEG	0	34	63	63
n03042490_476.JPEG	27	25	52	42
n03042490_477.JPEG	18	36	24	45
n03042490_478.JPEG	0	1	63	63
n03042490_479.JPEG	0	0	63	63
n03042490_480.JPEG	0	13	63	62
n03042490_481.JPEG	0	0	63	63
n03042490_482.JPEG	0	17	63	63
n03042490_483.JPEG	0	0	63	63
n03042490_484.JPEG	54	35	63	60
n03042490_485.JPEG	14	7	63	63
n03042490_486.JPEG	63	34	63	37
n03042490_487.JPEG	12	27	49	43
n03042490_488.JPEG	22	23	41	37
n03042490_489.JPEG	0	5	63	50
n03042490_490.JPEG	10	40	22	47
n03042490_491.JPEG	0	0	63	63
n03042490_492.JPEG	11	25	25	38
n03042490_493.JPEG	0	1	63	63
n03042490_494.JPEG	39	2	63	37
n03042490_495.JPEG	0	0	63	63
n03042490_496.JPEG	0	16	63	63
n03042490_497.JPEG	0	26	63	55
n03042490_498.JPEG	4	1	63	40
n03042490_499.JPEG	0	1	63	63
