n04285008_0.JPEG	2	12	59	60
n04285008_1.JPEG	0	17	63	48
n04285008_2.JPEG	0	19	63	63
n04285008_3.JPEG	0	36	52	59
n04285008_4.JPEG	0	14	63	60
n04285008_5.JPEG	1	3	63	59
n04285008_6.JPEG	0	12	63	61
n04285008_7.JPEG	0	10	63	52
n04285008_8.JPEG	0	25	63	55
n04285008_9.JPEG	0	10	63	54
n04285008_10.JPEG	0	20	63	53
n04285008_11.JPEG	0	19	63	46
n04285008_12.JPEG	1	17	63	49
n04285008_13.JPEG	1	30	63	63
n04285008_14.JPEG	18	23	54	43
n04285008_15.JPEG	0	5	63	60
n04285008_16.JPEG	0	6	63	63
n04285008_17.JPEG	0	11	63	59
n04285008_18.JPEG	0	18	63	41
n04285008_19.JPEG	0	4	63	58
n04285008_20.JPEG	0	2	63	58
n04285008_21.JPEG	0	30	63	63
n04285008_22.JPEG	0	11	63	61
n04285008_23.JPEG	0	17	63	61
n04285008_24.JPEG	0	14	63	55
n04285008_25.JPEG	0	20	63	63
n04285008_26.JPEG	0	12	63	51
n04285008_27.JPEG	0	25	51	63
n04285008_28.JPEG	0	12	63	46
n04285008_29.JPEG	0	8	63	55
n04285008_30.JPEG	0	4	63	60
n04285008_31.JPEG	0	30	63	59
n04285008_32.JPEG	0	4	16	18
n04285008_33.JPEG	0	0	62	63
n04285008_34.JPEG	3	12	59	54
n04285008_35.JPEG	3	7	63	57
n04285008_36.JPEG	0	6	61	58
n04285008_37.JPEG	35	15	63	43
n04285008_38.JPEG	1	15	63	45
n04285008_39.JPEG	8	3	63	58
n04285008_40.JPEG	0	5	63	56
n04285008_41.JPEG	27	29	63	48
n04285008_42.JPEG	0	28	52	63
n04285008_43.JPEG	0	22	63	62
n04285008_44.JPEG	0	12	63	57
n04285008_45.JPEG	0	10	63	56
n04285008_46.JPEG	0	10	63	60
n04285008_47.JPEG	33	13	63	56
n04285008_48.JPEG	0	19	63	52
n04285008_49.JPEG	0	7	63	60
n04285008_50.JPEG	4	1	63	63
n04285008_51.JPEG	0	8	63	60
n04285008_52.JPEG	2	5	62	63
n04285008_53.JPEG	0	7	63	56
n04285008_54.JPEG	0	20	57	63
n04285008_55.JPEG	0	4	63	60
n04285008_56.JPEG	1	23	58	41
n04285008_57.JPEG	0	3	63	63
n04285008_58.JPEG	0	17	63	54
n04285008_59.JPEG	22	16	63	45
n04285008_60.JPEG	0	25	63	56
n04285008_61.JPEG	0	25	61	61
n04285008_62.JPEG	0	11	63	58
n04285008_63.JPEG	0	9	63	52
n04285008_64.JPEG	0	30	63	57
n04285008_65.JPEG	0	19	63	56
n04285008_66.JPEG	0	16	63	54
n04285008_67.JPEG	2	14	63	45
n04285008_68.JPEG	0	16	63	57
n04285008_69.JPEG	0	3	63	61
n04285008_70.JPEG	0	2	63	62
n04285008_71.JPEG	0	4	63	52
n04285008_72.JPEG	6	13	59	41
n04285008_73.JPEG	4	26	57	40
n04285008_74.JPEG	0	23	63	49
n04285008_75.JPEG	0	20	63	58
n04285008_76.JPEG	0	31	63	57
n04285008_77.JPEG	0	3	63	60
n04285008_78.JPEG	0	2	63	63
n04285008_79.JPEG	0	1	63	59
n04285008_80.JPEG	0	3	63	63
n04285008_81.JPEG	0	14	63	55
n04285008_82.JPEG	0	10	63	57
n04285008_83.JPEG	0	12	63	59
n04285008_84.JPEG	0	9	63	51
n04285008_85.JPEG	0	18	63	52
n04285008_86.JPEG	0	9	63	46
n04285008_87.JPEG	16	24	63	56
n04285008_88.JPEG	1	0	61	47
n04285008_89.JPEG	0	12	63	54
n04285008_90.JPEG	0	16	63	55
n04285008_91.JPEG	0	3	63	53
n04285008_92.JPEG	0	12	63	49
n04285008_93.JPEG	0	8	63	54
n04285008_94.JPEG	21	34	63	61
n04285008_95.JPEG	0	16	63	62
n04285008_96.JPEG	0	26	63	59
n04285008_97.JPEG	2	14	63	54
n04285008_98.JPEG	0	4	63	61
n04285008_99.JPEG	0	19	63	57
n04285008_100.JPEG	0	9	63	51
n04285008_101.JPEG	0	16	63	46
n04285008_102.JPEG	0	17	63	40
n04285008_103.JPEG	0	11	63	62
n04285008_104.JPEG	0	28	54	49
n04285008_105.JPEG	0	10	63	47
n04285008_106.JPEG	0	6	63	62
n04285008_107.JPEG	13	22	63	56
n04285008_108.JPEG	0	14	63	50
n04285008_109.JPEG	0	6	55	35
n04285008_110.JPEG	0	20	63	41
n04285008_111.JPEG	0	4	63	34
n04285008_112.JPEG	0	32	63	63
n04285008_113.JPEG	0	4	63	60
n04285008_114.JPEG	0	11	63	56
n04285008_115.JPEG	0	17	63	56
n04285008_116.JPEG	3	19	61	46
n04285008_117.JPEG	0	4	63	36
n04285008_118.JPEG	0	15	63	45
n04285008_119.JPEG	0	22	63	49
n04285008_120.JPEG	0	14	63	47
n04285008_121.JPEG	0	12	63	51
n04285008_122.JPEG	0	17	63	47
n04285008_123.JPEG	0	19	63	58
n04285008_124.JPEG	0	21	63	47
n04285008_125.JPEG	0	0	63	55
n04285008_126.JPEG	0	6	63	63
n04285008_127.JPEG	0	16	63	59
n04285008_128.JPEG	0	4	63	61
n04285008_129.JPEG	12	35	63	60
n04285008_130.JPEG	0	7	63	63
n04285008_131.JPEG	0	24	63	56
n04285008_132.JPEG	0	28	22	52
n04285008_133.JPEG	0	13	63	54
n04285008_134.JPEG	0	28	63	54
n04285008_135.JPEG	0	4	61	58
n04285008_136.JPEG	0	2	63	58
n04285008_137.JPEG	0	4	63	61
n04285008_138.JPEG	10	36	61	57
n04285008_139.JPEG	0	25	63	47
n04285008_140.JPEG	0	1	63	63
n04285008_141.JPEG	0	11	63	53
n04285008_142.JPEG	0	14	63	50
n04285008_143.JPEG	0	23	63	49
n04285008_144.JPEG	0	23	62	46
n04285008_145.JPEG	4	14	63	63
n04285008_146.JPEG	0	14	63	58
n04285008_147.JPEG	0	9	63	58
n04285008_148.JPEG	3	25	62	53
n04285008_149.JPEG	9	35	63	53
n04285008_150.JPEG	0	10	63	47
n04285008_151.JPEG	0	30	56	55
n04285008_152.JPEG	0	0	63	61
n04285008_153.JPEG	0	14	63	56
n04285008_154.JPEG	0	27	63	54
n04285008_155.JPEG	0	20	63	50
n04285008_156.JPEG	0	10	63	60
n04285008_157.JPEG	0	1	63	63
n04285008_158.JPEG	0	12	63	63
n04285008_159.JPEG	0	11	63	60
n04285008_160.JPEG	11	18	63	49
n04285008_161.JPEG	0	24	62	46
n04285008_162.JPEG	0	12	63	53
n04285008_163.JPEG	0	14	63	57
n04285008_164.JPEG	0	14	63	49
n04285008_165.JPEG	0	9	63	51
n04285008_166.JPEG	0	17	63	55
n04285008_167.JPEG	0	34	63	63
n04285008_168.JPEG	0	19	63	46
n04285008_169.JPEG	0	10	63	46
n04285008_170.JPEG	11	25	27	32
n04285008_171.JPEG	0	11	63	62
n04285008_172.JPEG	0	22	63	63
n04285008_173.JPEG	0	14	63	59
n04285008_174.JPEG	0	3	63	62
n04285008_175.JPEG	0	22	63	57
n04285008_176.JPEG	0	9	63	54
n04285008_177.JPEG	0	3	63	58
n04285008_178.JPEG	0	13	63	55
n04285008_179.JPEG	4	25	63	57
n04285008_180.JPEG	0	1	63	63
n04285008_181.JPEG	0	40	63	60
n04285008_182.JPEG	0	4	63	61
n04285008_183.JPEG	0	3	63	57
n04285008_184.JPEG	0	0	60	60
n04285008_185.JPEG	0	5	63	59
n04285008_186.JPEG	0	9	63	63
n04285008_187.JPEG	0	24	24	52
n04285008_188.JPEG	0	10	63	51
n04285008_189.JPEG	0	17	63	52
n04285008_190.JPEG	0	8	63	52
n04285008_191.JPEG	0	16	63	54
n04285008_192.JPEG	1	2	61	41
n04285008_193.JPEG	0	10	63	63
n04285008_194.JPEG	0	20	63	63
n04285008_195.JPEG	0	4	63	61
n04285008_196.JPEG	0	5	63	59
n04285008_197.JPEG	0	10	63	36
n04285008_198.JPEG	0	10	63	63
n04285008_199.JPEG	0	18	63	59
n04285008_200.JPEG	0	4	63	49
n04285008_201.JPEG	0	5	63	61
n04285008_202.JPEG	0	9	63	62
n04285008_203.JPEG	0	15	63	54
n04285008_204.JPEG	0	19	55	48
n04285008_205.JPEG	0	13	63	60
n04285008_206.JPEG	0	7	63	50
n04285008_207.JPEG	0	15	63	50
n04285008_208.JPEG	0	19	63	56
n04285008_209.JPEG	0	11	63	54
n04285008_210.JPEG	0	10	63	51
n04285008_211.JPEG	0	15	63	58
n04285008_212.JPEG	0	21	63	56
n04285008_213.JPEG	0	31	63	51
n04285008_214.JPEG	0	16	63	58
n04285008_215.JPEG	0	14	63	59
n04285008_216.JPEG	0	5	63	58
n04285008_217.JPEG	0	14	63	56
n04285008_218.JPEG	0	11	63	63
n04285008_219.JPEG	0	4	63	63
n04285008_220.JPEG	34	7	63	20
n04285008_221.JPEG	1	7	63	63
n04285008_222.JPEG	0	20	63	45
n04285008_223.JPEG	0	27	63	55
n04285008_224.JPEG	0	19	63	61
n04285008_225.JPEG	0	3	63	56
n04285008_226.JPEG	1	20	63	48
n04285008_227.JPEG	0	6	63	60
n04285008_228.JPEG	0	17	63	44
n04285008_229.JPEG	0	14	63	59
n04285008_230.JPEG	0	6	63	61
n04285008_231.JPEG	0	21	63	58
n04285008_232.JPEG	0	15	63	52
n04285008_233.JPEG	8	20	55	50
n04285008_234.JPEG	0	2	63	60
n04285008_235.JPEG	0	3	63	63
n04285008_236.JPEG	0	16	63	59
n04285008_237.JPEG	0	0	63	57
n04285008_238.JPEG	16	42	63	59
n04285008_239.JPEG	0	24	63	54
n04285008_240.JPEG	10	22	37	42
n04285008_241.JPEG	0	4	63	61
n04285008_242.JPEG	5	19	63	47
n04285008_243.JPEG	1	14	55	50
n04285008_244.JPEG	0	10	63	59
n04285008_245.JPEG	0	29	63	56
n04285008_246.JPEG	0	20	63	56
n04285008_247.JPEG	0	3	63	61
n04285008_248.JPEG	0	8	63	61
n04285008_249.JPEG	0	17	63	56
n04285008_250.JPEG	0	15	63	63
n04285008_251.JPEG	0	21	63	55
n04285008_252.JPEG	0	14	63	52
n04285008_253.JPEG	0	1	63	63
n04285008_254.JPEG	0	7	63	60
n04285008_255.JPEG	19	32	48	45
n04285008_256.JPEG	2	13	63	63
n04285008_257.JPEG	0	24	63	57
n04285008_258.JPEG	0	4	35	39
n04285008_259.JPEG	0	9	63	59
n04285008_260.JPEG	1	13	63	56
n04285008_261.JPEG	0	15	63	55
n04285008_262.JPEG	0	12	63	49
n04285008_263.JPEG	0	1	63	63
n04285008_264.JPEG	0	15	63	61
n04285008_265.JPEG	0	11	61	56
n04285008_266.JPEG	0	15	63	56
n04285008_267.JPEG	0	0	63	58
n04285008_268.JPEG	0	16	63	52
n04285008_269.JPEG	0	20	63	56
n04285008_270.JPEG	0	10	63	54
n04285008_271.JPEG	0	30	63	56
n04285008_272.JPEG	0	19	63	52
n04285008_273.JPEG	0	18	63	52
n04285008_274.JPEG	0	4	63	37
n04285008_275.JPEG	0	26	63	58
n04285008_276.JPEG	23	23	63	51
n04285008_277.JPEG	0	5	63	52
n04285008_278.JPEG	0	6	63	55
n04285008_279.JPEG	2	0	63	60
n04285008_280.JPEG	0	16	60	57
n04285008_281.JPEG	0	12	63	56
n04285008_282.JPEG	0	23	63	52
n04285008_283.JPEG	0	18	63	56
n04285008_284.JPEG	8	18	63	54
n04285008_285.JPEG	0	10	63	62
n04285008_286.JPEG	0	5	63	63
n04285008_287.JPEG	6	27	63	52
n04285008_288.JPEG	0	10	63	58
n04285008_289.JPEG	0	7	63	62
n04285008_290.JPEG	0	32	35	46
n04285008_291.JPEG	0	24	63	56
n04285008_292.JPEG	4	7	60	52
n04285008_293.JPEG	3	1	61	42
n04285008_294.JPEG	0	15	63	58
n04285008_295.JPEG	0	15	63	53
n04285008_296.JPEG	0	7	63	57
n04285008_297.JPEG	0	8	63	63
n04285008_298.JPEG	0	20	63	57
n04285008_299.JPEG	0	28	63	56
n04285008_300.JPEG	0	16	44	46
n04285008_301.JPEG	0	28	63	59
n04285008_302.JPEG	0	27	63	53
n04285008_303.JPEG	1	28	58	46
n04285008_304.JPEG	3	25	60	54
n04285008_305.JPEG	1	5	59	60
n04285008_306.JPEG	0	21	63	62
n04285008_307.JPEG	0	23	62	44
n04285008_308.JPEG	0	18	63	63
n04285008_309.JPEG	0	11	63	63
n04285008_310.JPEG	0	13	63	57
n04285008_311.JPEG	0	15	57	39
n04285008_312.JPEG	0	11	63	52
n04285008_313.JPEG	0	21	63	50
n04285008_314.JPEG	0	19	63	59
n04285008_315.JPEG	1	12	58	45
n04285008_316.JPEG	0	24	63	54
n04285008_317.JPEG	0	19	59	50
n04285008_318.JPEG	0	0	63	63
n04285008_319.JPEG	0	0	63	62
n04285008_320.JPEG	1	10	63	45
n04285008_321.JPEG	0	12	63	53
n04285008_322.JPEG	0	28	48	54
n04285008_323.JPEG	0	11	63	53
n04285008_324.JPEG	0	4	63	46
n04285008_325.JPEG	0	17	63	55
n04285008_326.JPEG	0	10	63	52
n04285008_327.JPEG	28	31	63	46
n04285008_328.JPEG	2	0	63	63
n04285008_329.JPEG	8	31	63	63
n04285008_330.JPEG	0	20	63	54
n04285008_331.JPEG	0	2	63	55
n04285008_332.JPEG	0	22	37	36
n04285008_333.JPEG	0	17	49	43
n04285008_334.JPEG	0	18	63	51
n04285008_335.JPEG	0	3	63	49
n04285008_336.JPEG	0	0	63	63
n04285008_337.JPEG	2	17	63	55
n04285008_338.JPEG	13	27	62	50
n04285008_339.JPEG	4	14	63	63
n04285008_340.JPEG	8	25	63	58
n04285008_341.JPEG	0	12	63	60
n04285008_342.JPEG	0	12	63	54
n04285008_343.JPEG	0	20	63	50
n04285008_344.JPEG	0	14	63	54
n04285008_345.JPEG	0	16	63	57
n04285008_346.JPEG	0	17	63	61
n04285008_347.JPEG	1	22	57	46
n04285008_348.JPEG	0	3	63	62
n04285008_349.JPEG	0	13	63	53
n04285008_350.JPEG	38	26	63	44
n04285008_351.JPEG	0	0	63	54
n04285008_352.JPEG	0	10	63	54
n04285008_353.JPEG	0	5	63	54
n04285008_354.JPEG	0	2	63	63
n04285008_355.JPEG	0	20	63	56
n04285008_356.JPEG	0	12	56	42
n04285008_357.JPEG	1	23	63	40
n04285008_358.JPEG	0	5	58	63
n04285008_359.JPEG	1	20	63	51
n04285008_360.JPEG	0	9	63	50
n04285008_361.JPEG	1	29	63	63
n04285008_362.JPEG	4	28	63	54
n04285008_363.JPEG	0	26	63	63
n04285008_364.JPEG	7	42	59	57
n04285008_365.JPEG	0	6	63	57
n04285008_366.JPEG	0	24	53	49
n04285008_367.JPEG	1	36	26	48
n04285008_368.JPEG	0	14	63	51
n04285008_369.JPEG	0	18	63	59
n04285008_370.JPEG	0	3	63	63
n04285008_371.JPEG	0	12	63	60
n04285008_372.JPEG	0	15	61	55
n04285008_373.JPEG	26	37	63	58
n04285008_374.JPEG	0	9	63	52
n04285008_375.JPEG	15	27	57	41
n04285008_376.JPEG	0	9	63	61
n04285008_377.JPEG	0	9	63	63
n04285008_378.JPEG	0	9	63	58
n04285008_379.JPEG	0	6	63	63
n04285008_380.JPEG	0	13	63	59
n04285008_381.JPEG	0	25	63	60
n04285008_382.JPEG	0	24	63	59
n04285008_383.JPEG	0	13	63	63
n04285008_384.JPEG	1	7	63	58
n04285008_385.JPEG	1	0	63	63
n04285008_386.JPEG	0	15	57	56
n04285008_387.JPEG	0	27	63	55
n04285008_388.JPEG	6	36	63	55
n04285008_389.JPEG	0	17	63	59
n04285008_390.JPEG	0	30	63	50
n04285008_391.JPEG	0	7	63	61
n04285008_392.JPEG	0	20	63	56
n04285008_393.JPEG	0	14	63	59
n04285008_394.JPEG	0	9	59	63
n04285008_395.JPEG	3	25	63	57
n04285008_396.JPEG	0	23	63	49
n04285008_397.JPEG	0	29	63	49
n04285008_398.JPEG	0	17	63	51
n04285008_399.JPEG	0	16	46	62
n04285008_400.JPEG	0	17	63	63
n04285008_401.JPEG	0	20	63	45
n04285008_402.JPEG	0	0	63	58
n04285008_403.JPEG	0	24	63	63
n04285008_404.JPEG	0	9	63	56
n04285008_405.JPEG	6	26	62	41
n04285008_406.JPEG	0	16	63	49
n04285008_407.JPEG	0	10	63	56
n04285008_408.JPEG	5	24	60	43
n04285008_409.JPEG	1	0	63	60
n04285008_410.JPEG	0	19	63	60
n04285008_411.JPEG	0	18	63	53
n04285008_412.JPEG	0	16	63	51
n04285008_413.JPEG	0	10	63	56
n04285008_414.JPEG	1	2	63	57
n04285008_415.JPEG	0	0	63	62
n04285008_416.JPEG	0	5	63	61
n04285008_417.JPEG	0	17	63	43
n04285008_418.JPEG	0	10	63	63
n04285008_419.JPEG	0	16	63	60
n04285008_420.JPEG	7	20	63	42
n04285008_421.JPEG	0	11	63	58
n04285008_422.JPEG	0	14	63	57
n04285008_423.JPEG	0	5	63	60
n04285008_424.JPEG	0	19	63	55
n04285008_425.JPEG	63	16	63	31
n04285008_426.JPEG	0	9	63	61
n04285008_427.JPEG	0	29	63	60
n04285008_428.JPEG	0	9	63	55
n04285008_429.JPEG	0	21	62	46
n04285008_430.JPEG	0	30	63	52
n04285008_431.JPEG	4	27	63	48
n04285008_432.JPEG	0	0	63	63
n04285008_433.JPEG	0	4	63	63
n04285008_434.JPEG	0	10	63	58
n04285008_435.JPEG	0	29	63	56
n04285008_436.JPEG	0	12	63	61
n04285008_437.JPEG	0	22	63	54
n04285008_438.JPEG	0	25	63	55
n04285008_439.JPEG	0	8	63	53
n04285008_440.JPEG	0	6	63	56
n04285008_441.JPEG	0	14	63	51
n04285008_442.JPEG	0	13	63	54
n04285008_443.JPEG	0	1	63	63
n04285008_444.JPEG	0	1	63	62
n04285008_445.JPEG	0	11	63	49
n04285008_446.JPEG	0	8	63	62
n04285008_447.JPEG	30	20	56	33
n04285008_448.JPEG	0	3	63	52
n04285008_449.JPEG	1	20	63	49
n04285008_450.JPEG	0	16	63	38
n04285008_451.JPEG	0	8	63	61
n04285008_452.JPEG	22	29	53	48
n04285008_453.JPEG	0	10	63	58
n04285008_454.JPEG	0	6	63	46
n04285008_455.JPEG	0	37	62	58
n04285008_456.JPEG	0	16	63	60
n04285008_457.JPEG	0	11	63	61
n04285008_458.JPEG	0	20	63	45
n04285008_459.JPEG	0	23	63	48
n04285008_460.JPEG	0	15	63	59
n04285008_461.JPEG	0	3	63	61
n04285008_462.JPEG	3	20	43	47
n04285008_463.JPEG	0	17	63	57
n04285008_464.JPEG	0	21	53	44
n04285008_465.JPEG	0	28	63	50
n04285008_466.JPEG	0	15	63	56
n04285008_467.JPEG	10	21	63	60
n04285008_468.JPEG	0	7	63	59
n04285008_469.JPEG	2	16	63	52
n04285008_470.JPEG	0	1	63	58
n04285008_471.JPEG	0	0	63	45
n04285008_472.JPEG	0	3	60	60
n04285008_473.JPEG	0	21	63	49
n04285008_474.JPEG	0	18	63	63
n04285008_475.JPEG	0	20	63	50
n04285008_476.JPEG	0	6	60	58
n04285008_477.JPEG	9	17	60	44
n04285008_478.JPEG	0	6	63	62
n04285008_479.JPEG	0	19	52	53
n04285008_480.JPEG	0	18	63	47
n04285008_481.JPEG	0	1	63	63
n04285008_482.JPEG	0	12	63	59
n04285008_483.JPEG	0	11	63	62
n04285008_484.JPEG	11	18	53	63
n04285008_485.JPEG	7	20	63	52
n04285008_486.JPEG	0	31	55	55
n04285008_487.JPEG	0	13	63	59
n04285008_488.JPEG	0	16	63	63
n04285008_489.JPEG	0	19	63	60
n04285008_490.JPEG	0	0	63	63
n04285008_491.JPEG	0	3	63	60
n04285008_492.JPEG	0	8	63	62
n04285008_493.JPEG	0	21	61	47
n04285008_494.JPEG	0	25	59	57
n04285008_495.JPEG	3	14	63	56
n04285008_496.JPEG	0	33	63	61
n04285008_497.JPEG	0	0	63	60
n04285008_498.JPEG	0	18	63	53
n04285008_499.JPEG	0	21	63	45
