n02504458_0.JPEG	6	6	53	63
n02504458_1.JPEG	20	0	59	63
n02504458_2.JPEG	7	22	53	59
n02504458_3.JPEG	0	6	63	63
n02504458_4.JPEG	0	0	13	32
n02504458_5.JPEG	23	11	59	55
n02504458_6.JPEG	1	0	62	63
n02504458_7.JPEG	0	10	63	63
n02504458_8.JPEG	19	14	63	63
n02504458_9.JPEG	1	7	63	59
n02504458_10.JPEG	0	23	17	53
n02504458_11.JPEG	26	24	39	39
n02504458_12.JPEG	0	4	54	60
n02504458_13.JPEG	0	10	63	60
n02504458_14.JPEG	3	11	62	59
n02504458_15.JPEG	5	7	63	53
n02504458_16.JPEG	0	1	63	63
n02504458_17.JPEG	34	25	63	53
n02504458_18.JPEG	9	19	44	50
n02504458_19.JPEG	0	13	57	63
n02504458_20.JPEG	0	0	63	63
n02504458_21.JPEG	46	8	63	32
n02504458_22.JPEG	14	12	57	45
n02504458_23.JPEG	8	14	55	46
n02504458_24.JPEG	0	12	49	59
n02504458_25.JPEG	28	17	55	53
n02504458_26.JPEG	0	20	22	61
n02504458_27.JPEG	24	28	50	63
n02504458_28.JPEG	0	0	63	63
n02504458_29.JPEG	43	30	54	38
n02504458_30.JPEG	0	14	63	56
n02504458_31.JPEG	5	8	48	49
n02504458_32.JPEG	0	13	63	63
n02504458_33.JPEG	8	23	40	34
n02504458_34.JPEG	1	21	37	47
n02504458_35.JPEG	0	2	53	61
n02504458_36.JPEG	1	0	63	56
n02504458_37.JPEG	0	1	63	63
n02504458_38.JPEG	0	6	63	63
n02504458_39.JPEG	0	24	26	54
n02504458_40.JPEG	2	9	39	62
n02504458_41.JPEG	0	6	63	63
n02504458_42.JPEG	18	10	63	63
n02504458_43.JPEG	0	11	19	25
n02504458_44.JPEG	9	14	63	59
n02504458_45.JPEG	0	4	46	63
n02504458_46.JPEG	39	18	63	61
n02504458_47.JPEG	2	6	54	63
n02504458_48.JPEG	22	29	36	47
n02504458_49.JPEG	19	13	53	37
n02504458_50.JPEG	0	9	63	63
n02504458_51.JPEG	0	11	63	58
n02504458_52.JPEG	7	9	63	63
n02504458_53.JPEG	6	12	60	53
n02504458_54.JPEG	0	12	60	58
n02504458_55.JPEG	0	0	53	63
n02504458_56.JPEG	0	0	63	63
n02504458_57.JPEG	11	7	47	37
n02504458_58.JPEG	15	14	63	63
n02504458_59.JPEG	1	1	63	63
n02504458_60.JPEG	0	0	63	63
n02504458_61.JPEG	0	1	63	63
n02504458_62.JPEG	27	24	49	42
n02504458_63.JPEG	0	0	60	63
n02504458_64.JPEG	8	13	63	57
n02504458_65.JPEG	9	16	50	53
n02504458_66.JPEG	1	31	30	61
n02504458_67.JPEG	0	0	42	63
n02504458_68.JPEG	0	1	63	63
n02504458_69.JPEG	16	6	63	58
n02504458_70.JPEG	9	3	56	63
n02504458_71.JPEG	15	7	46	63
n02504458_72.JPEG	1	1	63	63
n02504458_73.JPEG	0	4	63	55
n02504458_74.JPEG	0	2	63	63
n02504458_75.JPEG	6	20	22	45
n02504458_76.JPEG	11	4	51	60
n02504458_77.JPEG	0	0	41	63
n02504458_78.JPEG	0	7	63	63
n02504458_79.JPEG	0	6	63	63
n02504458_80.JPEG	0	0	63	63
n02504458_81.JPEG	0	4	58	60
n02504458_82.JPEG	1	6	63	63
n02504458_83.JPEG	0	1	62	63
n02504458_84.JPEG	0	5	54	63
n02504458_85.JPEG	3	13	46	63
n02504458_86.JPEG	53	25	63	47
n02504458_87.JPEG	7	0	60	62
n02504458_88.JPEG	0	0	63	63
n02504458_89.JPEG	0	1	63	63
n02504458_90.JPEG	5	0	61	63
n02504458_91.JPEG	39	28	63	48
n02504458_92.JPEG	7	25	49	54
n02504458_93.JPEG	11	13	50	60
n02504458_94.JPEG	0	3	63	63
n02504458_95.JPEG	1	0	53	63
n02504458_96.JPEG	23	29	39	40
n02504458_97.JPEG	0	9	63	54
n02504458_98.JPEG	13	0	62	63
n02504458_99.JPEG	12	15	58	60
n02504458_100.JPEG	0	0	63	63
n02504458_101.JPEG	9	14	57	58
n02504458_102.JPEG	32	26	44	42
n02504458_103.JPEG	0	0	63	63
n02504458_104.JPEG	0	3	63	62
n02504458_105.JPEG	0	4	63	63
n02504458_106.JPEG	6	0	63	63
n02504458_107.JPEG	0	15	63	61
n02504458_108.JPEG	30	17	58	63
n02504458_109.JPEG	1	7	53	63
n02504458_110.JPEG	0	3	63	63
n02504458_111.JPEG	17	11	63	51
n02504458_112.JPEG	14	3	63	63
n02504458_113.JPEG	14	29	52	52
n02504458_114.JPEG	0	7	63	55
n02504458_115.JPEG	0	15	55	60
n02504458_116.JPEG	0	6	43	63
n02504458_117.JPEG	16	3	63	63
n02504458_118.JPEG	10	19	63	56
n02504458_119.JPEG	44	6	63	41
n02504458_120.JPEG	0	3	63	63
n02504458_121.JPEG	0	1	61	63
n02504458_122.JPEG	1	16	32	35
n02504458_123.JPEG	0	2	63	63
n02504458_124.JPEG	26	22	63	53
n02504458_125.JPEG	0	0	63	63
n02504458_126.JPEG	13	5	63	63
n02504458_127.JPEG	0	5	63	63
n02504458_128.JPEG	35	16	63	62
n02504458_129.JPEG	0	0	63	63
n02504458_130.JPEG	0	9	63	59
n02504458_131.JPEG	1	3	61	63
n02504458_132.JPEG	0	4	52	55
n02504458_133.JPEG	40	1	63	63
n02504458_134.JPEG	0	8	57	51
n02504458_135.JPEG	12	16	63	62
n02504458_136.JPEG	0	0	44	63
n02504458_137.JPEG	0	5	63	58
n02504458_138.JPEG	15	12	63	51
n02504458_139.JPEG	0	1	63	63
n02504458_140.JPEG	0	1	63	63
n02504458_141.JPEG	0	0	63	63
n02504458_142.JPEG	0	3	63	53
n02504458_143.JPEG	26	20	63	57
n02504458_144.JPEG	0	0	63	63
n02504458_145.JPEG	4	6	63	63
n02504458_146.JPEG	0	4	44	57
n02504458_147.JPEG	0	6	63	63
n02504458_148.JPEG	12	15	46	52
n02504458_149.JPEG	8	0	57	63
n02504458_150.JPEG	16	28	48	53
n02504458_151.JPEG	8	22	63	39
n02504458_152.JPEG	0	0	63	54
n02504458_153.JPEG	0	1	63	63
n02504458_154.JPEG	0	8	63	63
n02504458_155.JPEG	0	0	63	63
n02504458_156.JPEG	0	0	63	63
n02504458_157.JPEG	0	2	57	63
n02504458_158.JPEG	0	1	63	63
n02504458_159.JPEG	40	0	63	63
n02504458_160.JPEG	29	3	63	62
n02504458_161.JPEG	17	17	62	41
n02504458_162.JPEG	15	23	52	43
n02504458_163.JPEG	8	4	41	61
n02504458_164.JPEG	1	0	63	63
n02504458_165.JPEG	0	3	63	63
n02504458_166.JPEG	6	14	63	58
n02504458_167.JPEG	1	0	54	63
n02504458_168.JPEG	0	12	60	63
n02504458_169.JPEG	29	6	57	56
n02504458_170.JPEG	9	3	63	63
n02504458_171.JPEG	6	23	49	42
n02504458_172.JPEG	0	9	60	55
n02504458_173.JPEG	0	1	63	63
n02504458_174.JPEG	16	14	54	48
n02504458_175.JPEG	13	16	40	56
n02504458_176.JPEG	4	6	63	63
n02504458_177.JPEG	19	0	63	63
n02504458_178.JPEG	6	17	40	54
n02504458_179.JPEG	0	13	63	63
n02504458_180.JPEG	4	0	62	63
n02504458_181.JPEG	2	25	31	50
n02504458_182.JPEG	0	1	63	63
n02504458_183.JPEG	17	9	63	57
n02504458_184.JPEG	1	4	63	63
n02504458_185.JPEG	0	21	32	55
n02504458_186.JPEG	0	11	62	62
n02504458_187.JPEG	0	1	63	63
n02504458_188.JPEG	0	0	56	60
n02504458_189.JPEG	3	18	63	56
n02504458_190.JPEG	0	6	63	61
n02504458_191.JPEG	0	19	63	52
n02504458_192.JPEG	1	3	61	63
n02504458_193.JPEG	17	16	59	62
n02504458_194.JPEG	0	4	57	49
n02504458_195.JPEG	33	11	63	63
n02504458_196.JPEG	8	9	59	53
n02504458_197.JPEG	10	16	38	54
n02504458_198.JPEG	47	17	63	51
n02504458_199.JPEG	7	1	62	63
n02504458_200.JPEG	10	25	32	40
n02504458_201.JPEG	0	6	63	62
n02504458_202.JPEG	36	0	63	41
n02504458_203.JPEG	10	5	63	63
n02504458_204.JPEG	26	32	51	51
n02504458_205.JPEG	1	0	52	57
n02504458_206.JPEG	8	24	39	51
n02504458_207.JPEG	41	18	63	49
n02504458_208.JPEG	53	10	63	55
n02504458_209.JPEG	8	13	63	59
n02504458_210.JPEG	0	1	63	63
n02504458_211.JPEG	0	1	63	62
n02504458_212.JPEG	0	0	63	63
n02504458_213.JPEG	38	23	63	47
n02504458_214.JPEG	5	6	53	63
n02504458_215.JPEG	15	15	38	46
n02504458_216.JPEG	19	3	59	54
n02504458_217.JPEG	3	2	61	63
n02504458_218.JPEG	8	29	49	52
n02504458_219.JPEG	0	0	63	63
n02504458_220.JPEG	0	11	63	63
n02504458_221.JPEG	7	13	49	55
n02504458_222.JPEG	4	0	62	63
n02504458_223.JPEG	33	0	63	63
n02504458_224.JPEG	0	11	63	63
n02504458_225.JPEG	50	31	63	44
n02504458_226.JPEG	0	8	63	57
n02504458_227.JPEG	14	8	63	60
n02504458_228.JPEG	1	0	62	63
n02504458_229.JPEG	0	0	63	63
n02504458_230.JPEG	2	3	63	52
n02504458_231.JPEG	0	17	43	63
n02504458_232.JPEG	5	27	45	53
n02504458_233.JPEG	9	25	25	38
n02504458_234.JPEG	0	22	28	59
n02504458_235.JPEG	14	20	44	47
n02504458_236.JPEG	25	17	62	59
n02504458_237.JPEG	1	0	63	63
n02504458_238.JPEG	12	0	57	56
n02504458_239.JPEG	1	6	56	63
n02504458_240.JPEG	22	15	51	49
n02504458_241.JPEG	0	5	63	63
n02504458_242.JPEG	5	0	63	63
n02504458_243.JPEG	0	18	57	59
n02504458_244.JPEG	0	5	57	63
n02504458_245.JPEG	9	4	59	63
n02504458_246.JPEG	30	27	39	40
n02504458_247.JPEG	15	11	59	45
n02504458_248.JPEG	1	0	63	63
n02504458_249.JPEG	1	8	59	63
n02504458_250.JPEG	15	33	49	63
n02504458_251.JPEG	0	13	61	61
n02504458_252.JPEG	37	26	50	34
n02504458_253.JPEG	0	2	63	56
n02504458_254.JPEG	0	18	30	44
n02504458_255.JPEG	0	2	63	63
n02504458_256.JPEG	12	6	63	60
n02504458_257.JPEG	0	7	16	63
n02504458_258.JPEG	0	0	63	63
n02504458_259.JPEG	17	19	63	63
n02504458_260.JPEG	5	12	63	57
n02504458_261.JPEG	0	5	60	50
n02504458_262.JPEG	10	1	57	60
n02504458_263.JPEG	7	6	54	63
n02504458_264.JPEG	13	14	63	45
n02504458_265.JPEG	2	3	63	63
n02504458_266.JPEG	0	32	19	51
n02504458_267.JPEG	5	0	61	63
n02504458_268.JPEG	0	0	49	62
n02504458_269.JPEG	18	14	60	63
n02504458_270.JPEG	0	0	63	63
n02504458_271.JPEG	14	13	63	63
n02504458_272.JPEG	0	4	63	63
n02504458_273.JPEG	12	0	63	63
n02504458_274.JPEG	4	5	63	63
n02504458_275.JPEG	0	0	63	63
n02504458_276.JPEG	34	30	50	44
n02504458_277.JPEG	0	23	40	52
n02504458_278.JPEG	0	0	60	45
n02504458_279.JPEG	14	31	23	41
n02504458_280.JPEG	35	13	61	48
n02504458_281.JPEG	0	0	63	57
n02504458_282.JPEG	7	1	46	62
n02504458_283.JPEG	19	6	63	63
n02504458_284.JPEG	6	0	63	63
n02504458_285.JPEG	19	10	63	54
n02504458_286.JPEG	9	28	61	59
n02504458_287.JPEG	4	2	55	63
n02504458_288.JPEG	8	5	60	63
n02504458_289.JPEG	6	1	63	63
n02504458_290.JPEG	16	7	63	58
n02504458_291.JPEG	0	15	55	57
n02504458_292.JPEG	0	26	17	43
n02504458_293.JPEG	4	0	63	63
n02504458_294.JPEG	15	0	63	63
n02504458_295.JPEG	0	10	52	50
n02504458_296.JPEG	0	1	63	63
n02504458_297.JPEG	9	4	59	63
n02504458_298.JPEG	22	25	63	61
n02504458_299.JPEG	0	8	63	63
n02504458_300.JPEG	5	5	62	63
n02504458_301.JPEG	12	10	51	36
n02504458_302.JPEG	0	6	61	63
n02504458_303.JPEG	0	2	54	63
n02504458_304.JPEG	23	2	52	50
n02504458_305.JPEG	0	8	28	59
n02504458_306.JPEG	0	1	63	63
n02504458_307.JPEG	0	3	63	63
n02504458_308.JPEG	0	5	63	60
n02504458_309.JPEG	17	23	63	56
n02504458_310.JPEG	0	13	63	62
n02504458_311.JPEG	1	7	51	63
n02504458_312.JPEG	0	12	40	48
n02504458_313.JPEG	6	11	63	57
n02504458_314.JPEG	19	0	49	47
n02504458_315.JPEG	0	0	50	63
n02504458_316.JPEG	2	26	35	55
n02504458_317.JPEG	0	0	53	63
n02504458_318.JPEG	0	0	48	59
n02504458_319.JPEG	27	13	63	63
n02504458_320.JPEG	3	2	58	63
n02504458_321.JPEG	0	0	56	63
n02504458_322.JPEG	0	5	63	60
n02504458_323.JPEG	15	6	56	43
n02504458_324.JPEG	9	1	63	63
n02504458_325.JPEG	20	27	54	54
n02504458_326.JPEG	0	4	63	63
n02504458_327.JPEG	18	23	59	62
n02504458_328.JPEG	36	41	51	55
n02504458_329.JPEG	0	4	51	63
n02504458_330.JPEG	15	20	39	49
n02504458_331.JPEG	33	19	63	54
n02504458_332.JPEG	1	0	63	63
n02504458_333.JPEG	24	18	46	37
n02504458_334.JPEG	16	22	63	63
n02504458_335.JPEG	47	26	60	47
n02504458_336.JPEG	0	21	42	47
n02504458_337.JPEG	32	36	60	63
n02504458_338.JPEG	9	7	61	63
n02504458_339.JPEG	10	7	63	57
n02504458_340.JPEG	0	8	63	63
n02504458_341.JPEG	0	0	63	63
n02504458_342.JPEG	0	5	63	61
n02504458_343.JPEG	15	19	58	59
n02504458_344.JPEG	24	24	45	44
n02504458_345.JPEG	0	13	63	47
n02504458_346.JPEG	2	15	51	48
n02504458_347.JPEG	1	0	56	63
n02504458_348.JPEG	26	10	47	47
n02504458_349.JPEG	6	0	62	63
n02504458_350.JPEG	0	2	63	61
n02504458_351.JPEG	15	3	50	60
n02504458_352.JPEG	0	2	53	55
n02504458_353.JPEG	10	19	60	47
n02504458_354.JPEG	1	6	63	63
n02504458_355.JPEG	0	26	30	49
n02504458_356.JPEG	1	0	63	63
n02504458_357.JPEG	1	0	63	63
n02504458_358.JPEG	0	0	63	63
n02504458_359.JPEG	0	9	63	57
n02504458_360.JPEG	0	0	63	63
n02504458_361.JPEG	13	8	59	63
n02504458_362.JPEG	0	9	48	63
n02504458_363.JPEG	0	1	63	63
n02504458_364.JPEG	20	27	37	55
n02504458_365.JPEG	0	10	63	58
n02504458_366.JPEG	0	2	63	63
n02504458_367.JPEG	0	0	63	63
n02504458_368.JPEG	0	0	63	63
n02504458_369.JPEG	18	15	63	63
n02504458_370.JPEG	8	0	63	63
n02504458_371.JPEG	21	5	46	44
n02504458_372.JPEG	12	9	52	54
n02504458_373.JPEG	4	3	61	63
n02504458_374.JPEG	1	2	54	61
n02504458_375.JPEG	0	18	45	54
n02504458_376.JPEG	25	24	44	39
n02504458_377.JPEG	28	16	63	44
n02504458_378.JPEG	0	12	49	62
n02504458_379.JPEG	26	17	51	48
n02504458_380.JPEG	0	4	31	63
n02504458_381.JPEG	25	25	58	50
n02504458_382.JPEG	0	20	63	57
n02504458_383.JPEG	8	0	63	63
n02504458_384.JPEG	0	0	63	63
n02504458_385.JPEG	6	3	43	62
n02504458_386.JPEG	28	23	42	51
n02504458_387.JPEG	6	11	51	63
n02504458_388.JPEG	2	15	63	50
n02504458_389.JPEG	0	0	63	63
n02504458_390.JPEG	0	12	63	60
n02504458_391.JPEG	0	1	63	63
n02504458_392.JPEG	0	1	63	63
n02504458_393.JPEG	14	0	63	63
n02504458_394.JPEG	0	1	63	63
n02504458_395.JPEG	6	12	41	52
n02504458_396.JPEG	5	6	53	58
n02504458_397.JPEG	0	6	63	55
n02504458_398.JPEG	5	10	58	58
n02504458_399.JPEG	32	13	63	57
n02504458_400.JPEG	23	22	48	41
n02504458_401.JPEG	2	9	56	58
n02504458_402.JPEG	0	21	39	63
n02504458_403.JPEG	9	5	63	57
n02504458_404.JPEG	0	5	63	49
n02504458_405.JPEG	3	3	48	60
n02504458_406.JPEG	0	1	63	62
n02504458_407.JPEG	21	13	63	59
n02504458_408.JPEG	9	26	38	52
n02504458_409.JPEG	0	7	63	61
n02504458_410.JPEG	16	28	63	63
n02504458_411.JPEG	2	30	30	61
n02504458_412.JPEG	0	1	63	63
n02504458_413.JPEG	15	0	63	63
n02504458_414.JPEG	16	6	59	41
n02504458_415.JPEG	21	11	39	32
n02504458_416.JPEG	23	14	63	44
n02504458_417.JPEG	0	4	60	63
n02504458_418.JPEG	31	19	59	43
n02504458_419.JPEG	33	14	63	60
n02504458_420.JPEG	25	20	42	45
n02504458_421.JPEG	0	8	44	56
n02504458_422.JPEG	0	0	45	63
n02504458_423.JPEG	0	27	22	48
n02504458_424.JPEG	0	5	63	62
n02504458_425.JPEG	24	31	59	61
n02504458_426.JPEG	0	2	43	63
n02504458_427.JPEG	23	20	63	60
n02504458_428.JPEG	16	14	47	35
n02504458_429.JPEG	13	9	63	63
n02504458_430.JPEG	0	9	61	59
n02504458_431.JPEG	0	18	41	63
n02504458_432.JPEG	0	1	63	63
n02504458_433.JPEG	16	17	52	63
n02504458_434.JPEG	5	21	60	63
n02504458_435.JPEG	11	4	63	63
n02504458_436.JPEG	27	10	63	48
n02504458_437.JPEG	0	7	60	59
n02504458_438.JPEG	1	0	63	63
n02504458_439.JPEG	0	4	49	63
n02504458_440.JPEG	0	2	56	63
n02504458_441.JPEG	0	1	63	63
n02504458_442.JPEG	6	7	63	59
n02504458_443.JPEG	0	13	63	59
n02504458_444.JPEG	33	22	49	31
n02504458_445.JPEG	0	3	62	62
n02504458_446.JPEG	0	4	63	63
n02504458_447.JPEG	0	0	63	63
n02504458_448.JPEG	0	10	54	63
n02504458_449.JPEG	17	8	55	55
n02504458_450.JPEG	0	0	63	63
n02504458_451.JPEG	10	21	51	50
n02504458_452.JPEG	15	6	63	42
n02504458_453.JPEG	0	1	63	63
n02504458_454.JPEG	10	6	50	57
n02504458_455.JPEG	30	5	63	58
n02504458_456.JPEG	6	19	60	60
n02504458_457.JPEG	9	24	40	49
n02504458_458.JPEG	0	0	63	63
n02504458_459.JPEG	0	15	17	50
n02504458_460.JPEG	0	9	60	63
n02504458_461.JPEG	3	19	53	56
n02504458_462.JPEG	0	1	63	53
n02504458_463.JPEG	0	1	62	63
n02504458_464.JPEG	0	15	47	63
n02504458_465.JPEG	0	8	62	63
n02504458_466.JPEG	2	8	63	63
n02504458_467.JPEG	0	6	63	63
n02504458_468.JPEG	0	1	40	46
n02504458_469.JPEG	0	6	44	63
n02504458_470.JPEG	0	4	21	28
n02504458_471.JPEG	0	26	60	47
n02504458_472.JPEG	2	10	63	54
n02504458_473.JPEG	11	0	63	63
n02504458_474.JPEG	15	21	57	54
n02504458_475.JPEG	1	10	63	63
n02504458_476.JPEG	7	10	54	55
n02504458_477.JPEG	17	23	56	58
n02504458_478.JPEG	18	0	63	44
n02504458_479.JPEG	0	2	63	63
n02504458_480.JPEG	12	26	28	43
n02504458_481.JPEG	0	9	63	63
n02504458_482.JPEG	0	1	63	63
n02504458_483.JPEG	35	2	63	63
n02504458_484.JPEG	10	12	63	63
n02504458_485.JPEG	6	12	57	60
n02504458_486.JPEG	0	7	63	54
n02504458_487.JPEG	11	20	63	57
n02504458_488.JPEG	0	1	63	57
n02504458_489.JPEG	7	1	55	56
n02504458_490.JPEG	8	10	63	55
n02504458_491.JPEG	7	15	34	48
n02504458_492.JPEG	0	17	58	63
n02504458_493.JPEG	2	8	63	63
n02504458_494.JPEG	0	3	49	63
n02504458_495.JPEG	20	11	45	60
n02504458_496.JPEG	0	7	63	63
n02504458_497.JPEG	1	0	60	63
n02504458_498.JPEG	0	1	63	63
n02504458_499.JPEG	0	0	63	63
