n04417672_0.JPEG	0	1	63	57
n04417672_1.JPEG	0	1	63	63
n04417672_2.JPEG	0	5	63	39
n04417672_3.JPEG	0	0	63	63
n04417672_4.JPEG	0	1	63	41
n04417672_5.JPEG	0	0	63	31
n04417672_6.JPEG	0	2	63	62
n04417672_7.JPEG	0	12	46	27
n04417672_8.JPEG	0	0	63	37
n04417672_9.JPEG	2	10	63	35
n04417672_10.JPEG	2	9	63	40
n04417672_11.JPEG	3	39	44	61
n04417672_12.JPEG	0	0	63	21
n04417672_13.JPEG	0	0	61	47
n04417672_14.JPEG	0	14	63	40
n04417672_15.JPEG	0	22	63	63
n04417672_16.JPEG	20	0	63	10
n04417672_17.JPEG	0	1	63	34
n04417672_18.JPEG	0	0	63	63
n04417672_19.JPEG	0	1	63	63
n04417672_20.JPEG	0	0	63	23
n04417672_21.JPEG	3	13	60	32
n04417672_22.JPEG	0	1	63	35
n04417672_23.JPEG	0	0	63	35
n04417672_24.JPEG	24	9	63	35
n04417672_25.JPEG	16	25	51	33
n04417672_26.JPEG	0	2	63	27
n04417672_27.JPEG	6	11	63	53
n04417672_28.JPEG	0	2	63	36
n04417672_29.JPEG	0	1	63	44
n04417672_30.JPEG	0	0	63	63
n04417672_31.JPEG	0	2	63	63
n04417672_32.JPEG	0	12	63	63
n04417672_33.JPEG	0	0	63	63
n04417672_34.JPEG	0	0	63	57
n04417672_35.JPEG	0	0	63	53
n04417672_36.JPEG	0	4	63	63
n04417672_37.JPEG	0	14	63	52
n04417672_38.JPEG	11	6	63	35
n04417672_39.JPEG	0	13	58	44
n04417672_40.JPEG	0	13	63	63
n04417672_41.JPEG	0	11	63	63
n04417672_42.JPEG	1	0	63	31
n04417672_43.JPEG	0	0	57	35
n04417672_44.JPEG	31	5	63	20
n04417672_45.JPEG	0	0	63	21
n04417672_46.JPEG	0	8	63	36
n04417672_47.JPEG	0	0	63	39
n04417672_48.JPEG	7	0	60	31
n04417672_49.JPEG	0	12	63	47
n04417672_50.JPEG	0	30	63	42
n04417672_51.JPEG	12	19	63	39
n04417672_52.JPEG	0	22	63	44
n04417672_53.JPEG	0	23	51	42
n04417672_54.JPEG	0	0	62	27
n04417672_55.JPEG	0	15	63	43
n04417672_56.JPEG	0	10	63	37
n04417672_57.JPEG	0	3	62	32
n04417672_58.JPEG	0	0	38	22
n04417672_59.JPEG	13	2	63	22
n04417672_60.JPEG	0	2	58	36
n04417672_61.JPEG	0	7	63	34
n04417672_62.JPEG	0	9	63	52
n04417672_63.JPEG	0	1	63	63
n04417672_64.JPEG	11	0	52	63
n04417672_65.JPEG	0	0	63	53
n04417672_66.JPEG	0	9	63	34
n04417672_67.JPEG	0	3	62	52
n04417672_68.JPEG	1	14	63	36
n04417672_69.JPEG	0	0	63	63
n04417672_70.JPEG	0	0	63	63
n04417672_71.JPEG	0	13	63	61
n04417672_72.JPEG	0	4	63	63
n04417672_73.JPEG	0	8	63	30
n04417672_74.JPEG	0	0	63	19
n04417672_75.JPEG	0	17	63	41
n04417672_76.JPEG	0	25	63	53
n04417672_77.JPEG	0	0	44	33
n04417672_78.JPEG	0	0	63	63
n04417672_79.JPEG	0	7	63	46
n04417672_80.JPEG	0	14	63	45
n04417672_81.JPEG	6	25	46	45
n04417672_82.JPEG	55	28	63	42
n04417672_83.JPEG	0	12	63	45
n04417672_84.JPEG	0	18	55	35
n04417672_85.JPEG	0	0	63	63
n04417672_86.JPEG	17	11	58	32
n04417672_87.JPEG	10	40	35	54
n04417672_88.JPEG	1	10	62	47
n04417672_89.JPEG	0	19	63	63
n04417672_90.JPEG	0	15	55	30
n04417672_91.JPEG	0	0	63	36
n04417672_92.JPEG	0	30	49	52
n04417672_93.JPEG	1	0	63	0
n04417672_94.JPEG	0	0	63	63
n04417672_95.JPEG	0	0	34	17
n04417672_96.JPEG	0	5	63	47
n04417672_97.JPEG	0	1	58	44
n04417672_98.JPEG	15	17	50	37
n04417672_99.JPEG	0	0	63	63
n04417672_100.JPEG	0	7	63	63
n04417672_101.JPEG	0	7	63	57
n04417672_102.JPEG	0	1	63	33
n04417672_103.JPEG	0	23	15	41
n04417672_104.JPEG	8	7	63	41
n04417672_105.JPEG	0	11	63	63
n04417672_106.JPEG	10	19	63	33
n04417672_107.JPEG	0	0	63	63
n04417672_108.JPEG	0	0	63	32
n04417672_109.JPEG	1	0	63	48
n04417672_110.JPEG	0	0	63	56
n04417672_111.JPEG	3	23	46	40
n04417672_112.JPEG	0	0	63	29
n04417672_113.JPEG	0	6	63	34
n04417672_114.JPEG	0	1	58	33
n04417672_115.JPEG	0	1	26	40
n04417672_116.JPEG	0	9	63	48
n04417672_117.JPEG	0	1	55	38
n04417672_118.JPEG	0	20	63	37
n04417672_119.JPEG	0	0	63	34
n04417672_120.JPEG	0	24	63	63
n04417672_121.JPEG	4	0	63	58
n04417672_122.JPEG	0	0	63	39
n04417672_123.JPEG	0	3	63	26
n04417672_124.JPEG	0	9	63	63
n04417672_125.JPEG	0	5	63	63
n04417672_126.JPEG	0	0	62	47
n04417672_127.JPEG	0	0	63	63
n04417672_128.JPEG	0	12	63	29
n04417672_129.JPEG	25	31	61	53
n04417672_130.JPEG	0	14	63	63
n04417672_131.JPEG	0	0	63	30
n04417672_132.JPEG	0	1	63	63
n04417672_133.JPEG	0	9	50	31
n04417672_134.JPEG	0	12	63	42
n04417672_135.JPEG	1	0	63	61
n04417672_136.JPEG	13	22	62	44
n04417672_137.JPEG	0	0	63	44
n04417672_138.JPEG	19	8	63	40
n04417672_139.JPEG	0	0	63	63
n04417672_140.JPEG	0	0	63	38
n04417672_141.JPEG	0	21	63	63
n04417672_142.JPEG	7	5	63	49
n04417672_143.JPEG	0	0	63	46
n04417672_144.JPEG	0	0	63	63
n04417672_145.JPEG	10	23	49	43
n04417672_146.JPEG	26	4	63	26
n04417672_147.JPEG	0	0	63	63
n04417672_148.JPEG	15	0	63	37
n04417672_149.JPEG	0	6	63	46
n04417672_150.JPEG	1	0	63	25
n04417672_151.JPEG	0	0	63	63
n04417672_152.JPEG	0	1	63	47
n04417672_153.JPEG	0	0	63	48
n04417672_154.JPEG	37	16	63	26
n04417672_155.JPEG	0	8	63	41
n04417672_156.JPEG	0	15	54	43
n04417672_157.JPEG	0	0	61	29
n04417672_158.JPEG	0	0	63	58
n04417672_159.JPEG	6	1	63	26
n04417672_160.JPEG	0	0	63	27
n04417672_161.JPEG	0	13	63	34
n04417672_162.JPEG	0	7	63	55
n04417672_163.JPEG	0	6	63	34
n04417672_164.JPEG	0	5	63	59
n04417672_165.JPEG	0	0	63	63
n04417672_166.JPEG	0	3	63	48
n04417672_167.JPEG	0	16	63	58
n04417672_168.JPEG	0	1	63	19
n04417672_169.JPEG	0	0	63	63
n04417672_170.JPEG	8	0	63	38
n04417672_171.JPEG	0	19	63	61
n04417672_172.JPEG	0	5	63	37
n04417672_173.JPEG	0	6	63	63
n04417672_174.JPEG	0	7	63	63
n04417672_175.JPEG	0	2	50	45
n04417672_176.JPEG	10	10	59	28
n04417672_177.JPEG	0	4	63	45
n04417672_178.JPEG	19	24	39	40
n04417672_179.JPEG	0	0	60	42
n04417672_180.JPEG	0	1	63	63
n04417672_181.JPEG	0	14	63	63
n04417672_182.JPEG	4	3	59	28
n04417672_183.JPEG	19	19	63	39
n04417672_184.JPEG	0	1	63	35
n04417672_185.JPEG	0	0	63	63
n04417672_186.JPEG	0	1	63	63
n04417672_187.JPEG	1	28	63	63
n04417672_188.JPEG	0	3	63	30
n04417672_189.JPEG	0	4	63	39
n04417672_190.JPEG	0	0	63	63
n04417672_191.JPEG	0	19	63	63
n04417672_192.JPEG	1	0	63	43
n04417672_193.JPEG	0	0	63	37
n04417672_194.JPEG	0	5	63	45
n04417672_195.JPEG	0	9	62	35
n04417672_196.JPEG	0	6	63	50
n04417672_197.JPEG	0	1	63	35
n04417672_198.JPEG	0	17	63	63
n04417672_199.JPEG	26	29	63	47
n04417672_200.JPEG	11	16	63	43
n04417672_201.JPEG	1	0	63	63
n04417672_202.JPEG	1	0	63	63
n04417672_203.JPEG	0	0	63	63
n04417672_204.JPEG	1	0	63	63
n04417672_205.JPEG	0	4	59	61
n04417672_206.JPEG	0	7	63	24
n04417672_207.JPEG	0	16	63	63
n04417672_208.JPEG	0	23	47	41
n04417672_209.JPEG	7	0	55	31
n04417672_210.JPEG	0	5	63	45
n04417672_211.JPEG	2	6	32	36
n04417672_212.JPEG	0	0	63	10
n04417672_213.JPEG	0	14	63	49
n04417672_214.JPEG	0	1	63	47
n04417672_215.JPEG	0	31	63	53
n04417672_216.JPEG	12	22	46	37
n04417672_217.JPEG	1	0	63	63
n04417672_218.JPEG	0	27	63	63
n04417672_219.JPEG	0	9	56	35
n04417672_220.JPEG	0	0	63	35
n04417672_221.JPEG	0	0	63	63
n04417672_222.JPEG	1	9	52	32
n04417672_223.JPEG	0	15	63	55
n04417672_224.JPEG	0	25	16	39
n04417672_225.JPEG	0	14	63	40
n04417672_226.JPEG	0	17	60	63
n04417672_227.JPEG	0	0	63	44
n04417672_228.JPEG	0	1	63	36
n04417672_229.JPEG	0	0	63	33
n04417672_230.JPEG	0	0	63	57
n04417672_231.JPEG	0	1	63	63
n04417672_232.JPEG	0	9	63	32
n04417672_233.JPEG	0	14	55	47
n04417672_234.JPEG	11	22	47	39
n04417672_235.JPEG	2	4	63	40
n04417672_236.JPEG	0	5	63	63
n04417672_237.JPEG	7	2	63	50
n04417672_238.JPEG	0	12	63	29
n04417672_239.JPEG	0	9	63	63
n04417672_240.JPEG	0	0	63	35
n04417672_241.JPEG	0	0	63	60
n04417672_242.JPEG	0	0	63	26
n04417672_243.JPEG	0	27	63	50
n04417672_244.JPEG	0	0	63	63
n04417672_245.JPEG	0	11	63	63
n04417672_246.JPEG	16	7	63	34
n04417672_247.JPEG	6	4	63	30
n04417672_248.JPEG	26	30	55	43
n04417672_249.JPEG	0	0	63	49
n04417672_250.JPEG	11	0	47	6
n04417672_251.JPEG	0	0	63	61
n04417672_252.JPEG	0	4	63	40
n04417672_253.JPEG	11	8	63	36
n04417672_254.JPEG	0	0	63	63
n04417672_255.JPEG	0	13	63	63
n04417672_256.JPEG	4	7	58	20
n04417672_257.JPEG	0	13	63	62
n04417672_258.JPEG	0	0	63	63
n04417672_259.JPEG	0	0	58	24
n04417672_260.JPEG	0	2	30	32
n04417672_261.JPEG	0	0	63	63
n04417672_262.JPEG	8	16	57	41
n04417672_263.JPEG	0	1	63	63
n04417672_264.JPEG	0	2	63	35
n04417672_265.JPEG	0	0	63	63
n04417672_266.JPEG	13	0	63	34
n04417672_267.JPEG	0	5	62	40
n04417672_268.JPEG	0	10	63	31
n04417672_269.JPEG	0	1	63	56
n04417672_270.JPEG	0	22	63	63
n04417672_271.JPEG	0	2	63	46
n04417672_272.JPEG	0	0	57	23
n04417672_273.JPEG	0	2	63	29
n04417672_274.JPEG	0	5	63	58
n04417672_275.JPEG	0	9	48	37
n04417672_276.JPEG	21	8	61	46
n04417672_277.JPEG	0	27	26	51
n04417672_278.JPEG	2	0	63	45
n04417672_279.JPEG	0	0	63	44
n04417672_280.JPEG	0	1	38	21
n04417672_281.JPEG	40	27	57	39
n04417672_282.JPEG	0	11	63	47
n04417672_283.JPEG	0	0	63	63
n04417672_284.JPEG	0	15	63	63
n04417672_285.JPEG	0	0	63	63
n04417672_286.JPEG	0	0	63	63
n04417672_287.JPEG	0	1	63	63
n04417672_288.JPEG	17	20	63	56
n04417672_289.JPEG	4	0	63	63
n04417672_290.JPEG	18	0	63	63
n04417672_291.JPEG	0	29	63	63
n04417672_292.JPEG	11	0	63	53
n04417672_293.JPEG	0	1	63	26
n04417672_294.JPEG	26	18	56	30
n04417672_295.JPEG	0	5	63	60
n04417672_296.JPEG	3	10	63	38
n04417672_297.JPEG	0	0	63	28
n04417672_298.JPEG	0	0	63	63
n04417672_299.JPEG	0	1	63	35
n04417672_300.JPEG	10	3	58	22
n04417672_301.JPEG	0	1	63	63
n04417672_302.JPEG	0	0	63	63
n04417672_303.JPEG	0	17	63	46
n04417672_304.JPEG	0	1	63	63
n04417672_305.JPEG	0	0	63	18
n04417672_306.JPEG	0	9	63	63
n04417672_307.JPEG	33	31	63	46
n04417672_308.JPEG	0	2	63	36
n04417672_309.JPEG	6	0	38	27
n04417672_310.JPEG	0	0	63	63
n04417672_311.JPEG	14	1	63	58
n04417672_312.JPEG	0	0	53	25
n04417672_313.JPEG	17	2	63	36
n04417672_314.JPEG	0	5	63	26
n04417672_315.JPEG	0	0	63	36
n04417672_316.JPEG	0	3	63	44
n04417672_317.JPEG	0	2	63	31
n04417672_318.JPEG	1	0	62	28
n04417672_319.JPEG	0	5	63	63
n04417672_320.JPEG	5	0	63	63
n04417672_321.JPEG	0	1	63	36
n04417672_322.JPEG	0	0	63	58
n04417672_323.JPEG	11	0	63	48
n04417672_324.JPEG	0	0	63	41
n04417672_325.JPEG	0	12	63	37
n04417672_326.JPEG	0	8	59	63
n04417672_327.JPEG	0	9	63	43
n04417672_328.JPEG	0	0	63	63
n04417672_329.JPEG	0	1	63	54
n04417672_330.JPEG	0	3	63	41
n04417672_331.JPEG	0	8	63	63
n04417672_332.JPEG	0	1	53	36
n04417672_333.JPEG	0	3	55	30
n04417672_334.JPEG	0	14	62	36
n04417672_335.JPEG	19	19	63	63
n04417672_336.JPEG	0	4	63	44
n04417672_337.JPEG	1	21	60	60
n04417672_338.JPEG	0	0	58	37
n04417672_339.JPEG	17	28	47	39
n04417672_340.JPEG	0	0	48	63
n04417672_341.JPEG	0	2	63	46
n04417672_342.JPEG	0	0	63	63
n04417672_343.JPEG	0	0	63	32
n04417672_344.JPEG	0	0	63	30
n04417672_345.JPEG	0	1	29	63
n04417672_346.JPEG	0	3	63	36
n04417672_347.JPEG	0	0	63	63
n04417672_348.JPEG	0	6	63	39
n04417672_349.JPEG	0	5	63	28
n04417672_350.JPEG	0	0	63	49
n04417672_351.JPEG	21	10	63	43
n04417672_352.JPEG	0	17	63	39
n04417672_353.JPEG	6	0	63	22
n04417672_354.JPEG	0	1	63	63
n04417672_355.JPEG	0	15	63	50
n04417672_356.JPEG	0	16	63	39
n04417672_357.JPEG	0	1	63	40
n04417672_358.JPEG	0	0	63	63
n04417672_359.JPEG	0	14	63	63
n04417672_360.JPEG	1	16	63	49
n04417672_361.JPEG	0	0	63	63
n04417672_362.JPEG	0	0	63	52
n04417672_363.JPEG	0	0	51	26
n04417672_364.JPEG	0	0	63	26
n04417672_365.JPEG	0	1	46	20
n04417672_366.JPEG	14	0	63	20
n04417672_367.JPEG	1	25	59	54
n04417672_368.JPEG	0	3	63	63
n04417672_369.JPEG	5	1	63	41
n04417672_370.JPEG	0	8	63	32
n04417672_371.JPEG	0	16	63	63
n04417672_372.JPEG	0	1	63	35
n04417672_373.JPEG	0	4	63	36
n04417672_374.JPEG	0	0	63	33
n04417672_375.JPEG	0	0	63	59
n04417672_376.JPEG	0	37	63	63
n04417672_377.JPEG	0	0	63	63
n04417672_378.JPEG	0	0	63	36
n04417672_379.JPEG	0	1	63	54
n04417672_380.JPEG	0	10	44	58
n04417672_381.JPEG	0	23	63	63
n04417672_382.JPEG	0	9	63	42
n04417672_383.JPEG	16	26	25	31
n04417672_384.JPEG	0	4	63	34
n04417672_385.JPEG	7	0	63	26
n04417672_386.JPEG	0	1	63	22
n04417672_387.JPEG	0	0	63	30
n04417672_388.JPEG	2	1	63	21
n04417672_389.JPEG	0	1	63	63
n04417672_390.JPEG	0	11	63	32
n04417672_391.JPEG	0	1	46	46
n04417672_392.JPEG	0	20	63	35
n04417672_393.JPEG	3	0	63	41
n04417672_394.JPEG	1	10	32	35
n04417672_395.JPEG	1	0	63	63
n04417672_396.JPEG	0	1	61	37
n04417672_397.JPEG	0	21	63	63
n04417672_398.JPEG	0	3	63	35
n04417672_399.JPEG	13	1	63	21
n04417672_400.JPEG	33	1	63	43
n04417672_401.JPEG	0	0	63	56
n04417672_402.JPEG	0	16	58	34
n04417672_403.JPEG	1	6	63	37
n04417672_404.JPEG	16	0	63	63
n04417672_405.JPEG	0	12	63	63
n04417672_406.JPEG	0	0	63	63
n04417672_407.JPEG	7	0	63	31
n04417672_408.JPEG	0	2	63	36
n04417672_409.JPEG	0	1	63	60
n04417672_410.JPEG	0	5	63	29
n04417672_411.JPEG	26	2	63	63
n04417672_412.JPEG	0	0	63	63
n04417672_413.JPEG	0	0	63	39
n04417672_414.JPEG	0	0	63	43
n04417672_415.JPEG	0	0	63	41
n04417672_416.JPEG	0	0	63	63
n04417672_417.JPEG	0	4	63	51
n04417672_418.JPEG	0	11	63	39
n04417672_419.JPEG	14	27	39	41
n04417672_420.JPEG	0	13	63	63
n04417672_421.JPEG	0	38	63	63
n04417672_422.JPEG	29	25	51	41
n04417672_423.JPEG	10	19	62	33
n04417672_424.JPEG	3	26	46	46
n04417672_425.JPEG	5	0	63	34
n04417672_426.JPEG	18	2	63	21
n04417672_427.JPEG	5	12	60	34
n04417672_428.JPEG	0	20	63	46
n04417672_429.JPEG	0	23	54	34
n04417672_430.JPEG	1	0	63	63
n04417672_431.JPEG	13	5	63	37
n04417672_432.JPEG	0	0	63	43
n04417672_433.JPEG	0	0	63	63
n04417672_434.JPEG	0	23	63	63
n04417672_435.JPEG	0	0	63	63
n04417672_436.JPEG	0	0	63	27
n04417672_437.JPEG	0	2	28	16
n04417672_438.JPEG	0	0	63	63
n04417672_439.JPEG	0	0	61	23
n04417672_440.JPEG	0	12	63	57
n04417672_441.JPEG	0	0	63	26
n04417672_442.JPEG	0	0	63	63
n04417672_443.JPEG	0	1	63	62
n04417672_444.JPEG	0	6	63	29
n04417672_445.JPEG	0	0	63	63
n04417672_446.JPEG	0	2	63	52
n04417672_447.JPEG	1	1	63	46
n04417672_448.JPEG	0	1	63	63
n04417672_449.JPEG	1	0	53	56
n04417672_450.JPEG	0	0	63	56
n04417672_451.JPEG	0	0	63	63
n04417672_452.JPEG	0	0	63	4
n04417672_453.JPEG	0	13	63	63
n04417672_454.JPEG	0	0	63	58
n04417672_455.JPEG	0	4	63	63
n04417672_456.JPEG	0	0	63	49
n04417672_457.JPEG	0	0	63	44
n04417672_458.JPEG	0	7	63	53
n04417672_459.JPEG	0	0	63	63
n04417672_460.JPEG	0	32	63	60
n04417672_461.JPEG	10	19	63	43
n04417672_462.JPEG	0	2	63	36
n04417672_463.JPEG	0	0	24	30
n04417672_464.JPEG	0	0	63	26
n04417672_465.JPEG	0	4	56	63
n04417672_466.JPEG	0	0	63	63
n04417672_467.JPEG	30	29	53	42
n04417672_468.JPEG	2	2	60	21
n04417672_469.JPEG	0	4	63	20
n04417672_470.JPEG	16	27	63	49
n04417672_471.JPEG	0	11	63	63
n04417672_472.JPEG	0	0	63	28
n04417672_473.JPEG	8	5	63	31
n04417672_474.JPEG	12	21	54	34
n04417672_475.JPEG	0	1	63	44
n04417672_476.JPEG	0	16	63	33
n04417672_477.JPEG	0	0	63	39
n04417672_478.JPEG	0	0	63	63
n04417672_479.JPEG	0	4	63	25
n04417672_480.JPEG	1	0	58	63
n04417672_481.JPEG	0	1	63	63
n04417672_482.JPEG	0	0	63	28
n04417672_483.JPEG	0	0	63	35
n04417672_484.JPEG	0	11	63	42
n04417672_485.JPEG	0	2	63	32
n04417672_486.JPEG	0	2	63	33
n04417672_487.JPEG	0	6	63	36
n04417672_488.JPEG	0	0	63	63
n04417672_489.JPEG	0	3	63	45
n04417672_490.JPEG	0	0	43	32
n04417672_491.JPEG	17	15	63	52
n04417672_492.JPEG	0	4	63	27
n04417672_493.JPEG	0	32	63	63
n04417672_494.JPEG	14	1	63	63
n04417672_495.JPEG	0	0	63	37
n04417672_496.JPEG	0	8	60	29
n04417672_497.JPEG	1	0	60	33
n04417672_498.JPEG	39	12	63	24
n04417672_499.JPEG	0	12	63	28
