n02802426_0.JPEG	26	52	32	58
n02802426_1.JPEG	20	0	25	0
n02802426_2.JPEG	26	2	32	9
n02802426_3.JPEG	38	0	45	4
n02802426_4.JPEG	36	0	46	0
n02802426_5.JPEG	35	33	50	48
n02802426_6.JPEG	40	0	48	0
n02802426_7.JPEG	47	48	62	63
n02802426_8.JPEG	29	14	34	18
n02802426_9.JPEG	6	0	17	8
n02802426_10.JPEG	0	0	63	63
n02802426_11.JPEG	35	55	49	63
n02802426_12.JPEG	16	19	21	24
n02802426_13.JPEG	41	18	59	35
n02802426_14.JPEG	42	6	61	25
n02802426_15.JPEG	31	45	40	54
n02802426_16.JPEG	0	3	36	46
n02802426_17.JPEG	18	51	23	56
n02802426_18.JPEG	37	16	47	25
n02802426_19.JPEG	19	32	31	45
n02802426_20.JPEG	37	31	48	42
n02802426_21.JPEG	34	0	44	0
n02802426_22.JPEG	28	0	42	1
n02802426_23.JPEG	19	27	22	30
n02802426_24.JPEG	24	15	28	19
n02802426_25.JPEG	6	55	16	63
n02802426_26.JPEG	20	0	30	1
n02802426_27.JPEG	27	4	34	11
n02802426_28.JPEG	8	7	19	17
n02802426_29.JPEG	2	2	63	63
n02802426_30.JPEG	57	34	63	41
n02802426_31.JPEG	29	22	39	33
n02802426_32.JPEG	14	15	26	28
n02802426_33.JPEG	36	0	46	5
n02802426_34.JPEG	35	27	42	34
n02802426_35.JPEG	11	31	23	43
n02802426_36.JPEG	20	2	27	10
n02802426_37.JPEG	1	21	12	31
n02802426_38.JPEG	28	0	36	0
n02802426_39.JPEG	16	34	26	43
n02802426_40.JPEG	27	27	37	37
n02802426_41.JPEG	15	27	25	37
n02802426_42.JPEG	7	0	21	3
n02802426_43.JPEG	63	10	63	16
n02802426_44.JPEG	30	44	45	60
n02802426_45.JPEG	19	0	27	4
n02802426_46.JPEG	25	3	40	17
n02802426_47.JPEG	16	22	27	32
n02802426_48.JPEG	45	54	59	63
n02802426_49.JPEG	13	5	28	21
n02802426_50.JPEG	5	0	17	11
n02802426_51.JPEG	50	24	60	34
n02802426_52.JPEG	39	34	59	55
n02802426_53.JPEG	6	6	55	54
n02802426_54.JPEG	0	29	0	35
n02802426_55.JPEG	29	23	32	27
n02802426_56.JPEG	35	27	45	38
n02802426_57.JPEG	53	14	58	18
n02802426_58.JPEG	27	34	34	42
n02802426_59.JPEG	26	24	44	43
n02802426_60.JPEG	43	12	52	21
n02802426_61.JPEG	25	27	39	40
n02802426_62.JPEG	30	0	38	2
n02802426_63.JPEG	35	2	53	20
n02802426_64.JPEG	12	31	16	36
n02802426_65.JPEG	9	17	19	28
n02802426_66.JPEG	35	2	56	23
n02802426_67.JPEG	30	24	42	34
n02802426_68.JPEG	42	0	53	0
n02802426_69.JPEG	22	33	31	41
n02802426_70.JPEG	28	0	38	5
n02802426_71.JPEG	37	39	47	49
n02802426_72.JPEG	27	0	41	4
n02802426_73.JPEG	1	30	29	59
n02802426_74.JPEG	25	0	34	3
n02802426_75.JPEG	0	0	63	63
n02802426_76.JPEG	25	0	34	6
n02802426_77.JPEG	18	7	24	13
n02802426_78.JPEG	46	0	55	9
n02802426_79.JPEG	40	13	62	36
n02802426_80.JPEG	4	13	7	17
n02802426_81.JPEG	29	20	34	25
n02802426_82.JPEG	46	0	60	0
n02802426_83.JPEG	21	15	50	42
n02802426_84.JPEG	0	2	8	13
n02802426_85.JPEG	19	0	27	8
n02802426_86.JPEG	42	37	49	44
n02802426_87.JPEG	25	42	31	50
n02802426_88.JPEG	32	8	38	14
n02802426_89.JPEG	13	8	18	14
n02802426_90.JPEG	39	39	49	49
n02802426_91.JPEG	4	35	16	47
n02802426_92.JPEG	22	37	31	46
n02802426_93.JPEG	17	9	27	18
n02802426_94.JPEG	8	0	19	5
n02802426_95.JPEG	58	38	63	60
n02802426_96.JPEG	26	0	42	0
n02802426_97.JPEG	35	0	47	11
n02802426_98.JPEG	22	0	29	0
n02802426_99.JPEG	42	54	53	63
n02802426_100.JPEG	47	39	58	50
n02802426_101.JPEG	7	33	19	45
n02802426_102.JPEG	43	15	53	25
n02802426_103.JPEG	17	4	25	12
n02802426_104.JPEG	2	33	25	58
n02802426_105.JPEG	10	26	16	32
n02802426_106.JPEG	21	48	36	62
n02802426_107.JPEG	16	21	28	32
n02802426_108.JPEG	26	7	33	14
n02802426_109.JPEG	22	0	31	0
n02802426_110.JPEG	8	35	18	43
n02802426_111.JPEG	32	30	39	36
n02802426_112.JPEG	12	0	20	4
n02802426_113.JPEG	7	0	17	5
n02802426_114.JPEG	16	0	29	0
n02802426_115.JPEG	6	0	16	10
n02802426_116.JPEG	19	37	37	53
n02802426_117.JPEG	46	31	60	48
n02802426_118.JPEG	29	28	41	41
n02802426_119.JPEG	0	44	5	50
n02802426_120.JPEG	29	0	39	0
n02802426_121.JPEG	0	29	5	44
n02802426_122.JPEG	4	0	19	5
n02802426_123.JPEG	30	0	40	0
n02802426_124.JPEG	45	6	52	12
n02802426_125.JPEG	0	0	63	63
n02802426_126.JPEG	29	21	34	27
n02802426_127.JPEG	11	34	30	53
n02802426_128.JPEG	2	26	9	34
n02802426_129.JPEG	41	3	47	8
n02802426_130.JPEG	45	16	59	29
n02802426_131.JPEG	16	26	28	38
n02802426_132.JPEG	5	24	16	35
n02802426_133.JPEG	2	28	13	39
n02802426_134.JPEG	4	36	19	52
n02802426_135.JPEG	0	3	31	36
n02802426_136.JPEG	35	40	59	63
n02802426_137.JPEG	37	33	42	38
n02802426_138.JPEG	14	1	26	15
n02802426_139.JPEG	20	1	29	9
n02802426_140.JPEG	9	33	23	47
n02802426_141.JPEG	0	0	63	63
n02802426_142.JPEG	21	0	31	4
n02802426_143.JPEG	51	15	60	24
n02802426_144.JPEG	10	47	22	59
n02802426_145.JPEG	28	1	35	8
n02802426_146.JPEG	31	0	39	1
n02802426_147.JPEG	25	48	36	59
n02802426_148.JPEG	34	17	45	28
n02802426_149.JPEG	14	35	17	39
n02802426_150.JPEG	39	8	46	15
n02802426_151.JPEG	40	34	48	41
n02802426_152.JPEG	3	50	15	62
n02802426_153.JPEG	30	53	42	63
n02802426_154.JPEG	29	35	36	41
n02802426_155.JPEG	20	28	31	40
n02802426_156.JPEG	31	0	44	0
n02802426_157.JPEG	15	25	28	38
n02802426_158.JPEG	6	29	12	35
n02802426_159.JPEG	27	23	30	26
n02802426_160.JPEG	11	20	22	30
n02802426_161.JPEG	45	14	49	19
n02802426_162.JPEG	1	15	15	30
n02802426_163.JPEG	18	24	30	35
n02802426_164.JPEG	25	0	32	0
n02802426_165.JPEG	46	26	49	31
n02802426_166.JPEG	20	0	44	14
n02802426_167.JPEG	32	53	40	61
n02802426_168.JPEG	46	23	53	28
n02802426_169.JPEG	31	0	39	7
n02802426_170.JPEG	12	31	19	39
n02802426_171.JPEG	10	12	32	34
n02802426_172.JPEG	35	20	44	31
n02802426_173.JPEG	15	0	63	63
n02802426_174.JPEG	4	38	9	42
n02802426_175.JPEG	0	39	0	54
n02802426_176.JPEG	6	42	14	51
n02802426_177.JPEG	35	13	50	29
n02802426_178.JPEG	0	0	63	63
n02802426_179.JPEG	25	0	40	0
n02802426_180.JPEG	35	12	45	21
n02802426_181.JPEG	0	40	16	59
n02802426_182.JPEG	28	35	36	44
n02802426_183.JPEG	18	10	28	19
n02802426_184.JPEG	37	24	44	31
n02802426_185.JPEG	40	7	49	16
n02802426_186.JPEG	33	3	36	7
n02802426_187.JPEG	21	37	36	52
n02802426_188.JPEG	21	0	24	3
n02802426_189.JPEG	12	4	63	55
n02802426_190.JPEG	8	9	15	15
n02802426_191.JPEG	25	28	36	39
n02802426_192.JPEG	5	11	20	26
n02802426_193.JPEG	33	0	43	0
n02802426_194.JPEG	5	13	37	47
n02802426_195.JPEG	41	27	45	30
n02802426_196.JPEG	42	8	51	17
n02802426_197.JPEG	3	0	22	17
n02802426_198.JPEG	19	19	58	58
n02802426_199.JPEG	28	23	30	26
n02802426_200.JPEG	40	41	51	53
n02802426_201.JPEG	3	22	21	40
n02802426_202.JPEG	30	18	33	22
n02802426_203.JPEG	11	14	23	25
n02802426_204.JPEG	18	4	29	15
n02802426_205.JPEG	21	1	36	15
n02802426_206.JPEG	16	33	30	47
n02802426_207.JPEG	44	45	55	57
n02802426_208.JPEG	24	39	42	56
n02802426_209.JPEG	11	5	22	16
n02802426_210.JPEG	48	22	59	35
n02802426_211.JPEG	7	48	14	55
n02802426_212.JPEG	0	1	63	63
n02802426_213.JPEG	2	40	27	63
n02802426_214.JPEG	30	12	40	22
n02802426_215.JPEG	26	20	32	25
n02802426_216.JPEG	28	2	40	14
n02802426_217.JPEG	44	11	55	21
n02802426_218.JPEG	50	45	60	56
n02802426_219.JPEG	31	12	35	18
n02802426_220.JPEG	38	0	46	3
n02802426_221.JPEG	9	6	58	55
n02802426_222.JPEG	0	49	7	63
n02802426_223.JPEG	37	41	46	51
n02802426_224.JPEG	29	0	40	0
n02802426_225.JPEG	0	0	63	63
n02802426_226.JPEG	14	1	22	8
n02802426_227.JPEG	25	11	29	14
n02802426_228.JPEG	9	34	63	63
n02802426_229.JPEG	32	32	35	35
n02802426_230.JPEG	20	13	33	27
n02802426_231.JPEG	1	31	12	48
n02802426_232.JPEG	63	16	63	24
n02802426_233.JPEG	42	0	49	0
n02802426_234.JPEG	52	23	63	51
n02802426_235.JPEG	5	0	15	3
n02802426_236.JPEG	25	26	34	34
n02802426_237.JPEG	33	47	42	57
n02802426_238.JPEG	29	7	63	46
n02802426_239.JPEG	33	21	47	33
n02802426_240.JPEG	28	7	44	28
n02802426_241.JPEG	1	52	24	63
n02802426_242.JPEG	33	17	44	28
n02802426_243.JPEG	33	27	35	30
n02802426_244.JPEG	41	26	55	40
n02802426_245.JPEG	37	27	47	38
n02802426_246.JPEG	51	49	63	62
n02802426_247.JPEG	25	50	34	60
n02802426_248.JPEG	9	0	18	8
n02802426_249.JPEG	30	20	39	28
n02802426_250.JPEG	44	21	52	30
n02802426_251.JPEG	1	33	21	53
n02802426_252.JPEG	32	2	37	7
n02802426_253.JPEG	31	0	38	0
n02802426_254.JPEG	26	30	32	36
n02802426_255.JPEG	21	45	32	55
n02802426_256.JPEG	24	5	37	17
n02802426_257.JPEG	6	11	20	26
n02802426_258.JPEG	27	44	31	48
n02802426_259.JPEG	42	29	63	47
n02802426_260.JPEG	35	42	47	54
n02802426_261.JPEG	9	38	24	52
n02802426_262.JPEG	29	0	38	0
n02802426_263.JPEG	19	32	25	37
n02802426_264.JPEG	17	14	25	23
n02802426_265.JPEG	46	25	60	40
n02802426_266.JPEG	25	20	34	30
n02802426_267.JPEG	4	2	15	15
n02802426_268.JPEG	29	17	34	22
n02802426_269.JPEG	7	9	29	31
n02802426_270.JPEG	18	1	26	9
n02802426_271.JPEG	10	2	57	48
n02802426_272.JPEG	21	42	35	55
n02802426_273.JPEG	24	22	28	26
n02802426_274.JPEG	29	48	49	63
n02802426_275.JPEG	24	0	30	0
n02802426_276.JPEG	1	0	63	63
n02802426_277.JPEG	0	0	63	63
n02802426_278.JPEG	31	44	42	55
n02802426_279.JPEG	18	47	30	59
n02802426_280.JPEG	30	17	37	25
n02802426_281.JPEG	14	0	32	8
n02802426_282.JPEG	46	43	60	57
n02802426_283.JPEG	12	14	63	63
n02802426_284.JPEG	16	29	24	37
n02802426_285.JPEG	33	18	46	31
n02802426_286.JPEG	10	0	19	0
n02802426_287.JPEG	35	30	43	37
n02802426_288.JPEG	14	1	23	11
n02802426_289.JPEG	61	31	63	34
n02802426_290.JPEG	47	25	63	63
n02802426_291.JPEG	11	27	23	39
n02802426_292.JPEG	30	0	40	2
n02802426_293.JPEG	42	31	46	36
n02802426_294.JPEG	20	4	32	16
n02802426_295.JPEG	8	0	35	12
n02802426_296.JPEG	34	0	45	5
n02802426_297.JPEG	0	3	18	34
n02802426_298.JPEG	3	45	14	57
n02802426_299.JPEG	19	33	33	48
n02802426_300.JPEG	18	15	22	20
n02802426_301.JPEG	31	19	43	31
n02802426_302.JPEG	39	7	45	14
n02802426_303.JPEG	36	0	44	8
n02802426_304.JPEG	33	28	42	38
n02802426_305.JPEG	13	0	24	0
n02802426_306.JPEG	42	43	51	53
n02802426_307.JPEG	21	45	39	63
n02802426_308.JPEG	21	29	29	37
n02802426_309.JPEG	24	21	29	26
n02802426_310.JPEG	16	38	25	47
n02802426_311.JPEG	16	7	26	18
n02802426_312.JPEG	38	35	52	49
n02802426_313.JPEG	12	0	51	34
n02802426_314.JPEG	3	37	18	54
n02802426_315.JPEG	12	0	22	3
n02802426_316.JPEG	22	52	30	59
n02802426_317.JPEG	33	7	43	18
n02802426_318.JPEG	0	3	17	20
n02802426_319.JPEG	12	32	24	43
n02802426_320.JPEG	14	27	28	40
n02802426_321.JPEG	0	12	15	32
n02802426_322.JPEG	6	26	15	35
n02802426_323.JPEG	30	5	35	10
n02802426_324.JPEG	6	0	32	14
n02802426_325.JPEG	9	20	18	29
n02802426_326.JPEG	30	42	36	48
n02802426_327.JPEG	28	0	63	63
n02802426_328.JPEG	29	38	35	43
n02802426_329.JPEG	8	14	18	25
n02802426_330.JPEG	26	19	36	28
n02802426_331.JPEG	25	0	47	14
n02802426_332.JPEG	60	45	63	54
n02802426_333.JPEG	53	32	63	42
n02802426_334.JPEG	36	24	51	40
n02802426_335.JPEG	19	0	32	8
n02802426_336.JPEG	6	55	18	63
n02802426_337.JPEG	19	0	28	7
n02802426_338.JPEG	40	0	56	5
n02802426_339.JPEG	30	3	35	8
n02802426_340.JPEG	29	6	48	24
n02802426_341.JPEG	29	39	49	59
n02802426_342.JPEG	48	1	54	7
n02802426_343.JPEG	22	0	33	0
n02802426_344.JPEG	27	0	35	2
n02802426_345.JPEG	49	56	55	63
n02802426_346.JPEG	22	38	37	52
n02802426_347.JPEG	7	3	14	10
n02802426_348.JPEG	29	0	37	0
n02802426_349.JPEG	63	51	63	62
n02802426_350.JPEG	27	17	48	37
n02802426_351.JPEG	50	31	59	41
n02802426_352.JPEG	44	0	52	3
n02802426_353.JPEG	50	23	60	33
n02802426_354.JPEG	26	4	32	10
n02802426_355.JPEG	42	47	53	58
n02802426_356.JPEG	10	9	16	15
n02802426_357.JPEG	29	27	33	30
n02802426_358.JPEG	20	10	63	63
n02802426_359.JPEG	29	6	38	16
n02802426_360.JPEG	40	8	44	11
n02802426_361.JPEG	42	25	63	49
n02802426_362.JPEG	27	23	33	31
n02802426_363.JPEG	23	11	28	16
n02802426_364.JPEG	28	0	37	0
n02802426_365.JPEG	27	18	31	22
n02802426_366.JPEG	31	2	38	10
n02802426_367.JPEG	24	10	35	22
n02802426_368.JPEG	16	43	25	53
n02802426_369.JPEG	27	26	33	33
n02802426_370.JPEG	7	40	27	61
n02802426_371.JPEG	16	40	34	60
n02802426_372.JPEG	9	24	20	35
n02802426_373.JPEG	47	4	63	31
n02802426_374.JPEG	54	0	63	0
n02802426_375.JPEG	0	41	10	54
n02802426_376.JPEG	48	37	53	41
n02802426_377.JPEG	26	28	42	45
n02802426_378.JPEG	25	22	31	28
n02802426_379.JPEG	52	13	58	20
n02802426_380.JPEG	27	0	35	7
n02802426_381.JPEG	45	15	52	23
n02802426_382.JPEG	59	30	63	41
n02802426_383.JPEG	6	30	35	58
n02802426_384.JPEG	0	41	12	52
n02802426_385.JPEG	6	5	61	60
n02802426_386.JPEG	9	33	13	39
n02802426_387.JPEG	45	33	52	40
n02802426_388.JPEG	17	4	23	9
n02802426_389.JPEG	29	18	38	28
n02802426_390.JPEG	13	0	26	4
n02802426_391.JPEG	17	0	31	8
n02802426_392.JPEG	6	8	55	56
n02802426_393.JPEG	22	1	58	30
n02802426_394.JPEG	0	10	4	17
n02802426_395.JPEG	32	0	42	0
n02802426_396.JPEG	4	16	17	28
n02802426_397.JPEG	11	15	20	23
n02802426_398.JPEG	31	35	50	52
n02802426_399.JPEG	26	28	33	34
n02802426_400.JPEG	0	6	43	57
n02802426_401.JPEG	19	20	25	27
n02802426_402.JPEG	21	0	53	30
n02802426_403.JPEG	8	38	17	47
n02802426_404.JPEG	2	13	12	22
n02802426_405.JPEG	43	16	59	33
n02802426_406.JPEG	22	49	35	62
n02802426_407.JPEG	6	21	14	29
n02802426_408.JPEG	22	33	32	43
n02802426_409.JPEG	43	27	55	42
n02802426_410.JPEG	37	25	50	37
n02802426_411.JPEG	51	27	59	35
n02802426_412.JPEG	6	63	17	63
n02802426_413.JPEG	30	61	40	63
n02802426_414.JPEG	47	56	61	63
n02802426_415.JPEG	35	28	45	38
n02802426_416.JPEG	0	0	63	63
n02802426_417.JPEG	10	0	20	9
n02802426_418.JPEG	0	51	12	63
n02802426_419.JPEG	37	0	43	0
n02802426_420.JPEG	28	32	38	41
n02802426_421.JPEG	19	22	25	28
n02802426_422.JPEG	36	45	44	53
n02802426_423.JPEG	49	21	61	32
n02802426_424.JPEG	34	23	46	35
n02802426_425.JPEG	36	39	61	61
n02802426_426.JPEG	24	34	35	45
n02802426_427.JPEG	18	0	24	6
n02802426_428.JPEG	27	16	55	44
n02802426_429.JPEG	15	15	21	21
n02802426_430.JPEG	37	15	50	27
n02802426_431.JPEG	6	0	29	20
n02802426_432.JPEG	22	0	33	0
n02802426_433.JPEG	30	6	36	12
n02802426_434.JPEG	24	3	36	14
n02802426_435.JPEG	0	11	31	51
n02802426_436.JPEG	40	0	49	0
n02802426_437.JPEG	20	24	34	38
n02802426_438.JPEG	22	1	28	7
n02802426_439.JPEG	30	7	35	12
n02802426_440.JPEG	4	4	60	60
n02802426_441.JPEG	35	0	45	0
n02802426_442.JPEG	27	0	40	0
n02802426_443.JPEG	34	39	47	53
n02802426_444.JPEG	30	20	42	35
n02802426_445.JPEG	33	9	36	12
n02802426_446.JPEG	17	28	28	39
n02802426_447.JPEG	24	21	37	35
n02802426_448.JPEG	7	14	19	26
n02802426_449.JPEG	27	0	40	0
n02802426_450.JPEG	29	0	41	0
n02802426_451.JPEG	38	1	48	11
n02802426_452.JPEG	10	0	21	11
n02802426_453.JPEG	32	0	39	1
n02802426_454.JPEG	44	0	54	0
n02802426_455.JPEG	17	12	22	17
n02802426_456.JPEG	10	35	24	47
n02802426_457.JPEG	34	50	41	57
n02802426_458.JPEG	32	20	41	31
n02802426_459.JPEG	38	0	50	0
n02802426_460.JPEG	27	25	36	32
n02802426_461.JPEG	35	34	40	40
n02802426_462.JPEG	19	36	31	47
n02802426_463.JPEG	24	6	32	15
n02802426_464.JPEG	27	7	33	13
n02802426_465.JPEG	26	0	31	3
n02802426_466.JPEG	45	0	57	0
n02802426_467.JPEG	28	10	32	14
n02802426_468.JPEG	25	0	34	1
n02802426_469.JPEG	9	30	18	40
n02802426_470.JPEG	48	30	52	34
n02802426_471.JPEG	46	44	54	51
n02802426_472.JPEG	43	0	56	11
n02802426_473.JPEG	35	17	45	29
n02802426_474.JPEG	27	13	40	26
n02802426_475.JPEG	0	9	20	32
n02802426_476.JPEG	0	30	0	37
n02802426_477.JPEG	21	0	32	4
n02802426_478.JPEG	21	33	35	45
n02802426_479.JPEG	27	46	31	50
n02802426_480.JPEG	23	26	29	33
n02802426_481.JPEG	49	36	60	47
n02802426_482.JPEG	10	18	23	30
n02802426_483.JPEG	14	37	24	47
n02802426_484.JPEG	8	22	19	32
n02802426_485.JPEG	10	13	55	58
n02802426_486.JPEG	31	0	45	1
n02802426_487.JPEG	40	28	46	35
n02802426_488.JPEG	58	28	63	36
n02802426_489.JPEG	30	0	40	2
n02802426_490.JPEG	9	37	28	56
n02802426_491.JPEG	40	53	48	61
n02802426_492.JPEG	28	0	44	9
n02802426_493.JPEG	23	2	32	10
n02802426_494.JPEG	8	0	39	25
n02802426_495.JPEG	35	39	42	47
n02802426_496.JPEG	9	43	27	60
n02802426_497.JPEG	50	10	55	16
n02802426_498.JPEG	34	37	44	48
n02802426_499.JPEG	16	20	29	32
