n02410509_0.JPEG	14	15	63	53
n02410509_1.JPEG	4	6	61	61
n02410509_2.JPEG	10	13	63	42
n02410509_3.JPEG	0	9	63	63
n02410509_4.JPEG	7	0	63	63
n02410509_5.JPEG	22	21	63	63
n02410509_6.JPEG	0	10	63	56
n02410509_7.JPEG	0	0	63	63
n02410509_8.JPEG	21	19	53	36
n02410509_9.JPEG	4	20	47	60
n02410509_10.JPEG	6	0	57	63
n02410509_11.JPEG	0	11	55	58
n02410509_12.JPEG	0	0	54	63
n02410509_13.JPEG	22	24	47	41
n02410509_14.JPEG	0	9	21	52
n02410509_15.JPEG	0	4	47	54
n02410509_16.JPEG	41	33	54	40
n02410509_17.JPEG	22	29	35	39
n02410509_18.JPEG	16	5	46	63
n02410509_19.JPEG	4	40	27	54
n02410509_20.JPEG	0	13	63	59
n02410509_21.JPEG	9	3	54	63
n02410509_22.JPEG	9	5	25	23
n02410509_23.JPEG	0	0	49	55
n02410509_24.JPEG	36	44	63	60
n02410509_25.JPEG	14	20	54	50
n02410509_26.JPEG	0	0	55	63
n02410509_27.JPEG	0	16	63	57
n02410509_28.JPEG	0	16	63	62
n02410509_29.JPEG	0	1	63	63
n02410509_30.JPEG	6	0	63	63
n02410509_31.JPEG	0	31	0	42
n02410509_32.JPEG	1	0	61	63
n02410509_33.JPEG	14	24	36	40
n02410509_34.JPEG	3	36	39	60
n02410509_35.JPEG	35	26	63	58
n02410509_36.JPEG	11	19	59	50
n02410509_37.JPEG	9	11	58	51
n02410509_38.JPEG	9	15	49	44
n02410509_39.JPEG	0	12	49	50
n02410509_40.JPEG	0	12	63	61
n02410509_41.JPEG	27	26	48	41
n02410509_42.JPEG	0	0	63	54
n02410509_43.JPEG	20	22	50	51
n02410509_44.JPEG	3	22	61	50
n02410509_45.JPEG	45	21	63	43
n02410509_46.JPEG	36	24	63	53
n02410509_47.JPEG	2	10	63	61
n02410509_48.JPEG	14	23	36	39
n02410509_49.JPEG	0	16	61	54
n02410509_50.JPEG	0	15	53	51
n02410509_51.JPEG	3	7	62	55
n02410509_52.JPEG	31	23	63	45
n02410509_53.JPEG	0	17	55	63
n02410509_54.JPEG	5	27	37	50
n02410509_55.JPEG	0	5	63	51
n02410509_56.JPEG	0	0	63	63
n02410509_57.JPEG	0	0	24	21
n02410509_58.JPEG	11	2	59	63
n02410509_59.JPEG	11	0	63	63
n02410509_60.JPEG	20	42	47	59
n02410509_61.JPEG	30	14	40	24
n02410509_62.JPEG	5	13	48	56
n02410509_63.JPEG	17	20	62	61
n02410509_64.JPEG	0	0	49	63
n02410509_65.JPEG	6	12	63	59
n02410509_66.JPEG	8	6	63	63
n02410509_67.JPEG	11	7	62	55
n02410509_68.JPEG	9	22	47	55
n02410509_69.JPEG	25	43	42	55
n02410509_70.JPEG	18	13	35	26
n02410509_71.JPEG	20	14	38	48
n02410509_72.JPEG	0	11	63	58
n02410509_73.JPEG	8	21	55	57
n02410509_74.JPEG	21	19	39	48
n02410509_75.JPEG	20	16	63	57
n02410509_76.JPEG	0	13	57	48
n02410509_77.JPEG	20	11	63	58
n02410509_78.JPEG	20	38	32	47
n02410509_79.JPEG	3	15	63	52
n02410509_80.JPEG	10	32	28	42
n02410509_81.JPEG	0	4	63	63
n02410509_82.JPEG	0	4	40	63
n02410509_83.JPEG	3	40	13	47
n02410509_84.JPEG	3	7	63	51
n02410509_85.JPEG	7	11	58	40
n02410509_86.JPEG	2	13	63	63
n02410509_87.JPEG	0	14	63	58
n02410509_88.JPEG	47	41	56	46
n02410509_89.JPEG	0	0	40	63
n02410509_90.JPEG	11	25	54	47
n02410509_91.JPEG	0	1	53	63
n02410509_92.JPEG	0	5	63	60
n02410509_93.JPEG	13	21	63	60
n02410509_94.JPEG	0	7	57	62
n02410509_95.JPEG	8	12	52	55
n02410509_96.JPEG	0	1	63	63
n02410509_97.JPEG	0	0	47	63
n02410509_98.JPEG	13	17	63	50
n02410509_99.JPEG	0	21	4	30
n02410509_100.JPEG	0	12	63	53
n02410509_101.JPEG	13	15	61	51
n02410509_102.JPEG	0	8	63	52
n02410509_103.JPEG	0	8	51	55
n02410509_104.JPEG	0	18	36	48
n02410509_105.JPEG	2	0	63	63
n02410509_106.JPEG	14	0	63	63
n02410509_107.JPEG	0	21	39	53
n02410509_108.JPEG	0	0	61	63
n02410509_109.JPEG	6	0	63	56
n02410509_110.JPEG	7	0	63	63
n02410509_111.JPEG	9	21	48	46
n02410509_112.JPEG	15	5	63	63
n02410509_113.JPEG	8	0	63	63
n02410509_114.JPEG	0	1	63	63
n02410509_115.JPEG	0	2	60	57
n02410509_116.JPEG	16	25	29	34
n02410509_117.JPEG	0	0	50	63
n02410509_118.JPEG	0	4	63	56
n02410509_119.JPEG	0	0	63	60
n02410509_120.JPEG	11	0	63	63
n02410509_121.JPEG	35	11	63	31
n02410509_122.JPEG	6	14	50	56
n02410509_123.JPEG	19	21	63	53
n02410509_124.JPEG	0	3	53	63
n02410509_125.JPEG	0	15	59	57
n02410509_126.JPEG	0	0	48	63
n02410509_127.JPEG	0	22	40	55
n02410509_128.JPEG	28	21	63	46
n02410509_129.JPEG	0	0	63	63
n02410509_130.JPEG	8	17	62	49
n02410509_131.JPEG	15	29	39	43
n02410509_132.JPEG	33	22	58	54
n02410509_133.JPEG	0	2	63	63
n02410509_134.JPEG	5	4	61	63
n02410509_135.JPEG	10	0	63	61
n02410509_136.JPEG	0	1	63	63
n02410509_137.JPEG	11	11	44	55
n02410509_138.JPEG	9	0	63	63
n02410509_139.JPEG	9	15	63	63
n02410509_140.JPEG	0	22	46	49
n02410509_141.JPEG	0	1	63	63
n02410509_142.JPEG	2	0	63	63
n02410509_143.JPEG	0	9	63	63
n02410509_144.JPEG	9	20	44	53
n02410509_145.JPEG	37	48	55	58
n02410509_146.JPEG	15	6	63	63
n02410509_147.JPEG	0	1	63	61
n02410509_148.JPEG	13	41	40	60
n02410509_149.JPEG	5	3	60	61
n02410509_150.JPEG	0	3	63	53
n02410509_151.JPEG	8	0	63	63
n02410509_152.JPEG	0	20	54	57
n02410509_153.JPEG	0	0	55	63
n02410509_154.JPEG	0	18	40	63
n02410509_155.JPEG	15	27	42	45
n02410509_156.JPEG	28	34	37	46
n02410509_157.JPEG	12	10	63	57
n02410509_158.JPEG	0	9	63	63
n02410509_159.JPEG	0	9	63	63
n02410509_160.JPEG	0	0	56	63
n02410509_161.JPEG	20	10	63	59
n02410509_162.JPEG	5	12	54	57
n02410509_163.JPEG	5	14	51	48
n02410509_164.JPEG	1	2	55	63
n02410509_165.JPEG	22	29	39	45
n02410509_166.JPEG	0	0	63	63
n02410509_167.JPEG	21	33	47	63
n02410509_168.JPEG	42	18	63	56
n02410509_169.JPEG	0	32	63	60
n02410509_170.JPEG	10	0	63	63
n02410509_171.JPEG	0	1	63	63
n02410509_172.JPEG	19	20	48	45
n02410509_173.JPEG	20	26	63	49
n02410509_174.JPEG	21	11	56	58
n02410509_175.JPEG	9	21	20	27
n02410509_176.JPEG	19	27	31	47
n02410509_177.JPEG	0	18	32	46
n02410509_178.JPEG	1	0	58	63
n02410509_179.JPEG	0	16	55	56
n02410509_180.JPEG	55	19	63	44
n02410509_181.JPEG	1	27	50	61
n02410509_182.JPEG	11	25	36	47
n02410509_183.JPEG	50	44	59	60
n02410509_184.JPEG	0	26	41	46
n02410509_185.JPEG	2	10	63	53
n02410509_186.JPEG	0	10	63	53
n02410509_187.JPEG	8	2	61	63
n02410509_188.JPEG	5	19	63	63
n02410509_189.JPEG	14	1	51	50
n02410509_190.JPEG	0	9	63	62
n02410509_191.JPEG	1	0	63	63
n02410509_192.JPEG	15	10	63	51
n02410509_193.JPEG	4	16	56	59
n02410509_194.JPEG	15	23	58	53
n02410509_195.JPEG	12	15	60	63
n02410509_196.JPEG	31	21	51	55
n02410509_197.JPEG	11	13	49	36
n02410509_198.JPEG	11	17	52	48
n02410509_199.JPEG	0	13	63	54
n02410509_200.JPEG	10	0	63	63
n02410509_201.JPEG	0	39	17	52
n02410509_202.JPEG	0	19	41	53
n02410509_203.JPEG	17	17	51	45
n02410509_204.JPEG	1	0	56	63
n02410509_205.JPEG	21	41	41	57
n02410509_206.JPEG	33	34	63	54
n02410509_207.JPEG	14	18	60	48
n02410509_208.JPEG	1	1	63	63
n02410509_209.JPEG	38	40	56	54
n02410509_210.JPEG	5	13	63	60
n02410509_211.JPEG	30	21	63	49
n02410509_212.JPEG	0	12	63	51
n02410509_213.JPEG	0	10	56	53
n02410509_214.JPEG	0	10	37	63
n02410509_215.JPEG	0	16	32	44
n02410509_216.JPEG	0	3	63	63
n02410509_217.JPEG	38	17	61	48
n02410509_218.JPEG	0	0	63	63
n02410509_219.JPEG	10	26	28	57
n02410509_220.JPEG	22	21	59	46
n02410509_221.JPEG	25	20	50	59
n02410509_222.JPEG	3	8	48	40
n02410509_223.JPEG	0	6	63	58
n02410509_224.JPEG	24	12	63	42
n02410509_225.JPEG	18	17	54	42
n02410509_226.JPEG	21	25	30	38
n02410509_227.JPEG	10	9	63	55
n02410509_228.JPEG	0	16	63	63
n02410509_229.JPEG	21	27	34	43
n02410509_230.JPEG	1	0	63	63
n02410509_231.JPEG	0	1	63	63
n02410509_232.JPEG	0	0	52	63
n02410509_233.JPEG	42	30	55	40
n02410509_234.JPEG	4	0	62	63
n02410509_235.JPEG	0	1	51	62
n02410509_236.JPEG	26	32	40	45
n02410509_237.JPEG	6	18	63	47
n02410509_238.JPEG	27	43	34	48
n02410509_239.JPEG	0	12	63	57
n02410509_240.JPEG	18	21	61	44
n02410509_241.JPEG	0	0	63	63
n02410509_242.JPEG	0	14	63	55
n02410509_243.JPEG	0	8	63	58
n02410509_244.JPEG	41	34	58	47
n02410509_245.JPEG	9	15	61	41
n02410509_246.JPEG	39	25	63	47
n02410509_247.JPEG	9	43	28	56
n02410509_248.JPEG	39	3	63	63
n02410509_249.JPEG	2	3	61	62
n02410509_250.JPEG	29	17	63	62
n02410509_251.JPEG	4	19	54	50
n02410509_252.JPEG	0	2	54	61
n02410509_253.JPEG	0	9	63	58
n02410509_254.JPEG	0	0	63	63
n02410509_255.JPEG	13	17	62	41
n02410509_256.JPEG	45	20	63	43
n02410509_257.JPEG	0	15	60	63
n02410509_258.JPEG	2	24	38	56
n02410509_259.JPEG	10	12	48	54
n02410509_260.JPEG	0	30	13	46
n02410509_261.JPEG	24	17	63	51
n02410509_262.JPEG	8	14	63	63
n02410509_263.JPEG	0	11	63	62
n02410509_264.JPEG	0	2	63	48
n02410509_265.JPEG	4	26	51	47
n02410509_266.JPEG	32	23	63	51
n02410509_267.JPEG	0	15	35	48
n02410509_268.JPEG	12	1	63	63
n02410509_269.JPEG	8	13	63	55
n02410509_270.JPEG	9	20	60	47
n02410509_271.JPEG	10	27	50	49
n02410509_272.JPEG	20	28	44	42
n02410509_273.JPEG	34	17	52	53
n02410509_274.JPEG	9	28	63	58
n02410509_275.JPEG	0	11	52	62
n02410509_276.JPEG	16	6	61	52
n02410509_277.JPEG	32	29	63	60
n02410509_278.JPEG	11	0	41	50
n02410509_279.JPEG	61	30	63	39
n02410509_280.JPEG	0	13	48	60
n02410509_281.JPEG	5	10	59	47
n02410509_282.JPEG	0	15	63	62
n02410509_283.JPEG	0	8	63	53
n02410509_284.JPEG	11	20	49	47
n02410509_285.JPEG	16	24	57	54
n02410509_286.JPEG	1	12	63	51
n02410509_287.JPEG	53	28	62	33
n02410509_288.JPEG	63	46	63	57
n02410509_289.JPEG	5	0	63	63
n02410509_290.JPEG	50	45	63	57
n02410509_291.JPEG	4	23	54	43
n02410509_292.JPEG	0	8	54	60
n02410509_293.JPEG	5	13	63	63
n02410509_294.JPEG	31	27	63	60
n02410509_295.JPEG	0	19	63	48
n02410509_296.JPEG	6	33	49	54
n02410509_297.JPEG	3	6	61	54
n02410509_298.JPEG	34	35	41	49
n02410509_299.JPEG	0	12	63	60
n02410509_300.JPEG	13	9	63	57
n02410509_301.JPEG	3	0	63	63
n02410509_302.JPEG	0	0	63	63
n02410509_303.JPEG	0	18	61	54
n02410509_304.JPEG	0	26	10	47
n02410509_305.JPEG	0	4	63	63
n02410509_306.JPEG	30	31	49	44
n02410509_307.JPEG	0	0	56	63
n02410509_308.JPEG	0	26	54	53
n02410509_309.JPEG	0	12	63	63
n02410509_310.JPEG	10	0	63	57
n02410509_311.JPEG	13	12	49	49
n02410509_312.JPEG	0	14	40	57
n02410509_313.JPEG	0	21	23	47
n02410509_314.JPEG	0	7	63	63
n02410509_315.JPEG	0	23	40	48
n02410509_316.JPEG	0	8	63	58
n02410509_317.JPEG	24	23	63	58
n02410509_318.JPEG	47	29	60	43
n02410509_319.JPEG	0	27	18	42
n02410509_320.JPEG	9	16	61	53
n02410509_321.JPEG	26	14	46	26
n02410509_322.JPEG	18	7	44	56
n02410509_323.JPEG	0	9	60	63
n02410509_324.JPEG	0	15	51	63
n02410509_325.JPEG	21	45	32	54
n02410509_326.JPEG	5	6	63	58
n02410509_327.JPEG	13	0	55	63
n02410509_328.JPEG	0	4	63	56
n02410509_329.JPEG	49	40	63	52
n02410509_330.JPEG	19	5	61	58
n02410509_331.JPEG	0	1	63	63
n02410509_332.JPEG	6	13	63	48
n02410509_333.JPEG	14	15	49	45
n02410509_334.JPEG	16	2	50	61
n02410509_335.JPEG	36	34	54	49
n02410509_336.JPEG	5	16	51	43
n02410509_337.JPEG	19	33	38	49
n02410509_338.JPEG	14	21	63	60
n02410509_339.JPEG	3	22	54	51
n02410509_340.JPEG	31	27	63	57
n02410509_341.JPEG	0	0	47	63
n02410509_342.JPEG	16	18	45	47
n02410509_343.JPEG	25	27	63	63
n02410509_344.JPEG	0	1	63	60
n02410509_345.JPEG	0	18	63	63
n02410509_346.JPEG	0	10	63	59
n02410509_347.JPEG	10	20	58	52
n02410509_348.JPEG	25	32	54	55
n02410509_349.JPEG	19	38	42	50
n02410509_350.JPEG	30	16	58	40
n02410509_351.JPEG	10	2	63	53
n02410509_352.JPEG	16	17	50	38
n02410509_353.JPEG	26	19	63	58
n02410509_354.JPEG	9	19	59	49
n02410509_355.JPEG	5	15	54	53
n02410509_356.JPEG	8	8	58	59
n02410509_357.JPEG	14	10	58	38
n02410509_358.JPEG	10	19	62	46
n02410509_359.JPEG	0	20	29	51
n02410509_360.JPEG	0	4	60	63
n02410509_361.JPEG	0	21	56	53
n02410509_362.JPEG	0	0	46	63
n02410509_363.JPEG	0	0	63	63
n02410509_364.JPEG	15	22	50	47
n02410509_365.JPEG	24	24	45	49
n02410509_366.JPEG	21	30	53	50
n02410509_367.JPEG	0	15	57	56
n02410509_368.JPEG	0	17	52	57
n02410509_369.JPEG	0	17	39	53
n02410509_370.JPEG	4	0	63	63
n02410509_371.JPEG	2	15	63	55
n02410509_372.JPEG	37	32	63	60
n02410509_373.JPEG	20	16	63	56
n02410509_374.JPEG	4	11	47	47
n02410509_375.JPEG	0	7	63	58
n02410509_376.JPEG	10	0	53	63
n02410509_377.JPEG	20	0	39	12
n02410509_378.JPEG	9	9	53	63
n02410509_379.JPEG	0	0	52	63
n02410509_380.JPEG	37	10	63	57
n02410509_381.JPEG	24	15	57	56
n02410509_382.JPEG	37	27	49	45
n02410509_383.JPEG	12	22	41	49
n02410509_384.JPEG	9	2	57	63
n02410509_385.JPEG	0	23	33	50
n02410509_386.JPEG	19	0	63	63
n02410509_387.JPEG	43	30	63	50
n02410509_388.JPEG	12	28	44	38
n02410509_389.JPEG	0	15	63	57
n02410509_390.JPEG	0	20	54	61
n02410509_391.JPEG	42	45	62	60
n02410509_392.JPEG	5	16	63	47
n02410509_393.JPEG	0	16	59	54
n02410509_394.JPEG	13	19	63	48
n02410509_395.JPEG	39	21	55	39
n02410509_396.JPEG	0	38	14	61
n02410509_397.JPEG	40	39	45	42
n02410509_398.JPEG	4	0	60	63
n02410509_399.JPEG	1	0	63	63
n02410509_400.JPEG	0	27	17	58
n02410509_401.JPEG	0	42	19	59
n02410509_402.JPEG	0	8	63	60
n02410509_403.JPEG	10	15	63	55
n02410509_404.JPEG	0	1	63	52
n02410509_405.JPEG	38	25	63	60
n02410509_406.JPEG	0	15	63	60
n02410509_407.JPEG	0	6	63	60
n02410509_408.JPEG	16	25	53	47
n02410509_409.JPEG	10	0	63	63
n02410509_410.JPEG	0	22	63	57
n02410509_411.JPEG	0	10	63	63
n02410509_412.JPEG	5	28	16	40
n02410509_413.JPEG	22	37	63	62
n02410509_414.JPEG	0	37	26	50
n02410509_415.JPEG	0	0	63	63
n02410509_416.JPEG	2	20	49	45
n02410509_417.JPEG	23	32	33	39
n02410509_418.JPEG	24	19	56	57
n02410509_419.JPEG	0	8	63	63
n02410509_420.JPEG	12	12	63	52
n02410509_421.JPEG	0	10	63	51
n02410509_422.JPEG	0	6	63	61
n02410509_423.JPEG	0	0	44	62
n02410509_424.JPEG	0	30	7	35
n02410509_425.JPEG	2	0	61	63
n02410509_426.JPEG	3	29	26	51
n02410509_427.JPEG	0	13	63	56
n02410509_428.JPEG	0	18	62	47
n02410509_429.JPEG	1	25	45	46
n02410509_430.JPEG	10	11	54	50
n02410509_431.JPEG	14	29	33	43
n02410509_432.JPEG	41	10	63	52
n02410509_433.JPEG	48	42	63	57
n02410509_434.JPEG	0	14	63	53
n02410509_435.JPEG	7	32	40	62
n02410509_436.JPEG	0	14	62	53
n02410509_437.JPEG	8	25	37	40
n02410509_438.JPEG	9	9	53	59
n02410509_439.JPEG	2	6	63	53
n02410509_440.JPEG	20	26	41	40
n02410509_441.JPEG	0	9	37	50
n02410509_442.JPEG	1	7	63	59
n02410509_443.JPEG	44	30	63	58
n02410509_444.JPEG	2	24	61	61
n02410509_445.JPEG	42	34	51	40
n02410509_446.JPEG	4	21	12	37
n02410509_447.JPEG	1	0	63	63
n02410509_448.JPEG	14	23	55	53
n02410509_449.JPEG	6	1	63	49
n02410509_450.JPEG	0	10	52	50
n02410509_451.JPEG	0	15	45	57
n02410509_452.JPEG	15	42	42	60
n02410509_453.JPEG	2	0	63	63
n02410509_454.JPEG	3	15	63	53
n02410509_455.JPEG	20	24	63	53
n02410509_456.JPEG	9	15	32	54
n02410509_457.JPEG	16	19	49	52
n02410509_458.JPEG	30	18	51	36
n02410509_459.JPEG	1	9	63	55
n02410509_460.JPEG	34	28	63	57
n02410509_461.JPEG	12	16	46	39
n02410509_462.JPEG	17	10	63	41
n02410509_463.JPEG	38	28	63	46
n02410509_464.JPEG	0	45	6	54
n02410509_465.JPEG	6	8	43	62
n02410509_466.JPEG	13	12	63	58
n02410509_467.JPEG	20	35	45	50
n02410509_468.JPEG	16	29	44	51
n02410509_469.JPEG	12	4	48	58
n02410509_470.JPEG	19	13	59	55
n02410509_471.JPEG	37	32	62	45
n02410509_472.JPEG	4	4	61	59
n02410509_473.JPEG	5	6	55	48
n02410509_474.JPEG	15	3	63	63
n02410509_475.JPEG	0	6	43	63
n02410509_476.JPEG	20	16	59	49
n02410509_477.JPEG	23	5	63	63
n02410509_478.JPEG	3	1	63	63
n02410509_479.JPEG	25	20	44	43
n02410509_480.JPEG	48	24	59	35
n02410509_481.JPEG	0	7	46	63
n02410509_482.JPEG	41	27	63	44
n02410509_483.JPEG	0	2	61	63
n02410509_484.JPEG	0	2	63	61
n02410509_485.JPEG	12	1	52	62
n02410509_486.JPEG	0	5	63	61
n02410509_487.JPEG	4	1	63	63
n02410509_488.JPEG	0	8	63	57
n02410509_489.JPEG	12	0	63	60
n02410509_490.JPEG	0	1	62	63
n02410509_491.JPEG	1	5	46	63
n02410509_492.JPEG	0	4	57	59
n02410509_493.JPEG	25	25	63	51
n02410509_494.JPEG	6	4	63	51
n02410509_495.JPEG	44	39	57	51
n02410509_496.JPEG	20	17	50	43
n02410509_497.JPEG	0	5	63	61
n02410509_498.JPEG	4	2	60	52
n02410509_499.JPEG	0	0	63	63
