n01855672_0.JPEG	9	7	62	60
n01855672_1.JPEG	12	40	28	53
n01855672_2.JPEG	33	21	63	37
n01855672_3.JPEG	34	23	63	39
n01855672_4.JPEG	35	31	63	60
n01855672_5.JPEG	0	2	63	62
n01855672_6.JPEG	12	0	63	63
n01855672_7.JPEG	0	7	63	57
n01855672_8.JPEG	0	0	63	49
n01855672_9.JPEG	0	45	63	63
n01855672_10.JPEG	8	18	58	54
n01855672_11.JPEG	0	14	12	57
n01855672_12.JPEG	35	39	52	50
n01855672_13.JPEG	32	23	63	39
n01855672_14.JPEG	16	11	63	63
n01855672_15.JPEG	1	5	56	46
n01855672_16.JPEG	11	19	38	55
n01855672_17.JPEG	15	13	50	56
n01855672_18.JPEG	13	9	59	27
n01855672_19.JPEG	0	21	63	63
n01855672_20.JPEG	28	26	57	43
n01855672_21.JPEG	2	7	43	50
n01855672_22.JPEG	0	2	61	63
n01855672_23.JPEG	16	17	50	63
n01855672_24.JPEG	10	8	48	61
n01855672_25.JPEG	17	7	50	55
n01855672_26.JPEG	0	19	63	41
n01855672_27.JPEG	19	18	63	58
n01855672_28.JPEG	2	10	38	43
n01855672_29.JPEG	1	30	28	47
n01855672_30.JPEG	2	17	63	58
n01855672_31.JPEG	0	18	53	48
n01855672_32.JPEG	9	0	63	63
n01855672_33.JPEG	6	22	39	47
n01855672_34.JPEG	0	1	63	49
n01855672_35.JPEG	9	7	63	43
n01855672_36.JPEG	18	1	54	63
n01855672_37.JPEG	0	0	57	63
n01855672_38.JPEG	0	1	63	63
n01855672_39.JPEG	0	10	53	63
n01855672_40.JPEG	0	25	4	47
n01855672_41.JPEG	0	4	30	40
n01855672_42.JPEG	21	28	42	46
n01855672_43.JPEG	19	11	63	52
n01855672_44.JPEG	7	9	63	52
n01855672_45.JPEG	18	10	49	63
n01855672_46.JPEG	0	8	26	17
n01855672_47.JPEG	3	14	56	63
n01855672_48.JPEG	0	42	6	50
n01855672_49.JPEG	16	20	58	54
n01855672_50.JPEG	5	8	60	56
n01855672_51.JPEG	0	11	60	45
n01855672_52.JPEG	0	15	61	51
n01855672_53.JPEG	9	16	49	35
n01855672_54.JPEG	27	8	52	33
n01855672_55.JPEG	3	7	63	47
n01855672_56.JPEG	5	5	59	49
n01855672_57.JPEG	10	8	63	63
n01855672_58.JPEG	0	10	47	57
n01855672_59.JPEG	0	14	63	43
n01855672_60.JPEG	40	27	63	42
n01855672_61.JPEG	13	13	58	51
n01855672_62.JPEG	13	7	22	19
n01855672_63.JPEG	10	30	36	59
n01855672_64.JPEG	12	11	58	53
n01855672_65.JPEG	2	9	63	58
n01855672_66.JPEG	31	16	63	63
n01855672_67.JPEG	0	25	63	51
n01855672_68.JPEG	0	19	45	60
n01855672_69.JPEG	16	13	39	63
n01855672_70.JPEG	17	12	57	50
n01855672_71.JPEG	0	7	63	51
n01855672_72.JPEG	33	5	63	48
n01855672_73.JPEG	15	22	62	52
n01855672_74.JPEG	0	6	50	63
n01855672_75.JPEG	34	24	63	39
n01855672_76.JPEG	0	16	63	54
n01855672_77.JPEG	55	20	63	39
n01855672_78.JPEG	2	9	63	62
n01855672_79.JPEG	13	26	55	57
n01855672_80.JPEG	1	0	36	63
n01855672_81.JPEG	0	17	63	43
n01855672_82.JPEG	3	17	38	46
n01855672_83.JPEG	0	30	10	58
n01855672_84.JPEG	6	9	63	61
n01855672_85.JPEG	1	3	54	63
n01855672_86.JPEG	3	9	40	55
n01855672_87.JPEG	0	3	63	63
n01855672_88.JPEG	26	11	42	42
n01855672_89.JPEG	0	8	63	63
n01855672_90.JPEG	12	8	63	63
n01855672_91.JPEG	31	22	43	30
n01855672_92.JPEG	14	14	51	63
n01855672_93.JPEG	10	17	43	48
n01855672_94.JPEG	0	17	63	49
n01855672_95.JPEG	3	27	32	53
n01855672_96.JPEG	0	10	63	51
n01855672_97.JPEG	1	40	55	63
n01855672_98.JPEG	26	25	37	38
n01855672_99.JPEG	0	4	63	63
n01855672_100.JPEG	1	25	55	63
n01855672_101.JPEG	0	9	63	54
n01855672_102.JPEG	0	11	59	56
n01855672_103.JPEG	12	15	45	43
n01855672_104.JPEG	16	9	55	35
n01855672_105.JPEG	29	15	56	50
n01855672_106.JPEG	14	6	42	33
n01855672_107.JPEG	41	12	63	63
n01855672_108.JPEG	6	27	16	47
n01855672_109.JPEG	13	5	63	39
n01855672_110.JPEG	11	21	41	63
n01855672_111.JPEG	8	33	60	63
n01855672_112.JPEG	3	12	50	63
n01855672_113.JPEG	23	28	40	49
n01855672_114.JPEG	9	6	54	56
n01855672_115.JPEG	1	0	62	63
n01855672_116.JPEG	10	1	63	63
n01855672_117.JPEG	0	25	12	50
n01855672_118.JPEG	0	10	63	53
n01855672_119.JPEG	39	20	59	39
n01855672_120.JPEG	0	24	38	39
n01855672_121.JPEG	33	0	63	63
n01855672_122.JPEG	14	17	63	42
n01855672_123.JPEG	0	14	29	54
n01855672_124.JPEG	0	20	63	49
n01855672_125.JPEG	18	20	63	38
n01855672_126.JPEG	15	27	59	63
n01855672_127.JPEG	0	9	57	63
n01855672_128.JPEG	14	7	57	57
n01855672_129.JPEG	24	21	31	34
n01855672_130.JPEG	0	12	63	63
n01855672_131.JPEG	2	19	63	54
n01855672_132.JPEG	49	21	60	32
n01855672_133.JPEG	46	25	63	46
n01855672_134.JPEG	56	39	63	51
n01855672_135.JPEG	13	5	53	63
n01855672_136.JPEG	0	9	63	63
n01855672_137.JPEG	16	0	63	63
n01855672_138.JPEG	6	27	38	43
n01855672_139.JPEG	9	7	55	59
n01855672_140.JPEG	3	0	55	63
n01855672_141.JPEG	0	7	36	37
n01855672_142.JPEG	4	5	62	59
n01855672_143.JPEG	0	16	63	50
n01855672_144.JPEG	19	17	55	57
n01855672_145.JPEG	4	14	35	61
n01855672_146.JPEG	8	19	31	36
n01855672_147.JPEG	9	20	62	57
n01855672_148.JPEG	23	15	56	63
n01855672_149.JPEG	9	0	36	34
n01855672_150.JPEG	19	15	37	51
n01855672_151.JPEG	17	6	46	56
n01855672_152.JPEG	8	17	52	63
n01855672_153.JPEG	0	5	63	61
n01855672_154.JPEG	5	12	63	54
n01855672_155.JPEG	23	23	63	63
n01855672_156.JPEG	0	5	41	63
n01855672_157.JPEG	24	15	51	63
n01855672_158.JPEG	0	21	27	49
n01855672_159.JPEG	35	31	54	46
n01855672_160.JPEG	13	1	49	63
n01855672_161.JPEG	0	2	52	63
n01855672_162.JPEG	2	3	63	59
n01855672_163.JPEG	35	17	45	40
n01855672_164.JPEG	20	18	63	51
n01855672_165.JPEG	33	24	60	55
n01855672_166.JPEG	19	8	51	62
n01855672_167.JPEG	10	12	34	61
n01855672_168.JPEG	15	4	58	61
n01855672_169.JPEG	0	12	63	50
n01855672_170.JPEG	0	0	63	57
n01855672_171.JPEG	0	12	63	55
n01855672_172.JPEG	0	4	63	63
n01855672_173.JPEG	7	1	45	63
n01855672_174.JPEG	6	22	50	49
n01855672_175.JPEG	12	15	55	56
n01855672_176.JPEG	4	11	54	48
n01855672_177.JPEG	40	12	63	37
n01855672_178.JPEG	0	6	63	63
n01855672_179.JPEG	6	18	51	59
n01855672_180.JPEG	0	4	18	32
n01855672_181.JPEG	25	4	51	52
n01855672_182.JPEG	0	23	42	38
n01855672_183.JPEG	9	6	63	63
n01855672_184.JPEG	2	0	57	63
n01855672_185.JPEG	9	23	48	63
n01855672_186.JPEG	10	18	63	53
n01855672_187.JPEG	12	24	40	35
n01855672_188.JPEG	24	19	63	43
n01855672_189.JPEG	4	1	63	56
n01855672_190.JPEG	9	12	47	60
n01855672_191.JPEG	30	36	44	60
n01855672_192.JPEG	6	19	52	44
n01855672_193.JPEG	31	31	48	42
n01855672_194.JPEG	18	12	62	63
n01855672_195.JPEG	12	7	63	63
n01855672_196.JPEG	0	2	55	63
n01855672_197.JPEG	18	19	63	63
n01855672_198.JPEG	0	21	53	63
n01855672_199.JPEG	0	0	50	63
n01855672_200.JPEG	17	23	63	61
n01855672_201.JPEG	52	11	63	44
n01855672_202.JPEG	0	22	63	63
n01855672_203.JPEG	0	16	49	37
n01855672_204.JPEG	22	10	51	44
n01855672_205.JPEG	0	15	62	58
n01855672_206.JPEG	3	0	63	62
n01855672_207.JPEG	7	1	53	63
n01855672_208.JPEG	24	12	63	35
n01855672_209.JPEG	9	10	53	62
n01855672_210.JPEG	12	16	48	41
n01855672_211.JPEG	15	8	63	63
n01855672_212.JPEG	0	4	63	43
n01855672_213.JPEG	0	14	51	63
n01855672_214.JPEG	0	7	44	63
n01855672_215.JPEG	39	13	56	44
n01855672_216.JPEG	12	26	37	55
n01855672_217.JPEG	16	4	56	57
n01855672_218.JPEG	6	0	55	63
n01855672_219.JPEG	20	0	44	50
n01855672_220.JPEG	1	16	54	49
n01855672_221.JPEG	0	11	63	63
n01855672_222.JPEG	0	5	50	36
n01855672_223.JPEG	0	9	63	62
n01855672_224.JPEG	0	21	27	54
n01855672_225.JPEG	0	10	53	41
n01855672_226.JPEG	0	20	59	63
n01855672_227.JPEG	13	23	53	63
n01855672_228.JPEG	0	13	63	63
n01855672_229.JPEG	0	12	63	44
n01855672_230.JPEG	0	6	63	63
n01855672_231.JPEG	7	9	45	35
n01855672_232.JPEG	49	16	63	42
n01855672_233.JPEG	42	0	63	26
n01855672_234.JPEG	0	10	36	54
n01855672_235.JPEG	11	27	25	37
n01855672_236.JPEG	29	23	62	63
n01855672_237.JPEG	0	10	48	52
n01855672_238.JPEG	5	29	31	63
n01855672_239.JPEG	25	15	53	58
n01855672_240.JPEG	7	2	52	63
n01855672_241.JPEG	25	10	63	26
n01855672_242.JPEG	28	29	39	39
n01855672_243.JPEG	6	29	58	59
n01855672_244.JPEG	9	0	63	63
n01855672_245.JPEG	9	0	63	63
n01855672_246.JPEG	34	19	63	63
n01855672_247.JPEG	0	13	52	63
n01855672_248.JPEG	12	20	40	63
n01855672_249.JPEG	5	26	13	43
n01855672_250.JPEG	16	38	48	62
n01855672_251.JPEG	0	14	58	45
n01855672_252.JPEG	0	7	47	57
n01855672_253.JPEG	0	7	58	58
n01855672_254.JPEG	1	2	49	63
n01855672_255.JPEG	4	5	63	37
n01855672_256.JPEG	14	18	46	44
n01855672_257.JPEG	25	18	63	46
n01855672_258.JPEG	0	20	52	49
n01855672_259.JPEG	0	20	58	63
n01855672_260.JPEG	4	16	40	57
n01855672_261.JPEG	1	5	58	46
n01855672_262.JPEG	0	1	63	63
n01855672_263.JPEG	4	9	51	57
n01855672_264.JPEG	0	11	63	44
n01855672_265.JPEG	49	19	63	55
n01855672_266.JPEG	25	4	53	41
n01855672_267.JPEG	2	7	49	57
n01855672_268.JPEG	8	27	35	50
n01855672_269.JPEG	10	18	32	29
n01855672_270.JPEG	12	1	46	63
n01855672_271.JPEG	17	13	63	51
n01855672_272.JPEG	0	11	61	57
n01855672_273.JPEG	8	9	60	35
n01855672_274.JPEG	10	27	44	63
n01855672_275.JPEG	5	10	62	59
n01855672_276.JPEG	17	15	63	60
n01855672_277.JPEG	7	0	55	63
n01855672_278.JPEG	0	7	15	13
n01855672_279.JPEG	0	16	63	48
n01855672_280.JPEG	0	19	25	56
n01855672_281.JPEG	12	11	61	59
n01855672_282.JPEG	7	6	54	57
n01855672_283.JPEG	1	13	62	63
n01855672_284.JPEG	21	30	51	46
n01855672_285.JPEG	18	10	37	63
n01855672_286.JPEG	0	19	44	44
n01855672_287.JPEG	36	38	41	45
n01855672_288.JPEG	0	16	63	52
n01855672_289.JPEG	0	6	63	41
n01855672_290.JPEG	0	17	63	63
n01855672_291.JPEG	7	7	50	62
n01855672_292.JPEG	3	12	51	49
n01855672_293.JPEG	8	0	50	63
n01855672_294.JPEG	28	11	63	56
n01855672_295.JPEG	9	8	44	54
n01855672_296.JPEG	0	10	52	63
n01855672_297.JPEG	10	4	63	42
n01855672_298.JPEG	3	20	34	59
n01855672_299.JPEG	29	29	50	38
n01855672_300.JPEG	13	12	47	55
n01855672_301.JPEG	0	4	63	61
n01855672_302.JPEG	34	9	53	57
n01855672_303.JPEG	49	11	63	39
n01855672_304.JPEG	3	5	63	63
n01855672_305.JPEG	17	11	41	50
n01855672_306.JPEG	0	11	15	38
n01855672_307.JPEG	3	22	29	57
n01855672_308.JPEG	2	6	63	63
n01855672_309.JPEG	9	30	53	63
n01855672_310.JPEG	13	16	42	55
n01855672_311.JPEG	0	6	60	63
n01855672_312.JPEG	20	10	40	63
n01855672_313.JPEG	4	20	44	51
n01855672_314.JPEG	30	28	63	46
n01855672_315.JPEG	6	0	63	60
n01855672_316.JPEG	5	14	63	63
n01855672_317.JPEG	51	14	55	17
n01855672_318.JPEG	0	4	63	63
n01855672_319.JPEG	0	13	53	31
n01855672_320.JPEG	40	22	63	45
n01855672_321.JPEG	1	8	63	63
n01855672_322.JPEG	12	18	63	58
n01855672_323.JPEG	0	2	48	49
n01855672_324.JPEG	12	6	55	61
n01855672_325.JPEG	16	21	51	48
n01855672_326.JPEG	3	17	55	42
n01855672_327.JPEG	44	3	63	48
n01855672_328.JPEG	0	15	63	60
n01855672_329.JPEG	14	13	47	49
n01855672_330.JPEG	7	20	63	53
n01855672_331.JPEG	0	17	21	31
n01855672_332.JPEG	0	2	63	60
n01855672_333.JPEG	0	18	63	50
n01855672_334.JPEG	20	24	36	42
n01855672_335.JPEG	11	2	63	58
n01855672_336.JPEG	0	14	48	40
n01855672_337.JPEG	0	5	63	61
n01855672_338.JPEG	0	16	40	63
n01855672_339.JPEG	19	3	46	61
n01855672_340.JPEG	30	39	39	53
n01855672_341.JPEG	12	8	60	51
n01855672_342.JPEG	1	17	55	42
n01855672_343.JPEG	10	8	63	63
n01855672_344.JPEG	0	11	63	53
n01855672_345.JPEG	0	23	48	47
n01855672_346.JPEG	0	20	38	37
n01855672_347.JPEG	0	6	59	52
n01855672_348.JPEG	0	6	53	61
n01855672_349.JPEG	0	13	63	42
n01855672_350.JPEG	10	13	42	33
n01855672_351.JPEG	28	14	63	55
n01855672_352.JPEG	11	10	49	63
n01855672_353.JPEG	48	12	63	39
n01855672_354.JPEG	37	14	63	63
n01855672_355.JPEG	0	13	42	43
n01855672_356.JPEG	6	2	61	56
n01855672_357.JPEG	44	26	59	38
n01855672_358.JPEG	3	3	55	63
n01855672_359.JPEG	0	8	51	27
n01855672_360.JPEG	31	0	52	24
n01855672_361.JPEG	14	19	53	62
n01855672_362.JPEG	30	16	45	48
n01855672_363.JPEG	8	5	52	49
n01855672_364.JPEG	2	4	55	30
n01855672_365.JPEG	0	1	57	57
n01855672_366.JPEG	8	7	46	63
n01855672_367.JPEG	0	8	63	63
n01855672_368.JPEG	0	28	9	45
n01855672_369.JPEG	19	14	56	45
n01855672_370.JPEG	0	7	24	33
n01855672_371.JPEG	13	7	51	57
n01855672_372.JPEG	0	5	49	52
n01855672_373.JPEG	0	6	53	43
n01855672_374.JPEG	44	25	59	32
n01855672_375.JPEG	0	2	63	60
n01855672_376.JPEG	3	19	42	63
n01855672_377.JPEG	40	10	61	34
n01855672_378.JPEG	0	12	55	59
n01855672_379.JPEG	0	19	46	52
n01855672_380.JPEG	15	0	52	63
n01855672_381.JPEG	30	10	59	63
n01855672_382.JPEG	22	9	62	49
n01855672_383.JPEG	2	11	58	58
n01855672_384.JPEG	19	17	44	45
n01855672_385.JPEG	7	9	55	41
n01855672_386.JPEG	0	3	63	61
n01855672_387.JPEG	2	32	35	46
n01855672_388.JPEG	26	26	61	48
n01855672_389.JPEG	0	6	61	63
n01855672_390.JPEG	4	18	60	63
n01855672_391.JPEG	8	46	20	57
n01855672_392.JPEG	0	7	54	62
n01855672_393.JPEG	0	19	2	35
n01855672_394.JPEG	9	12	54	45
n01855672_395.JPEG	0	12	49	59
n01855672_396.JPEG	4	21	47	47
n01855672_397.JPEG	0	18	24	46
n01855672_398.JPEG	0	15	63	57
n01855672_399.JPEG	7	2	61	63
n01855672_400.JPEG	0	9	63	46
n01855672_401.JPEG	0	7	63	63
n01855672_402.JPEG	0	15	50	43
n01855672_403.JPEG	0	22	63	59
n01855672_404.JPEG	0	23	33	54
n01855672_405.JPEG	4	19	63	58
n01855672_406.JPEG	0	13	61	63
n01855672_407.JPEG	0	3	63	63
n01855672_408.JPEG	25	20	43	43
n01855672_409.JPEG	4	25	26	49
n01855672_410.JPEG	10	0	47	63
n01855672_411.JPEG	4	14	60	43
n01855672_412.JPEG	9	2	44	63
n01855672_413.JPEG	0	3	63	63
n01855672_414.JPEG	19	21	31	37
n01855672_415.JPEG	1	13	51	58
n01855672_416.JPEG	7	8	63	58
n01855672_417.JPEG	0	26	35	51
n01855672_418.JPEG	14	9	44	63
n01855672_419.JPEG	17	5	51	52
n01855672_420.JPEG	0	15	52	42
n01855672_421.JPEG	10	28	40	61
n01855672_422.JPEG	7	17	62	59
n01855672_423.JPEG	8	0	60	63
n01855672_424.JPEG	8	14	52	54
n01855672_425.JPEG	3	31	40	63
n01855672_426.JPEG	0	8	58	55
n01855672_427.JPEG	12	33	42	51
n01855672_428.JPEG	32	39	54	63
n01855672_429.JPEG	8	18	63	63
n01855672_430.JPEG	30	6	63	54
n01855672_431.JPEG	18	5	63	60
n01855672_432.JPEG	0	23	63	56
n01855672_433.JPEG	5	3	60	61
n01855672_434.JPEG	0	26	23	54
n01855672_435.JPEG	52	35	55	38
n01855672_436.JPEG	0	11	63	59
n01855672_437.JPEG	18	10	52	63
n01855672_438.JPEG	35	30	49	54
n01855672_439.JPEG	8	22	27	31
n01855672_440.JPEG	7	13	63	63
n01855672_441.JPEG	7	22	30	35
n01855672_442.JPEG	0	1	39	63
n01855672_443.JPEG	0	18	52	49
n01855672_444.JPEG	10	13	63	59
n01855672_445.JPEG	7	0	57	63
n01855672_446.JPEG	21	4	58	63
n01855672_447.JPEG	0	1	63	59
n01855672_448.JPEG	1	7	39	50
n01855672_449.JPEG	3	9	61	63
n01855672_450.JPEG	28	16	63	61
n01855672_451.JPEG	12	0	53	63
n01855672_452.JPEG	0	32	53	58
n01855672_453.JPEG	12	0	52	63
n01855672_454.JPEG	4	10	49	57
n01855672_455.JPEG	7	9	63	63
n01855672_456.JPEG	1	0	54	63
n01855672_457.JPEG	9	5	36	51
n01855672_458.JPEG	19	17	34	20
n01855672_459.JPEG	0	8	51	54
n01855672_460.JPEG	2	0	61	63
n01855672_461.JPEG	19	41	38	50
n01855672_462.JPEG	37	6	63	58
n01855672_463.JPEG	17	24	54	44
n01855672_464.JPEG	3	11	63	53
n01855672_465.JPEG	13	21	58	44
n01855672_466.JPEG	18	7	63	63
n01855672_467.JPEG	18	35	40	47
n01855672_468.JPEG	11	6	63	63
n01855672_469.JPEG	5	20	40	50
n01855672_470.JPEG	0	11	55	63
n01855672_471.JPEG	0	14	50	60
n01855672_472.JPEG	17	21	35	53
n01855672_473.JPEG	7	7	63	61
n01855672_474.JPEG	4	8	47	57
n01855672_475.JPEG	7	8	36	56
n01855672_476.JPEG	19	7	63	39
n01855672_477.JPEG	14	18	63	53
n01855672_478.JPEG	0	9	63	54
n01855672_479.JPEG	0	4	63	63
n01855672_480.JPEG	5	1	63	61
n01855672_481.JPEG	26	26	63	41
n01855672_482.JPEG	31	14	62	37
n01855672_483.JPEG	27	24	50	40
n01855672_484.JPEG	0	0	44	38
n01855672_485.JPEG	0	2	36	63
n01855672_486.JPEG	0	5	48	63
n01855672_487.JPEG	12	15	56	37
n01855672_488.JPEG	9	9	30	54
n01855672_489.JPEG	32	21	63	54
n01855672_490.JPEG	35	17	63	38
n01855672_491.JPEG	14	21	62	38
n01855672_492.JPEG	9	4	50	63
n01855672_493.JPEG	41	3	45	7
n01855672_494.JPEG	27	22	63	45
n01855672_495.JPEG	0	5	46	63
n01855672_496.JPEG	0	6	63	51
n01855672_497.JPEG	0	6	63	60
n01855672_498.JPEG	8	19	60	43
n01855672_499.JPEG	0	18	63	63
