n03980874_0.JPEG	2	0	63	63
n03980874_1.JPEG	20	22	47	45
n03980874_2.JPEG	11	10	46	63
n03980874_3.JPEG	0	6	63	58
n03980874_4.JPEG	18	15	48	63
n03980874_5.JPEG	11	13	52	63
n03980874_6.JPEG	5	0	61	63
n03980874_7.JPEG	9	15	55	63
n03980874_8.JPEG	29	1	60	47
n03980874_9.JPEG	17	33	45	61
n03980874_10.JPEG	17	11	50	63
n03980874_11.JPEG	0	9	63	63
n03980874_12.JPEG	0	6	48	63
n03980874_13.JPEG	4	3	56	63
n03980874_14.JPEG	0	12	61	63
n03980874_15.JPEG	0	0	63	63
n03980874_16.JPEG	2	1	62	63
n03980874_17.JPEG	18	20	49	63
n03980874_18.JPEG	20	0	60	63
n03980874_19.JPEG	0	8	63	57
n03980874_20.JPEG	0	3	63	63
n03980874_21.JPEG	0	1	63	63
n03980874_22.JPEG	6	17	52	63
n03980874_23.JPEG	10	3	52	61
n03980874_24.JPEG	0	1	63	62
n03980874_25.JPEG	5	0	62	63
n03980874_26.JPEG	0	3	63	59
n03980874_27.JPEG	0	4	63	60
n03980874_28.JPEG	7	3	59	50
n03980874_29.JPEG	0	1	63	63
n03980874_30.JPEG	3	0	63	63
n03980874_31.JPEG	15	12	48	63
n03980874_32.JPEG	0	1	63	62
n03980874_33.JPEG	10	0	60	63
n03980874_34.JPEG	0	2	63	63
n03980874_35.JPEG	28	7	62	51
n03980874_36.JPEG	6	0	62	63
n03980874_37.JPEG	4	6	62	61
n03980874_38.JPEG	5	18	56	63
n03980874_39.JPEG	2	0	63	63
n03980874_40.JPEG	4	19	62	62
n03980874_41.JPEG	1	25	57	63
n03980874_42.JPEG	9	0	63	63
n03980874_43.JPEG	5	15	63	63
n03980874_44.JPEG	0	1	63	61
n03980874_45.JPEG	3	0	54	48
n03980874_46.JPEG	0	0	63	63
n03980874_47.JPEG	3	0	51	63
n03980874_48.JPEG	2	0	63	63
n03980874_49.JPEG	4	0	63	63
n03980874_50.JPEG	0	5	63	61
n03980874_51.JPEG	14	0	47	28
n03980874_52.JPEG	8	19	58	63
n03980874_53.JPEG	28	13	63	54
n03980874_54.JPEG	0	0	63	63
n03980874_55.JPEG	2	1	62	63
n03980874_56.JPEG	7	0	59	63
n03980874_57.JPEG	1	5	63	63
n03980874_58.JPEG	12	19	57	53
n03980874_59.JPEG	1	23	46	49
n03980874_60.JPEG	16	2	53	63
n03980874_61.JPEG	1	22	63	62
n03980874_62.JPEG	1	25	63	63
n03980874_63.JPEG	19	3	50	41
n03980874_64.JPEG	11	24	63	63
n03980874_65.JPEG	6	5	61	59
n03980874_66.JPEG	14	0	59	61
n03980874_67.JPEG	0	0	63	63
n03980874_68.JPEG	3	0	63	63
n03980874_69.JPEG	11	29	63	63
n03980874_70.JPEG	4	35	63	63
n03980874_71.JPEG	16	3	57	63
n03980874_72.JPEG	29	19	55	40
n03980874_73.JPEG	1	0	63	63
n03980874_74.JPEG	2	0	63	63
n03980874_75.JPEG	6	8	60	62
n03980874_76.JPEG	8	3	55	63
n03980874_77.JPEG	0	1	63	63
n03980874_78.JPEG	13	18	45	63
n03980874_79.JPEG	0	0	63	63
n03980874_80.JPEG	0	2	63	63
n03980874_81.JPEG	10	16	46	52
n03980874_82.JPEG	0	14	63	63
n03980874_83.JPEG	13	1	55	63
n03980874_84.JPEG	13	5	44	44
n03980874_85.JPEG	0	10	60	63
n03980874_86.JPEG	1	0	63	63
n03980874_87.JPEG	2	0	60	63
n03980874_88.JPEG	5	0	61	63
n03980874_89.JPEG	6	8	55	62
n03980874_90.JPEG	9	4	59	63
n03980874_91.JPEG	6	19	63	63
n03980874_92.JPEG	6	14	61	58
n03980874_93.JPEG	1	9	60	62
n03980874_94.JPEG	11	12	48	55
n03980874_95.JPEG	0	1	63	62
n03980874_96.JPEG	0	0	63	63
n03980874_97.JPEG	0	0	47	63
n03980874_98.JPEG	14	7	55	43
n03980874_99.JPEG	1	3	55	59
n03980874_100.JPEG	3	0	62	63
n03980874_101.JPEG	21	2	47	33
n03980874_102.JPEG	0	23	35	63
n03980874_103.JPEG	1	0	59	63
n03980874_104.JPEG	7	6	60	61
n03980874_105.JPEG	10	7	48	63
n03980874_106.JPEG	0	2	63	63
n03980874_107.JPEG	5	3	57	59
n03980874_108.JPEG	1	0	63	63
n03980874_109.JPEG	6	12	50	63
n03980874_110.JPEG	0	9	63	53
n03980874_111.JPEG	2	0	61	63
n03980874_112.JPEG	0	1	63	63
n03980874_113.JPEG	14	11	61	63
n03980874_114.JPEG	0	0	63	63
n03980874_115.JPEG	0	32	63	63
n03980874_116.JPEG	0	0	63	63
n03980874_117.JPEG	2	3	55	63
n03980874_118.JPEG	0	0	63	63
n03980874_119.JPEG	9	0	58	36
n03980874_120.JPEG	0	0	63	63
n03980874_121.JPEG	0	9	63	58
n03980874_122.JPEG	0	7	63	63
n03980874_123.JPEG	13	2	40	37
n03980874_124.JPEG	19	7	44	35
n03980874_125.JPEG	2	0	63	63
n03980874_126.JPEG	0	1	63	63
n03980874_127.JPEG	2	12	63	63
n03980874_128.JPEG	6	1	62	63
n03980874_129.JPEG	0	0	63	63
n03980874_130.JPEG	28	27	63	63
n03980874_131.JPEG	0	2	63	62
n03980874_132.JPEG	16	9	53	59
n03980874_133.JPEG	4	0	61	63
n03980874_134.JPEG	6	8	61	60
n03980874_135.JPEG	9	0	63	63
n03980874_136.JPEG	9	4	51	57
n03980874_137.JPEG	0	5	63	63
n03980874_138.JPEG	9	16	53	63
n03980874_139.JPEG	8	0	59	63
n03980874_140.JPEG	4	2	63	63
n03980874_141.JPEG	0	0	63	63
n03980874_142.JPEG	0	4	63	63
n03980874_143.JPEG	8	16	63	54
n03980874_144.JPEG	2	2	62	62
n03980874_145.JPEG	4	0	52	59
n03980874_146.JPEG	18	21	53	63
n03980874_147.JPEG	3	19	62	63
n03980874_148.JPEG	5	17	58	63
n03980874_149.JPEG	4	0	63	63
n03980874_150.JPEG	3	10	60	63
n03980874_151.JPEG	0	1	63	63
n03980874_152.JPEG	0	0	63	63
n03980874_153.JPEG	0	2	63	61
n03980874_154.JPEG	3	0	57	63
n03980874_155.JPEG	7	5	59	62
n03980874_156.JPEG	0	11	63	60
n03980874_157.JPEG	0	11	60	63
n03980874_158.JPEG	2	6	52	63
n03980874_159.JPEG	0	10	63	63
n03980874_160.JPEG	18	23	55	50
n03980874_161.JPEG	4	15	35	53
n03980874_162.JPEG	0	36	60	63
n03980874_163.JPEG	0	6	63	61
n03980874_164.JPEG	0	0	47	63
n03980874_165.JPEG	21	5	63	63
n03980874_166.JPEG	0	5	63	63
n03980874_167.JPEG	2	6	63	62
n03980874_168.JPEG	0	0	26	63
n03980874_169.JPEG	0	5	56	63
n03980874_170.JPEG	0	1	63	63
n03980874_171.JPEG	0	3	63	63
n03980874_172.JPEG	2	10	62	63
n03980874_173.JPEG	5	3	54	63
n03980874_174.JPEG	9	12	55	63
n03980874_175.JPEG	0	2	63	62
n03980874_176.JPEG	9	6	60	63
n03980874_177.JPEG	0	2	63	63
n03980874_178.JPEG	0	2	63	63
n03980874_179.JPEG	16	20	43	46
n03980874_180.JPEG	2	0	63	63
n03980874_181.JPEG	0	5	63	61
n03980874_182.JPEG	0	1	63	63
n03980874_183.JPEG	6	22	57	63
n03980874_184.JPEG	4	3	62	61
n03980874_185.JPEG	11	0	56	63
n03980874_186.JPEG	0	0	63	63
n03980874_187.JPEG	0	1	63	63
n03980874_188.JPEG	26	0	47	39
n03980874_189.JPEG	0	0	63	54
n03980874_190.JPEG	0	0	63	63
n03980874_191.JPEG	0	6	63	63
n03980874_192.JPEG	2	2	62	57
n03980874_193.JPEG	13	17	55	50
n03980874_194.JPEG	7	11	50	48
n03980874_195.JPEG	13	23	62	63
n03980874_196.JPEG	0	6	62	63
n03980874_197.JPEG	0	20	27	61
n03980874_198.JPEG	2	22	62	63
n03980874_199.JPEG	0	2	63	63
n03980874_200.JPEG	2	14	54	61
n03980874_201.JPEG	0	1	63	63
n03980874_202.JPEG	6	7	52	52
n03980874_203.JPEG	5	0	58	63
n03980874_204.JPEG	8	14	58	63
n03980874_205.JPEG	0	2	63	60
n03980874_206.JPEG	7	9	51	58
n03980874_207.JPEG	3	20	63	63
n03980874_208.JPEG	8	9	53	63
n03980874_209.JPEG	1	0	63	63
n03980874_210.JPEG	0	32	22	63
n03980874_211.JPEG	39	21	63	63
n03980874_212.JPEG	0	2	63	63
n03980874_213.JPEG	13	7	57	63
n03980874_214.JPEG	7	0	63	63
n03980874_215.JPEG	10	14	63	62
n03980874_216.JPEG	0	6	63	62
n03980874_217.JPEG	1	0	62	62
n03980874_218.JPEG	3	0	61	63
n03980874_219.JPEG	0	3	63	63
n03980874_220.JPEG	0	25	38	63
n03980874_221.JPEG	4	0	60	63
n03980874_222.JPEG	1	0	63	59
n03980874_223.JPEG	10	16	55	53
n03980874_224.JPEG	1	0	63	63
n03980874_225.JPEG	27	23	53	50
n03980874_226.JPEG	23	15	45	53
n03980874_227.JPEG	1	0	61	63
n03980874_228.JPEG	4	0	61	63
n03980874_229.JPEG	3	1	61	63
n03980874_230.JPEG	15	28	45	62
n03980874_231.JPEG	7	14	62	61
n03980874_232.JPEG	8	1	54	63
n03980874_233.JPEG	12	0	60	58
n03980874_234.JPEG	0	1	63	63
n03980874_235.JPEG	1	0	63	63
n03980874_236.JPEG	14	20	58	60
n03980874_237.JPEG	0	4	63	62
n03980874_238.JPEG	6	3	63	63
n03980874_239.JPEG	8	5	58	60
n03980874_240.JPEG	8	0	63	58
n03980874_241.JPEG	18	0	48	47
n03980874_242.JPEG	18	22	43	52
n03980874_243.JPEG	0	11	63	61
n03980874_244.JPEG	11	0	52	28
n03980874_245.JPEG	20	11	40	41
n03980874_246.JPEG	0	5	63	63
n03980874_247.JPEG	2	1	63	63
n03980874_248.JPEG	9	0	61	63
n03980874_249.JPEG	6	23	58	63
n03980874_250.JPEG	0	11	63	63
n03980874_251.JPEG	0	1	63	63
n03980874_252.JPEG	0	10	29	62
n03980874_253.JPEG	1	5	63	63
n03980874_254.JPEG	0	1	63	63
n03980874_255.JPEG	3	8	63	56
n03980874_256.JPEG	18	13	52	60
n03980874_257.JPEG	6	10	44	63
n03980874_258.JPEG	10	17	56	48
n03980874_259.JPEG	0	0	57	63
n03980874_260.JPEG	0	12	58	57
n03980874_261.JPEG	10	1	53	58
n03980874_262.JPEG	3	0	62	63
n03980874_263.JPEG	3	12	63	63
n03980874_264.JPEG	0	3	63	63
n03980874_265.JPEG	0	1	63	63
n03980874_266.JPEG	3	0	63	63
n03980874_267.JPEG	2	15	63	63
n03980874_268.JPEG	2	10	61	55
n03980874_269.JPEG	0	3	63	63
n03980874_270.JPEG	6	3	56	63
n03980874_271.JPEG	0	1	63	63
n03980874_272.JPEG	13	16	39	48
n03980874_273.JPEG	0	1	63	63
n03980874_274.JPEG	0	3	63	63
n03980874_275.JPEG	0	6	63	63
n03980874_276.JPEG	20	9	48	46
n03980874_277.JPEG	18	2	49	47
n03980874_278.JPEG	0	4	63	61
n03980874_279.JPEG	0	5	61	63
n03980874_280.JPEG	5	0	63	55
n03980874_281.JPEG	0	18	48	63
n03980874_282.JPEG	11	26	52	57
n03980874_283.JPEG	1	0	63	63
n03980874_284.JPEG	1	0	62	63
n03980874_285.JPEG	7	0	54	63
n03980874_286.JPEG	4	0	62	63
n03980874_287.JPEG	7	15	54	63
n03980874_288.JPEG	2	15	62	52
n03980874_289.JPEG	2	1	57	63
n03980874_290.JPEG	5	21	59	61
n03980874_291.JPEG	1	9	63	63
n03980874_292.JPEG	16	12	44	48
n03980874_293.JPEG	15	19	48	60
n03980874_294.JPEG	2	11	63	63
n03980874_295.JPEG	2	0	61	63
n03980874_296.JPEG	0	1	63	63
n03980874_297.JPEG	3	2	63	57
n03980874_298.JPEG	1	0	63	63
n03980874_299.JPEG	0	6	63	63
n03980874_300.JPEG	10	10	52	63
n03980874_301.JPEG	17	20	49	59
n03980874_302.JPEG	0	14	63	63
n03980874_303.JPEG	14	0	53	63
n03980874_304.JPEG	3	0	60	63
n03980874_305.JPEG	0	1	63	63
n03980874_306.JPEG	18	14	63	62
n03980874_307.JPEG	9	3	45	63
n03980874_308.JPEG	0	0	63	63
n03980874_309.JPEG	0	1	63	63
n03980874_310.JPEG	0	1	63	63
n03980874_311.JPEG	16	12	46	63
n03980874_312.JPEG	3	3	47	63
n03980874_313.JPEG	0	2	63	63
n03980874_314.JPEG	1	0	55	63
n03980874_315.JPEG	20	19	46	59
n03980874_316.JPEG	0	4	63	60
n03980874_317.JPEG	0	1	63	63
n03980874_318.JPEG	1	16	60	59
n03980874_319.JPEG	8	0	58	47
n03980874_320.JPEG	17	40	63	63
n03980874_321.JPEG	7	30	48	63
n03980874_322.JPEG	8	10	41	63
n03980874_323.JPEG	1	0	63	63
n03980874_324.JPEG	4	0	63	49
n03980874_325.JPEG	0	4	63	63
n03980874_326.JPEG	12	21	58	42
n03980874_327.JPEG	20	10	63	58
n03980874_328.JPEG	4	0	60	63
n03980874_329.JPEG	5	5	60	63
n03980874_330.JPEG	0	0	63	63
n03980874_331.JPEG	35	20	63	63
n03980874_332.JPEG	30	0	58	37
n03980874_333.JPEG	7	26	56	63
n03980874_334.JPEG	2	0	63	61
n03980874_335.JPEG	14	20	58	48
n03980874_336.JPEG	1	0	63	63
n03980874_337.JPEG	1	0	52	43
n03980874_338.JPEG	0	7	63	59
n03980874_339.JPEG	5	4	63	63
n03980874_340.JPEG	6	17	58	63
n03980874_341.JPEG	0	0	63	63
n03980874_342.JPEG	1	6	59	63
n03980874_343.JPEG	0	10	63	63
n03980874_344.JPEG	4	2	59	63
n03980874_345.JPEG	0	0	62	63
n03980874_346.JPEG	10	0	56	63
n03980874_347.JPEG	5	16	55	45
n03980874_348.JPEG	8	6	54	63
n03980874_349.JPEG	6	7	51	63
n03980874_350.JPEG	3	0	63	56
n03980874_351.JPEG	0	1	63	61
n03980874_352.JPEG	0	1	63	63
n03980874_353.JPEG	12	20	47	51
n03980874_354.JPEG	14	0	54	55
n03980874_355.JPEG	20	26	53	56
n03980874_356.JPEG	1	17	63	63
n03980874_357.JPEG	0	3	63	63
n03980874_358.JPEG	0	1	63	63
n03980874_359.JPEG	0	11	47	50
n03980874_360.JPEG	0	0	63	63
n03980874_361.JPEG	0	2	62	63
n03980874_362.JPEG	29	8	63	45
n03980874_363.JPEG	8	15	49	52
n03980874_364.JPEG	9	0	63	63
n03980874_365.JPEG	14	11	53	63
n03980874_366.JPEG	9	17	38	43
n03980874_367.JPEG	0	0	59	63
n03980874_368.JPEG	14	11	53	47
n03980874_369.JPEG	5	19	57	63
n03980874_370.JPEG	0	2	63	63
n03980874_371.JPEG	0	16	63	63
n03980874_372.JPEG	3	10	55	63
n03980874_373.JPEG	23	23	52	62
n03980874_374.JPEG	5	4	63	63
n03980874_375.JPEG	0	4	63	63
n03980874_376.JPEG	2	6	63	56
n03980874_377.JPEG	0	10	63	63
n03980874_378.JPEG	7	0	58	63
n03980874_379.JPEG	0	4	63	63
n03980874_380.JPEG	0	0	63	63
n03980874_381.JPEG	0	1	63	63
n03980874_382.JPEG	3	0	61	45
n03980874_383.JPEG	0	4	63	63
n03980874_384.JPEG	1	0	63	60
n03980874_385.JPEG	0	3	63	63
n03980874_386.JPEG	11	0	52	63
n03980874_387.JPEG	4	0	59	63
n03980874_388.JPEG	11	11	59	63
n03980874_389.JPEG	11	28	52	60
n03980874_390.JPEG	2	10	61	63
n03980874_391.JPEG	5	1	61	63
n03980874_392.JPEG	32	0	63	41
n03980874_393.JPEG	0	0	63	61
n03980874_394.JPEG	11	11	62	62
n03980874_395.JPEG	19	17	52	59
n03980874_396.JPEG	7	12	58	63
n03980874_397.JPEG	14	7	63	63
n03980874_398.JPEG	0	0	63	63
n03980874_399.JPEG	0	4	63	63
n03980874_400.JPEG	0	6	63	62
n03980874_401.JPEG	0	17	63	61
n03980874_402.JPEG	12	19	40	61
n03980874_403.JPEG	23	10	50	52
n03980874_404.JPEG	6	0	59	63
n03980874_405.JPEG	0	14	63	63
n03980874_406.JPEG	3	6	33	46
n03980874_407.JPEG	0	0	63	63
n03980874_408.JPEG	0	1	63	63
n03980874_409.JPEG	12	6	50	63
n03980874_410.JPEG	0	19	63	61
n03980874_411.JPEG	0	0	63	63
n03980874_412.JPEG	12	21	59	55
n03980874_413.JPEG	0	1	63	63
n03980874_414.JPEG	0	3	61	56
n03980874_415.JPEG	0	0	63	63
n03980874_416.JPEG	11	16	55	63
n03980874_417.JPEG	17	17	46	47
n03980874_418.JPEG	5	0	60	63
n03980874_419.JPEG	0	27	61	63
n03980874_420.JPEG	11	20	53	63
n03980874_421.JPEG	20	25	48	52
n03980874_422.JPEG	9	0	56	63
n03980874_423.JPEG	0	5	63	61
n03980874_424.JPEG	15	15	54	46
n03980874_425.JPEG	2	39	32	63
n03980874_426.JPEG	0	8	63	55
n03980874_427.JPEG	27	9	57	52
n03980874_428.JPEG	0	0	63	63
n03980874_429.JPEG	0	1	63	63
n03980874_430.JPEG	7	38	54	63
n03980874_431.JPEG	9	1	60	62
n03980874_432.JPEG	7	17	38	63
n03980874_433.JPEG	0	2	63	63
n03980874_434.JPEG	4	7	63	60
n03980874_435.JPEG	1	0	58	63
n03980874_436.JPEG	1	1	62	63
n03980874_437.JPEG	0	11	63	52
n03980874_438.JPEG	8	6	63	60
n03980874_439.JPEG	1	23	24	63
n03980874_440.JPEG	17	17	47	47
n03980874_441.JPEG	15	18	51	61
n03980874_442.JPEG	0	13	63	61
n03980874_443.JPEG	8	20	58	63
n03980874_444.JPEG	0	8	63	63
n03980874_445.JPEG	0	3	63	50
n03980874_446.JPEG	6	25	58	56
n03980874_447.JPEG	16	25	45	63
n03980874_448.JPEG	11	8	56	60
n03980874_449.JPEG	22	15	47	56
n03980874_450.JPEG	5	16	61	63
n03980874_451.JPEG	0	0	63	61
n03980874_452.JPEG	1	0	62	63
n03980874_453.JPEG	0	10	63	63
n03980874_454.JPEG	1	0	63	63
n03980874_455.JPEG	27	27	57	57
n03980874_456.JPEG	21	21	40	41
n03980874_457.JPEG	0	8	63	63
n03980874_458.JPEG	2	0	59	42
n03980874_459.JPEG	1	0	63	63
n03980874_460.JPEG	0	7	63	63
n03980874_461.JPEG	0	2	63	63
n03980874_462.JPEG	10	23	58	63
n03980874_463.JPEG	8	5	57	63
n03980874_464.JPEG	0	2	63	63
n03980874_465.JPEG	3	23	63	63
n03980874_466.JPEG	5	0	63	63
n03980874_467.JPEG	15	18	53	63
n03980874_468.JPEG	0	16	49	63
n03980874_469.JPEG	1	18	63	63
n03980874_470.JPEG	1	0	63	63
n03980874_471.JPEG	8	13	63	63
n03980874_472.JPEG	0	1	63	63
n03980874_473.JPEG	2	0	54	63
n03980874_474.JPEG	21	0	58	63
n03980874_475.JPEG	1	3	63	57
n03980874_476.JPEG	0	4	63	59
n03980874_477.JPEG	0	0	62	63
n03980874_478.JPEG	3	0	63	63
n03980874_479.JPEG	0	26	63	63
n03980874_480.JPEG	1	0	63	63
n03980874_481.JPEG	19	26	60	63
n03980874_482.JPEG	16	13	50	53
n03980874_483.JPEG	4	0	63	63
n03980874_484.JPEG	7	9	29	57
n03980874_485.JPEG	12	12	60	63
n03980874_486.JPEG	9	0	58	63
n03980874_487.JPEG	11	9	52	63
n03980874_488.JPEG	4	4	56	63
n03980874_489.JPEG	14	24	63	63
n03980874_490.JPEG	2	3	63	63
n03980874_491.JPEG	24	28	63	63
n03980874_492.JPEG	1	0	63	63
n03980874_493.JPEG	12	0	49	53
n03980874_494.JPEG	9	0	53	63
n03980874_495.JPEG	2	11	63	63
n03980874_496.JPEG	2	0	63	63
n03980874_497.JPEG	17	32	39	51
n03980874_498.JPEG	0	3	63	63
n03980874_499.JPEG	0	1	63	63
