n02085620_0.JPEG	6	0	63	63
n02085620_1.JPEG	5	9	53	63
n02085620_2.JPEG	17	15	38	57
n02085620_3.JPEG	0	23	63	59
n02085620_4.JPEG	0	14	46	61
n02085620_5.JPEG	0	3	63	63
n02085620_6.JPEG	0	29	28	63
n02085620_7.JPEG	18	17	56	57
n02085620_8.JPEG	1	0	55	63
n02085620_9.JPEG	2	0	35	53
n02085620_10.JPEG	0	0	63	63
n02085620_11.JPEG	11	24	63	63
n02085620_12.JPEG	15	12	46	46
n02085620_13.JPEG	11	1	63	63
n02085620_14.JPEG	37	24	63	61
n02085620_15.JPEG	7	35	40	58
n02085620_16.JPEG	2	11	63	63
n02085620_17.JPEG	21	25	63	61
n02085620_18.JPEG	8	0	56	63
n02085620_19.JPEG	8	0	56	62
n02085620_20.JPEG	2	0	63	50
n02085620_21.JPEG	0	5	63	63
n02085620_22.JPEG	7	0	55	63
n02085620_23.JPEG	5	1	60	63
n02085620_24.JPEG	10	40	26	63
n02085620_25.JPEG	3	0	58	63
n02085620_26.JPEG	1	9	60	49
n02085620_27.JPEG	0	1	63	63
n02085620_28.JPEG	18	24	63	58
n02085620_29.JPEG	0	7	62	63
n02085620_30.JPEG	41	25	63	63
n02085620_31.JPEG	9	0	63	63
n02085620_32.JPEG	0	0	61	54
n02085620_33.JPEG	11	0	62	63
n02085620_34.JPEG	9	31	33	53
n02085620_35.JPEG	17	12	63	63
n02085620_36.JPEG	10	8	62	63
n02085620_37.JPEG	12	6	53	63
n02085620_38.JPEG	16	0	44	63
n02085620_39.JPEG	34	27	52	51
n02085620_40.JPEG	0	1	63	63
n02085620_41.JPEG	38	3	63	57
n02085620_42.JPEG	0	3	63	63
n02085620_43.JPEG	0	0	38	56
n02085620_44.JPEG	2	0	63	63
n02085620_45.JPEG	0	0	60	63
n02085620_46.JPEG	0	8	58	63
n02085620_47.JPEG	15	0	49	41
n02085620_48.JPEG	4	7	61	61
n02085620_49.JPEG	2	4	56	63
n02085620_50.JPEG	18	17	40	47
n02085620_51.JPEG	4	0	52	63
n02085620_52.JPEG	16	20	63	51
n02085620_53.JPEG	38	13	63	63
n02085620_54.JPEG	6	0	49	18
n02085620_55.JPEG	2	0	61	63
n02085620_56.JPEG	0	20	32	63
n02085620_57.JPEG	20	13	63	63
n02085620_58.JPEG	1	7	20	63
n02085620_59.JPEG	5	8	36	61
n02085620_60.JPEG	0	12	51	63
n02085620_61.JPEG	29	13	49	33
n02085620_62.JPEG	21	22	47	46
n02085620_63.JPEG	34	10	63	54
n02085620_64.JPEG	19	24	49	56
n02085620_65.JPEG	4	0	54	63
n02085620_66.JPEG	0	26	59	55
n02085620_67.JPEG	5	2	57	63
n02085620_68.JPEG	3	11	45	45
n02085620_69.JPEG	14	13	34	63
n02085620_70.JPEG	12	5	63	63
n02085620_71.JPEG	3	0	63	62
n02085620_72.JPEG	10	1	60	63
n02085620_73.JPEG	4	12	59	60
n02085620_74.JPEG	8	6	44	49
n02085620_75.JPEG	21	1	63	63
n02085620_76.JPEG	18	6	57	63
n02085620_77.JPEG	0	17	45	63
n02085620_78.JPEG	7	13	39	63
n02085620_79.JPEG	15	44	25	60
n02085620_80.JPEG	0	15	63	56
n02085620_81.JPEG	3	12	62	56
n02085620_82.JPEG	4	13	52	55
n02085620_83.JPEG	2	2	63	63
n02085620_84.JPEG	1	0	63	63
n02085620_85.JPEG	21	3	49	52
n02085620_86.JPEG	13	13	51	52
n02085620_87.JPEG	4	11	48	58
n02085620_88.JPEG	0	1	33	52
n02085620_89.JPEG	0	2	63	63
n02085620_90.JPEG	10	0	54	58
n02085620_91.JPEG	5	0	57	63
n02085620_92.JPEG	13	7	56	63
n02085620_93.JPEG	4	24	30	51
n02085620_94.JPEG	0	0	57	63
n02085620_95.JPEG	18	6	60	54
n02085620_96.JPEG	12	21	49	47
n02085620_97.JPEG	20	2	50	51
n02085620_98.JPEG	0	8	63	57
n02085620_99.JPEG	0	5	63	60
n02085620_100.JPEG	5	0	61	63
n02085620_101.JPEG	21	5	52	48
n02085620_102.JPEG	34	28	54	59
n02085620_103.JPEG	9	8	63	63
n02085620_104.JPEG	16	13	34	46
n02085620_105.JPEG	30	26	47	49
n02085620_106.JPEG	8	39	28	62
n02085620_107.JPEG	0	0	51	63
n02085620_108.JPEG	14	0	56	63
n02085620_109.JPEG	22	11	56	63
n02085620_110.JPEG	1	43	8	56
n02085620_111.JPEG	6	5	60	63
n02085620_112.JPEG	11	1	42	63
n02085620_113.JPEG	0	1	63	63
n02085620_114.JPEG	0	19	55	61
n02085620_115.JPEG	10	32	61	63
n02085620_116.JPEG	16	1	63	57
n02085620_117.JPEG	0	20	29	56
n02085620_118.JPEG	9	0	56	53
n02085620_119.JPEG	19	24	33	36
n02085620_120.JPEG	13	13	63	63
n02085620_121.JPEG	11	0	54	53
n02085620_122.JPEG	13	4	63	60
n02085620_123.JPEG	0	16	37	63
n02085620_124.JPEG	0	1	63	52
n02085620_125.JPEG	15	0	62	63
n02085620_126.JPEG	10	0	49	63
n02085620_127.JPEG	0	13	52	63
n02085620_128.JPEG	2	18	40	57
n02085620_129.JPEG	0	7	63	63
n02085620_130.JPEG	19	7	50	45
n02085620_131.JPEG	2	2	63	63
n02085620_132.JPEG	0	3	63	52
n02085620_133.JPEG	14	5	63	61
n02085620_134.JPEG	8	9	40	58
n02085620_135.JPEG	19	9	51	58
n02085620_136.JPEG	1	0	57	62
n02085620_137.JPEG	1	4	57	61
n02085620_138.JPEG	1	16	61	52
n02085620_139.JPEG	0	16	50	58
n02085620_140.JPEG	9	9	39	56
n02085620_141.JPEG	0	8	37	62
n02085620_142.JPEG	15	3	45	63
n02085620_143.JPEG	8	6	56	63
n02085620_144.JPEG	40	6	63	63
n02085620_145.JPEG	0	4	63	57
n02085620_146.JPEG	15	8	48	45
n02085620_147.JPEG	8	10	34	41
n02085620_148.JPEG	0	18	63	50
n02085620_149.JPEG	11	0	62	63
n02085620_150.JPEG	32	4	63	53
n02085620_151.JPEG	19	4	63	61
n02085620_152.JPEG	0	1	63	53
n02085620_153.JPEG	11	6	63	62
n02085620_154.JPEG	0	3	61	61
n02085620_155.JPEG	3	3	63	62
n02085620_156.JPEG	0	0	58	63
n02085620_157.JPEG	33	19	58	53
n02085620_158.JPEG	17	0	58	63
n02085620_159.JPEG	9	1	63	63
n02085620_160.JPEG	0	7	63	54
n02085620_161.JPEG	38	10	57	36
n02085620_162.JPEG	13	0	62	63
n02085620_163.JPEG	20	33	38	50
n02085620_164.JPEG	1	0	38	63
n02085620_165.JPEG	19	18	50	34
n02085620_166.JPEG	0	7	51	63
n02085620_167.JPEG	20	20	56	62
n02085620_168.JPEG	0	3	63	63
n02085620_169.JPEG	30	25	60	63
n02085620_170.JPEG	0	0	58	63
n02085620_171.JPEG	15	12	49	47
n02085620_172.JPEG	0	0	63	63
n02085620_173.JPEG	19	10	47	37
n02085620_174.JPEG	0	7	63	63
n02085620_175.JPEG	11	0	63	63
n02085620_176.JPEG	4	2	61	60
n02085620_177.JPEG	10	2	57	61
n02085620_178.JPEG	0	1	53	61
n02085620_179.JPEG	23	10	46	44
n02085620_180.JPEG	0	2	63	62
n02085620_181.JPEG	12	19	50	63
n02085620_182.JPEG	0	3	63	57
n02085620_183.JPEG	9	0	53	63
n02085620_184.JPEG	0	0	63	55
n02085620_185.JPEG	5	11	63	63
n02085620_186.JPEG	2	4	63	63
n02085620_187.JPEG	0	13	58	63
n02085620_188.JPEG	21	0	62	63
n02085620_189.JPEG	13	8	52	63
n02085620_190.JPEG	0	13	63	57
n02085620_191.JPEG	31	28	44	43
n02085620_192.JPEG	19	0	63	57
n02085620_193.JPEG	0	0	43	63
n02085620_194.JPEG	3	0	53	42
n02085620_195.JPEG	31	38	43	50
n02085620_196.JPEG	25	36	63	57
n02085620_197.JPEG	0	0	63	63
n02085620_198.JPEG	15	13	39	43
n02085620_199.JPEG	5	0	61	63
n02085620_200.JPEG	3	0	63	55
n02085620_201.JPEG	16	16	49	54
n02085620_202.JPEG	7	1	42	63
n02085620_203.JPEG	12	28	33	63
n02085620_204.JPEG	6	5	54	43
n02085620_205.JPEG	21	10	52	37
n02085620_206.JPEG	7	4	53	60
n02085620_207.JPEG	0	3	63	63
n02085620_208.JPEG	13	2	51	56
n02085620_209.JPEG	16	15	40	62
n02085620_210.JPEG	0	7	56	63
n02085620_211.JPEG	17	0	50	63
n02085620_212.JPEG	0	4	50	46
n02085620_213.JPEG	36	16	63	63
n02085620_214.JPEG	0	4	63	63
n02085620_215.JPEG	0	7	44	63
n02085620_216.JPEG	9	10	51	54
n02085620_217.JPEG	0	24	63	59
n02085620_218.JPEG	10	2	63	58
n02085620_219.JPEG	0	0	48	48
n02085620_220.JPEG	0	0	63	63
n02085620_221.JPEG	7	5	53	63
n02085620_222.JPEG	0	0	61	63
n02085620_223.JPEG	0	3	63	63
n02085620_224.JPEG	13	0	52	63
n02085620_225.JPEG	1	4	52	63
n02085620_226.JPEG	1	0	51	63
n02085620_227.JPEG	0	4	52	63
n02085620_228.JPEG	0	0	42	52
n02085620_229.JPEG	0	13	63	63
n02085620_230.JPEG	18	8	45	52
n02085620_231.JPEG	17	1	55	61
n02085620_232.JPEG	26	12	52	53
n02085620_233.JPEG	24	5	63	63
n02085620_234.JPEG	21	0	54	63
n02085620_235.JPEG	0	0	62	62
n02085620_236.JPEG	2	9	28	46
n02085620_237.JPEG	0	5	63	63
n02085620_238.JPEG	13	10	58	55
n02085620_239.JPEG	13	3	61	57
n02085620_240.JPEG	0	0	63	63
n02085620_241.JPEG	15	0	47	60
n02085620_242.JPEG	18	18	51	49
n02085620_243.JPEG	26	17	63	63
n02085620_244.JPEG	0	3	63	60
n02085620_245.JPEG	33	1	58	38
n02085620_246.JPEG	5	1	63	61
n02085620_247.JPEG	0	2	63	63
n02085620_248.JPEG	6	2	63	63
n02085620_249.JPEG	22	9	58	63
n02085620_250.JPEG	5	0	63	63
n02085620_251.JPEG	0	29	41	63
n02085620_252.JPEG	0	10	44	63
n02085620_253.JPEG	8	8	51	61
n02085620_254.JPEG	10	6	63	63
n02085620_255.JPEG	19	22	33	41
n02085620_256.JPEG	0	0	63	63
n02085620_257.JPEG	16	12	58	52
n02085620_258.JPEG	6	0	40	45
n02085620_259.JPEG	0	1	63	63
n02085620_260.JPEG	9	13	63	63
n02085620_261.JPEG	8	3	50	63
n02085620_262.JPEG	21	21	56	48
n02085620_263.JPEG	12	12	57	63
n02085620_264.JPEG	14	13	59	54
n02085620_265.JPEG	0	2	61	63
n02085620_266.JPEG	26	2	60	63
n02085620_267.JPEG	0	10	20	57
n02085620_268.JPEG	1	13	62	41
n02085620_269.JPEG	0	0	63	59
n02085620_270.JPEG	13	0	63	63
n02085620_271.JPEG	0	7	48	59
n02085620_272.JPEG	0	0	63	63
n02085620_273.JPEG	23	19	37	51
n02085620_274.JPEG	3	11	63	56
n02085620_275.JPEG	4	0	55	63
n02085620_276.JPEG	25	11	63	63
n02085620_277.JPEG	2	7	49	63
n02085620_278.JPEG	11	0	58	62
n02085620_279.JPEG	22	14	52	63
n02085620_280.JPEG	0	0	63	63
n02085620_281.JPEG	10	4	51	63
n02085620_282.JPEG	21	17	50	58
n02085620_283.JPEG	12	12	40	51
n02085620_284.JPEG	41	6	63	56
n02085620_285.JPEG	0	14	16	39
n02085620_286.JPEG	15	18	63	45
n02085620_287.JPEG	9	5	54	63
n02085620_288.JPEG	18	19	51	54
n02085620_289.JPEG	14	8	63	52
n02085620_290.JPEG	18	1	58	47
n02085620_291.JPEG	1	0	63	63
n02085620_292.JPEG	27	11	53	63
n02085620_293.JPEG	0	1	54	60
n02085620_294.JPEG	27	21	55	63
n02085620_295.JPEG	18	4	63	63
n02085620_296.JPEG	0	9	41	63
n02085620_297.JPEG	20	23	49	63
n02085620_298.JPEG	12	7	47	52
n02085620_299.JPEG	20	21	47	63
n02085620_300.JPEG	0	4	63	63
n02085620_301.JPEG	11	7	62	63
n02085620_302.JPEG	0	2	16	19
n02085620_303.JPEG	12	24	38	44
n02085620_304.JPEG	0	8	63	59
n02085620_305.JPEG	27	26	36	39
n02085620_306.JPEG	36	16	63	63
n02085620_307.JPEG	0	7	63	63
n02085620_308.JPEG	1	0	63	63
n02085620_309.JPEG	15	19	46	49
n02085620_310.JPEG	0	4	63	60
n02085620_311.JPEG	6	21	28	55
n02085620_312.JPEG	0	4	56	63
n02085620_313.JPEG	0	0	63	63
n02085620_314.JPEG	10	4	51	63
n02085620_315.JPEG	18	3	63	63
n02085620_316.JPEG	1	39	25	63
n02085620_317.JPEG	21	0	63	63
n02085620_318.JPEG	0	3	28	56
n02085620_319.JPEG	15	6	63	63
n02085620_320.JPEG	3	0	63	63
n02085620_321.JPEG	0	17	55	60
n02085620_322.JPEG	7	16	51	50
n02085620_323.JPEG	0	0	39	63
n02085620_324.JPEG	7	5	63	63
n02085620_325.JPEG	1	1	63	63
n02085620_326.JPEG	0	10	63	63
n02085620_327.JPEG	6	0	56	63
n02085620_328.JPEG	0	0	63	63
n02085620_329.JPEG	7	5	63	63
n02085620_330.JPEG	0	7	63	63
n02085620_331.JPEG	0	15	63	58
n02085620_332.JPEG	0	12	63	46
n02085620_333.JPEG	1	0	50	63
n02085620_334.JPEG	13	11	44	55
n02085620_335.JPEG	14	10	55	63
n02085620_336.JPEG	24	0	63	63
n02085620_337.JPEG	2	0	63	63
n02085620_338.JPEG	5	0	56	63
n02085620_339.JPEG	6	8	32	61
n02085620_340.JPEG	7	2	63	63
n02085620_341.JPEG	19	0	51	63
n02085620_342.JPEG	0	0	63	63
n02085620_343.JPEG	0	5	57	57
n02085620_344.JPEG	25	31	63	63
n02085620_345.JPEG	17	0	57	63
n02085620_346.JPEG	5	0	63	63
n02085620_347.JPEG	3	1	59	63
n02085620_348.JPEG	14	18	46	40
n02085620_349.JPEG	6	0	59	63
n02085620_350.JPEG	16	13	47	44
n02085620_351.JPEG	15	4	63	63
n02085620_352.JPEG	17	13	51	63
n02085620_353.JPEG	0	3	59	63
n02085620_354.JPEG	0	1	59	63
n02085620_355.JPEG	1	0	44	63
n02085620_356.JPEG	8	0	63	63
n02085620_357.JPEG	5	3	63	63
n02085620_358.JPEG	24	19	44	57
n02085620_359.JPEG	5	17	62	59
n02085620_360.JPEG	7	4	63	63
n02085620_361.JPEG	26	8	39	32
n02085620_362.JPEG	0	2	63	57
n02085620_363.JPEG	0	7	63	57
n02085620_364.JPEG	7	32	25	63
n02085620_365.JPEG	20	0	51	63
n02085620_366.JPEG	28	9	41	25
n02085620_367.JPEG	0	5	21	56
n02085620_368.JPEG	3	6	62	62
n02085620_369.JPEG	34	21	63	57
n02085620_370.JPEG	38	34	47	60
n02085620_371.JPEG	0	0	63	63
n02085620_372.JPEG	15	11	51	46
n02085620_373.JPEG	20	12	46	40
n02085620_374.JPEG	2	0	55	63
n02085620_375.JPEG	0	2	63	63
n02085620_376.JPEG	0	19	38	57
n02085620_377.JPEG	0	6	63	63
n02085620_378.JPEG	21	23	40	51
n02085620_379.JPEG	32	6	63	40
n02085620_380.JPEG	11	5	53	54
n02085620_381.JPEG	0	1	63	63
n02085620_382.JPEG	7	1	63	43
n02085620_383.JPEG	16	10	56	60
n02085620_384.JPEG	18	34	44	63
n02085620_385.JPEG	11	2	63	60
n02085620_386.JPEG	6	18	39	62
n02085620_387.JPEG	5	43	55	63
n02085620_388.JPEG	9	17	45	55
n02085620_389.JPEG	7	7	57	60
n02085620_390.JPEG	0	8	63	60
n02085620_391.JPEG	16	37	37	63
n02085620_392.JPEG	21	5	47	63
n02085620_393.JPEG	15	1	63	63
n02085620_394.JPEG	43	34	60	56
n02085620_395.JPEG	1	4	63	53
n02085620_396.JPEG	55	0	63	57
n02085620_397.JPEG	0	13	29	63
n02085620_398.JPEG	13	10	49	57
n02085620_399.JPEG	14	2	52	63
n02085620_400.JPEG	3	1	54	61
n02085620_401.JPEG	1	2	63	43
n02085620_402.JPEG	20	10	44	47
n02085620_403.JPEG	22	14	41	37
n02085620_404.JPEG	12	0	55	63
n02085620_405.JPEG	0	14	45	54
n02085620_406.JPEG	0	25	58	60
n02085620_407.JPEG	0	0	63	63
n02085620_408.JPEG	4	14	41	63
n02085620_409.JPEG	7	0	53	63
n02085620_410.JPEG	14	0	53	26
n02085620_411.JPEG	0	0	37	63
n02085620_412.JPEG	19	6	42	59
n02085620_413.JPEG	0	19	25	59
n02085620_414.JPEG	19	24	63	63
n02085620_415.JPEG	5	7	63	63
n02085620_416.JPEG	7	4	59	62
n02085620_417.JPEG	5	0	59	63
n02085620_418.JPEG	36	15	51	43
n02085620_419.JPEG	0	1	59	63
n02085620_420.JPEG	17	4	52	57
n02085620_421.JPEG	11	0	55	63
n02085620_422.JPEG	1	8	56	56
n02085620_423.JPEG	12	5	56	62
n02085620_424.JPEG	16	1	61	56
n02085620_425.JPEG	3	6	45	55
n02085620_426.JPEG	5	11	63	59
n02085620_427.JPEG	18	0	63	63
n02085620_428.JPEG	1	1	63	62
n02085620_429.JPEG	0	1	63	63
n02085620_430.JPEG	0	0	57	63
n02085620_431.JPEG	0	13	63	63
n02085620_432.JPEG	36	12	63	60
n02085620_433.JPEG	12	40	46	63
n02085620_434.JPEG	22	20	37	47
n02085620_435.JPEG	0	17	21	56
n02085620_436.JPEG	0	7	49	63
n02085620_437.JPEG	0	15	14	55
n02085620_438.JPEG	0	0	60	63
n02085620_439.JPEG	9	13	63	55
n02085620_440.JPEG	10	0	63	63
n02085620_441.JPEG	0	9	63	63
n02085620_442.JPEG	16	3	48	63
n02085620_443.JPEG	28	19	51	45
n02085620_444.JPEG	4	0	61	63
n02085620_445.JPEG	0	11	63	63
n02085620_446.JPEG	6	14	59	63
n02085620_447.JPEG	19	0	63	53
n02085620_448.JPEG	0	4	33	63
n02085620_449.JPEG	1	27	63	63
n02085620_450.JPEG	16	4	63	63
n02085620_451.JPEG	0	6	42	63
n02085620_452.JPEG	8	0	63	63
n02085620_453.JPEG	12	0	63	55
n02085620_454.JPEG	2	5	59	61
n02085620_455.JPEG	3	1	56	63
n02085620_456.JPEG	0	7	63	61
n02085620_457.JPEG	0	1	63	63
n02085620_458.JPEG	4	8	63	52
n02085620_459.JPEG	0	1	63	63
n02085620_460.JPEG	1	0	55	63
n02085620_461.JPEG	5	1	63	63
n02085620_462.JPEG	0	1	63	63
n02085620_463.JPEG	0	0	38	63
n02085620_464.JPEG	10	1	63	61
n02085620_465.JPEG	17	16	46	49
n02085620_466.JPEG	0	1	55	55
n02085620_467.JPEG	1	2	63	63
n02085620_468.JPEG	0	4	63	61
n02085620_469.JPEG	0	3	63	61
n02085620_470.JPEG	21	19	43	44
n02085620_471.JPEG	1	5	63	60
n02085620_472.JPEG	3	6	63	49
n02085620_473.JPEG	13	14	61	63
n02085620_474.JPEG	3	0	63	53
n02085620_475.JPEG	0	1	39	63
n02085620_476.JPEG	0	3	63	61
n02085620_477.JPEG	0	2	63	63
n02085620_478.JPEG	13	4	51	63
n02085620_479.JPEG	2	12	54	63
n02085620_480.JPEG	14	17	41	63
n02085620_481.JPEG	40	20	63	63
n02085620_482.JPEG	21	31	44	63
n02085620_483.JPEG	15	2	55	63
n02085620_484.JPEG	20	25	29	43
n02085620_485.JPEG	3	28	42	63
n02085620_486.JPEG	0	0	63	63
n02085620_487.JPEG	4	0	62	63
n02085620_488.JPEG	3	2	52	63
n02085620_489.JPEG	39	27	63	48
n02085620_490.JPEG	5	0	63	63
n02085620_491.JPEG	5	15	41	63
n02085620_492.JPEG	5	7	63	59
n02085620_493.JPEG	6	11	55	56
n02085620_494.JPEG	6	11	49	56
n02085620_495.JPEG	0	0	63	57
n02085620_496.JPEG	20	20	57	42
n02085620_497.JPEG	13	4	59	63
n02085620_498.JPEG	0	7	63	63
n02085620_499.JPEG	0	0	48	51
