n04597913_0.JPEG	0	18	63	50
n04597913_1.JPEG	4	0	60	63
n04597913_2.JPEG	0	23	63	63
n04597913_3.JPEG	5	7	63	57
n04597913_4.JPEG	37	18	63	41
n04597913_5.JPEG	0	16	34	54
n04597913_6.JPEG	54	8	63	39
n04597913_7.JPEG	11	5	49	63
n04597913_8.JPEG	19	0	25	12
n04597913_9.JPEG	52	19	63	45
n04597913_10.JPEG	4	14	63	52
n04597913_11.JPEG	41	14	52	29
n04597913_12.JPEG	12	0	63	58
n04597913_13.JPEG	17	8	48	63
n04597913_14.JPEG	0	16	63	31
n04597913_15.JPEG	9	0	53	63
n04597913_16.JPEG	7	23	56	59
n04597913_17.JPEG	12	0	46	63
n04597913_18.JPEG	22	31	35	41
n04597913_19.JPEG	27	47	63	58
n04597913_20.JPEG	43	17	52	51
n04597913_21.JPEG	6	19	38	36
n04597913_22.JPEG	33	33	63	63
n04597913_23.JPEG	37	17	44	26
n04597913_24.JPEG	0	29	27	47
n04597913_25.JPEG	20	0	63	47
n04597913_26.JPEG	22	45	46	51
n04597913_27.JPEG	0	9	63	23
n04597913_28.JPEG	4	26	35	53
n04597913_29.JPEG	20	0	38	63
n04597913_30.JPEG	38	33	63	47
n04597913_31.JPEG	30	4	59	12
n04597913_32.JPEG	14	17	30	47
n04597913_33.JPEG	36	17	44	22
n04597913_34.JPEG	34	4	63	31
n04597913_35.JPEG	26	0	44	63
n04597913_36.JPEG	0	12	63	52
n04597913_37.JPEG	0	9	35	61
n04597913_38.JPEG	8	3	63	23
n04597913_39.JPEG	26	35	44	63
n04597913_40.JPEG	20	50	36	57
n04597913_41.JPEG	8	13	41	50
n04597913_42.JPEG	0	6	38	23
n04597913_43.JPEG	0	5	63	44
n04597913_44.JPEG	30	4	39	55
n04597913_45.JPEG	0	1	63	47
n04597913_46.JPEG	25	30	63	48
n04597913_47.JPEG	0	21	62	49
n04597913_48.JPEG	39	10	63	63
n04597913_49.JPEG	0	4	63	53
n04597913_50.JPEG	0	14	63	45
n04597913_51.JPEG	19	38	28	63
n04597913_52.JPEG	18	0	28	35
n04597913_53.JPEG	0	19	63	54
n04597913_54.JPEG	8	0	57	46
n04597913_55.JPEG	0	31	3	44
n04597913_56.JPEG	1	20	39	43
n04597913_57.JPEG	17	8	42	45
n04597913_58.JPEG	3	0	36	63
n04597913_59.JPEG	53	6	63	30
n04597913_60.JPEG	23	21	28	44
n04597913_61.JPEG	0	26	63	58
n04597913_62.JPEG	10	1	21	57
n04597913_63.JPEG	6	0	32	38
n04597913_64.JPEG	3	3	63	46
n04597913_65.JPEG	3	21	33	63
n04597913_66.JPEG	10	24	23	50
n04597913_67.JPEG	36	25	63	63
n04597913_68.JPEG	25	3	63	27
n04597913_69.JPEG	48	10	63	36
n04597913_70.JPEG	0	8	63	52
n04597913_71.JPEG	10	13	27	51
n04597913_72.JPEG	28	15	35	25
n04597913_73.JPEG	14	25	36	56
n04597913_74.JPEG	8	28	63	45
n04597913_75.JPEG	7	21	26	63
n04597913_76.JPEG	0	18	63	56
n04597913_77.JPEG	43	0	57	63
n04597913_78.JPEG	17	31	44	63
n04597913_79.JPEG	3	29	23	63
n04597913_80.JPEG	15	16	22	49
n04597913_81.JPEG	14	17	63	63
n04597913_82.JPEG	23	39	63	49
n04597913_83.JPEG	4	0	63	57
n04597913_84.JPEG	26	0	42	63
n04597913_85.JPEG	41	15	63	63
n04597913_86.JPEG	7	39	24	63
n04597913_87.JPEG	35	7	63	53
n04597913_88.JPEG	19	30	26	42
n04597913_89.JPEG	0	8	63	54
n04597913_90.JPEG	10	10	32	58
n04597913_91.JPEG	26	25	54	63
n04597913_92.JPEG	46	5	52	27
n04597913_93.JPEG	20	9	46	63
n04597913_94.JPEG	62	15	63	49
n04597913_95.JPEG	9	34	47	43
n04597913_96.JPEG	0	8	37	58
n04597913_97.JPEG	35	4	45	63
n04597913_98.JPEG	59	33	63	63
n04597913_99.JPEG	14	10	63	63
n04597913_100.JPEG	12	41	63	63
n04597913_101.JPEG	0	20	44	45
n04597913_102.JPEG	31	41	63	63
n04597913_103.JPEG	5	0	56	63
n04597913_104.JPEG	13	0	46	63
n04597913_105.JPEG	0	21	63	60
n04597913_106.JPEG	17	36	51	48
n04597913_107.JPEG	36	25	63	54
n04597913_108.JPEG	0	10	3	60
n04597913_109.JPEG	24	15	42	63
n04597913_110.JPEG	0	11	63	55
n04597913_111.JPEG	14	27	33	63
n04597913_112.JPEG	0	35	34	56
n04597913_113.JPEG	14	0	56	63
n04597913_114.JPEG	0	0	63	27
n04597913_115.JPEG	13	0	31	63
n04597913_116.JPEG	3	0	52	61
n04597913_117.JPEG	28	5	63	36
n04597913_118.JPEG	20	24	63	42
n04597913_119.JPEG	0	5	63	63
n04597913_120.JPEG	11	3	48	63
n04597913_121.JPEG	12	0	63	39
n04597913_122.JPEG	0	3	63	41
n04597913_123.JPEG	22	30	56	63
n04597913_124.JPEG	46	5	63	42
n04597913_125.JPEG	4	0	22	63
n04597913_126.JPEG	33	0	63	28
n04597913_127.JPEG	19	19	32	58
n04597913_128.JPEG	17	19	28	63
n04597913_129.JPEG	32	13	36	39
n04597913_130.JPEG	9	7	38	57
n04597913_131.JPEG	6	50	40	63
n04597913_132.JPEG	34	1	43	19
n04597913_133.JPEG	35	1	63	36
n04597913_134.JPEG	0	15	63	50
n04597913_135.JPEG	25	27	63	54
n04597913_136.JPEG	2	8	63	55
n04597913_137.JPEG	0	40	63	54
n04597913_138.JPEG	0	23	33	39
n04597913_139.JPEG	59	29	63	52
n04597913_140.JPEG	29	30	63	63
n04597913_141.JPEG	41	3	51	55
n04597913_142.JPEG	26	26	48	61
n04597913_143.JPEG	0	35	29	48
n04597913_144.JPEG	31	23	63	44
n04597913_145.JPEG	25	1	56	49
n04597913_146.JPEG	17	0	45	36
n04597913_147.JPEG	18	1	63	17
n04597913_148.JPEG	42	10	52	63
n04597913_149.JPEG	17	10	31	63
n04597913_150.JPEG	37	15	39	34
n04597913_151.JPEG	2	18	63	42
n04597913_152.JPEG	20	12	40	63
n04597913_153.JPEG	32	13	58	63
n04597913_154.JPEG	0	18	46	28
n04597913_155.JPEG	2	4	63	53
n04597913_156.JPEG	7	12	55	63
n04597913_157.JPEG	0	35	63	45
n04597913_158.JPEG	0	8	63	63
n04597913_159.JPEG	27	0	63	63
n04597913_160.JPEG	33	21	63	53
n04597913_161.JPEG	0	32	39	54
n04597913_162.JPEG	33	42	63	63
n04597913_163.JPEG	3	42	37	61
n04597913_164.JPEG	26	35	63	63
n04597913_165.JPEG	7	2	16	41
n04597913_166.JPEG	24	3	39	35
n04597913_167.JPEG	13	18	25	36
n04597913_168.JPEG	3	15	63	54
n04597913_169.JPEG	10	17	63	36
n04597913_170.JPEG	29	34	63	57
n04597913_171.JPEG	0	9	63	49
n04597913_172.JPEG	12	3	54	55
n04597913_173.JPEG	0	5	63	56
n04597913_174.JPEG	38	21	63	43
n04597913_175.JPEG	47	0	61	54
n04597913_176.JPEG	0	52	24	58
n04597913_177.JPEG	0	36	63	56
n04597913_178.JPEG	11	23	49	63
n04597913_179.JPEG	0	0	63	63
n04597913_180.JPEG	0	24	41	33
n04597913_181.JPEG	27	15	63	63
n04597913_182.JPEG	19	26	63	40
n04597913_183.JPEG	20	11	29	63
n04597913_184.JPEG	1	44	63	55
n04597913_185.JPEG	0	2	63	60
n04597913_186.JPEG	46	10	56	33
n04597913_187.JPEG	0	17	31	32
n04597913_188.JPEG	14	12	35	18
n04597913_189.JPEG	16	21	41	59
n04597913_190.JPEG	25	4	63	62
n04597913_191.JPEG	18	0	50	63
n04597913_192.JPEG	16	0	52	57
n04597913_193.JPEG	33	36	52	63
n04597913_194.JPEG	12	31	27	54
n04597913_195.JPEG	2	25	17	30
n04597913_196.JPEG	0	13	31	34
n04597913_197.JPEG	0	2	63	55
n04597913_198.JPEG	0	10	63	57
n04597913_199.JPEG	20	23	63	50
n04597913_200.JPEG	0	40	23	63
n04597913_201.JPEG	0	32	61	63
n04597913_202.JPEG	0	18	56	35
n04597913_203.JPEG	18	6	45	63
n04597913_204.JPEG	16	1	48	31
n04597913_205.JPEG	0	0	50	63
n04597913_206.JPEG	49	32	63	63
n04597913_207.JPEG	0	24	63	39
n04597913_208.JPEG	30	6	41	34
n04597913_209.JPEG	10	36	42	63
n04597913_210.JPEG	33	5	40	20
n04597913_211.JPEG	16	0	41	63
n04597913_212.JPEG	16	0	48	60
n04597913_213.JPEG	6	18	63	50
n04597913_214.JPEG	28	24	48	63
n04597913_215.JPEG	38	0	56	63
n04597913_216.JPEG	0	29	63	63
n04597913_217.JPEG	23	26	63	63
n04597913_218.JPEG	20	17	51	23
n04597913_219.JPEG	23	12	63	40
n04597913_220.JPEG	5	2	63	53
n04597913_221.JPEG	22	27	45	63
n04597913_222.JPEG	0	21	40	39
n04597913_223.JPEG	0	15	22	52
n04597913_224.JPEG	36	19	63	45
n04597913_225.JPEG	6	0	32	40
n04597913_226.JPEG	22	6	47	63
n04597913_227.JPEG	33	24	63	42
n04597913_228.JPEG	30	7	47	45
n04597913_229.JPEG	8	26	34	63
n04597913_230.JPEG	19	25	63	57
n04597913_231.JPEG	47	1	63	63
n04597913_232.JPEG	30	13	63	42
n04597913_233.JPEG	0	2	18	39
n04597913_234.JPEG	4	11	63	28
n04597913_235.JPEG	13	28	31	63
n04597913_236.JPEG	40	19	46	42
n04597913_237.JPEG	18	3	51	53
n04597913_238.JPEG	11	30	63	43
n04597913_239.JPEG	18	0	32	33
n04597913_240.JPEG	0	0	58	63
n04597913_241.JPEG	34	10	50	42
n04597913_242.JPEG	26	19	44	63
n04597913_243.JPEG	7	2	63	17
n04597913_244.JPEG	0	21	63	55
n04597913_245.JPEG	36	26	42	45
n04597913_246.JPEG	0	25	63	56
n04597913_247.JPEG	25	44	63	58
n04597913_248.JPEG	10	0	56	63
n04597913_249.JPEG	17	38	29	56
n04597913_250.JPEG	0	13	63	53
n04597913_251.JPEG	1	19	49	63
n04597913_252.JPEG	0	7	63	55
n04597913_253.JPEG	15	13	63	46
n04597913_254.JPEG	0	19	4	34
n04597913_255.JPEG	0	15	63	42
n04597913_256.JPEG	17	19	38	57
n04597913_257.JPEG	34	7	63	35
n04597913_258.JPEG	34	8	63	43
n04597913_259.JPEG	35	31	63	38
n04597913_260.JPEG	17	0	42	63
n04597913_261.JPEG	13	25	35	63
n04597913_262.JPEG	19	0	58	26
n04597913_263.JPEG	22	1	42	32
n04597913_264.JPEG	0	18	63	45
n04597913_265.JPEG	1	0	43	14
n04597913_266.JPEG	0	31	44	52
n04597913_267.JPEG	13	24	63	47
n04597913_268.JPEG	40	0	63	63
n04597913_269.JPEG	27	0	52	30
n04597913_270.JPEG	0	11	25	63
n04597913_271.JPEG	0	26	17	52
n04597913_272.JPEG	30	33	63	56
n04597913_273.JPEG	17	6	63	49
n04597913_274.JPEG	0	13	63	25
n04597913_275.JPEG	31	38	47	55
n04597913_276.JPEG	0	14	63	63
n04597913_277.JPEG	41	5	49	40
n04597913_278.JPEG	9	26	63	47
n04597913_279.JPEG	28	36	48	56
n04597913_280.JPEG	46	0	63	24
n04597913_281.JPEG	0	25	63	36
n04597913_282.JPEG	29	0	57	11
n04597913_283.JPEG	33	7	63	31
n04597913_284.JPEG	20	0	38	63
n04597913_285.JPEG	0	24	63	42
n04597913_286.JPEG	0	0	30	63
n04597913_287.JPEG	21	12	63	54
n04597913_288.JPEG	0	29	50	40
n04597913_289.JPEG	8	10	53	56
n04597913_290.JPEG	0	5	63	55
n04597913_291.JPEG	46	9	63	59
n04597913_292.JPEG	20	28	32	63
n04597913_293.JPEG	38	12	48	41
n04597913_294.JPEG	9	1	25	30
n04597913_295.JPEG	17	0	44	63
n04597913_296.JPEG	0	14	29	22
n04597913_297.JPEG	26	17	63	53
n04597913_298.JPEG	30	6	63	25
n04597913_299.JPEG	23	48	33	58
n04597913_300.JPEG	34	21	63	35
n04597913_301.JPEG	46	12	61	63
n04597913_302.JPEG	17	27	31	47
n04597913_303.JPEG	0	9	63	28
n04597913_304.JPEG	2	0	63	31
n04597913_305.JPEG	0	6	63	61
n04597913_306.JPEG	0	19	60	42
n04597913_307.JPEG	12	21	33	53
n04597913_308.JPEG	55	17	63	47
n04597913_309.JPEG	0	16	63	60
n04597913_310.JPEG	0	17	63	47
n04597913_311.JPEG	0	0	63	47
n04597913_312.JPEG	0	54	63	63
n04597913_313.JPEG	28	29	34	48
n04597913_314.JPEG	0	13	63	35
n04597913_315.JPEG	19	23	41	63
n04597913_316.JPEG	0	28	63	47
n04597913_317.JPEG	36	1	62	60
n04597913_318.JPEG	0	7	44	33
n04597913_319.JPEG	0	0	56	14
n04597913_320.JPEG	59	21	63	42
n04597913_321.JPEG	11	44	32	63
n04597913_322.JPEG	23	27	63	49
n04597913_323.JPEG	37	23	54	35
n04597913_324.JPEG	14	16	46	63
n04597913_325.JPEG	25	19	52	30
n04597913_326.JPEG	3	14	63	63
n04597913_327.JPEG	56	24	63	63
n04597913_328.JPEG	0	21	63	48
n04597913_329.JPEG	6	1	63	33
n04597913_330.JPEG	46	1	63	17
n04597913_331.JPEG	0	35	63	59
n04597913_332.JPEG	19	23	28	62
n04597913_333.JPEG	0	21	63	39
n04597913_334.JPEG	37	0	57	42
n04597913_335.JPEG	0	20	63	46
n04597913_336.JPEG	20	29	63	49
n04597913_337.JPEG	0	15	26	63
n04597913_338.JPEG	0	16	63	47
n04597913_339.JPEG	25	7	32	54
n04597913_340.JPEG	33	27	58	35
n04597913_341.JPEG	0	42	29	49
n04597913_342.JPEG	27	4	39	63
n04597913_343.JPEG	0	9	63	63
n04597913_344.JPEG	21	28	41	43
n04597913_345.JPEG	0	12	63	63
n04597913_346.JPEG	23	0	42	62
n04597913_347.JPEG	52	38	63	63
n04597913_348.JPEG	9	31	54	59
n04597913_349.JPEG	52	43	63	54
n04597913_350.JPEG	0	11	63	57
n04597913_351.JPEG	0	25	54	51
n04597913_352.JPEG	13	15	63	43
n04597913_353.JPEG	0	17	38	50
n04597913_354.JPEG	0	6	63	59
n04597913_355.JPEG	22	14	63	60
n04597913_356.JPEG	0	11	60	39
n04597913_357.JPEG	30	45	51	52
n04597913_358.JPEG	5	0	16	63
n04597913_359.JPEG	0	18	63	60
n04597913_360.JPEG	27	1	50	43
n04597913_361.JPEG	46	23	63	35
n04597913_362.JPEG	5	50	63	63
n04597913_363.JPEG	22	0	63	45
n04597913_364.JPEG	6	8	63	31
n04597913_365.JPEG	24	0	57	40
n04597913_366.JPEG	26	13	42	56
n04597913_367.JPEG	51	5	63	63
n04597913_368.JPEG	8	33	63	53
n04597913_369.JPEG	18	2	54	27
n04597913_370.JPEG	14	34	28	43
n04597913_371.JPEG	48	5	63	18
n04597913_372.JPEG	28	0	63	31
n04597913_373.JPEG	16	30	50	63
n04597913_374.JPEG	26	12	63	43
n04597913_375.JPEG	38	8	55	37
n04597913_376.JPEG	40	22	61	63
n04597913_377.JPEG	40	36	60	49
n04597913_378.JPEG	25	0	39	63
n04597913_379.JPEG	0	15	41	47
n04597913_380.JPEG	10	23	26	63
n04597913_381.JPEG	10	26	52	41
n04597913_382.JPEG	14	25	63	63
n04597913_383.JPEG	0	17	63	38
n04597913_384.JPEG	12	0	63	63
n04597913_385.JPEG	23	0	63	40
n04597913_386.JPEG	17	23	40	44
n04597913_387.JPEG	17	0	47	63
n04597913_388.JPEG	2	14	57	63
n04597913_389.JPEG	28	22	63	38
n04597913_390.JPEG	36	34	61	63
n04597913_391.JPEG	0	34	63	59
n04597913_392.JPEG	17	34	63	63
n04597913_393.JPEG	23	35	57	63
n04597913_394.JPEG	0	17	63	42
n04597913_395.JPEG	24	55	33	63
n04597913_396.JPEG	23	27	42	42
n04597913_397.JPEG	37	20	51	28
n04597913_398.JPEG	37	1	63	42
n04597913_399.JPEG	30	4	56	61
n04597913_400.JPEG	25	4	36	24
n04597913_401.JPEG	9	23	50	63
n04597913_402.JPEG	30	41	51	63
n04597913_403.JPEG	40	22	63	54
n04597913_404.JPEG	0	1	35	62
n04597913_405.JPEG	0	1	63	59
n04597913_406.JPEG	29	41	63	56
n04597913_407.JPEG	22	0	46	63
n04597913_408.JPEG	24	37	36	63
n04597913_409.JPEG	10	14	60	32
n04597913_410.JPEG	25	0	63	46
n04597913_411.JPEG	37	16	53	34
n04597913_412.JPEG	20	0	63	57
n04597913_413.JPEG	49	16	59	45
n04597913_414.JPEG	6	16	62	47
n04597913_415.JPEG	0	0	51	51
n04597913_416.JPEG	34	35	47	63
n04597913_417.JPEG	8	6	63	49
n04597913_418.JPEG	15	11	63	46
n04597913_419.JPEG	50	39	61	63
n04597913_420.JPEG	0	3	39	35
n04597913_421.JPEG	46	41	63	63
n04597913_422.JPEG	0	23	63	48
n04597913_423.JPEG	36	22	54	44
n04597913_424.JPEG	0	0	39	63
n04597913_425.JPEG	3	5	33	42
n04597913_426.JPEG	0	16	52	41
n04597913_427.JPEG	17	40	55	63
n04597913_428.JPEG	0	3	63	59
n04597913_429.JPEG	10	0	53	58
n04597913_430.JPEG	42	24	49	40
n04597913_431.JPEG	36	4	63	30
n04597913_432.JPEG	2	31	63	38
n04597913_433.JPEG	44	24	50	55
n04597913_434.JPEG	21	12	33	62
n04597913_435.JPEG	0	0	48	61
n04597913_436.JPEG	19	1	63	28
n04597913_437.JPEG	30	14	55	18
n04597913_438.JPEG	29	0	35	23
n04597913_439.JPEG	2	20	63	55
n04597913_440.JPEG	15	0	40	63
n04597913_441.JPEG	0	7	63	19
n04597913_442.JPEG	10	44	45	55
n04597913_443.JPEG	0	8	63	50
n04597913_444.JPEG	10	28	40	36
n04597913_445.JPEG	18	15	63	54
n04597913_446.JPEG	0	19	16	60
n04597913_447.JPEG	26	5	63	36
n04597913_448.JPEG	35	8	62	60
n04597913_449.JPEG	3	0	63	56
n04597913_450.JPEG	37	37	63	46
n04597913_451.JPEG	17	0	37	44
n04597913_452.JPEG	0	25	63	62
n04597913_453.JPEG	22	29	63	43
n04597913_454.JPEG	33	53	47	56
n04597913_455.JPEG	0	3	63	63
n04597913_456.JPEG	19	0	43	63
n04597913_457.JPEG	20	16	63	34
n04597913_458.JPEG	5	13	19	36
n04597913_459.JPEG	51	6	63	56
n04597913_460.JPEG	0	17	18	27
n04597913_461.JPEG	23	0	49	48
n04597913_462.JPEG	0	9	63	63
n04597913_463.JPEG	56	8	63	63
n04597913_464.JPEG	17	1	27	34
n04597913_465.JPEG	0	3	62	49
n04597913_466.JPEG	19	0	47	63
n04597913_467.JPEG	0	14	62	52
n04597913_468.JPEG	13	0	25	20
n04597913_469.JPEG	23	0	53	63
n04597913_470.JPEG	0	0	27	43
n04597913_471.JPEG	7	24	13	48
n04597913_472.JPEG	0	8	63	36
n04597913_473.JPEG	0	13	63	41
n04597913_474.JPEG	12	1	49	29
n04597913_475.JPEG	22	0	41	63
n04597913_476.JPEG	13	0	60	36
n04597913_477.JPEG	0	39	58	60
n04597913_478.JPEG	2	34	40	54
n04597913_479.JPEG	1	16	20	63
n04597913_480.JPEG	0	2	63	57
n04597913_481.JPEG	35	32	53	44
n04597913_482.JPEG	14	38	50	59
n04597913_483.JPEG	18	26	42	32
n04597913_484.JPEG	33	31	43	58
n04597913_485.JPEG	0	0	8	42
n04597913_486.JPEG	1	35	18	61
n04597913_487.JPEG	41	28	57	63
n04597913_488.JPEG	34	12	48	39
n04597913_489.JPEG	39	24	63	63
n04597913_490.JPEG	0	31	63	59
n04597913_491.JPEG	16	7	63	44
n04597913_492.JPEG	0	11	63	61
n04597913_493.JPEG	0	0	34	63
n04597913_494.JPEG	23	49	31	58
n04597913_495.JPEG	0	0	35	48
n04597913_496.JPEG	19	12	58	63
n04597913_497.JPEG	9	12	31	56
n04597913_498.JPEG	31	13	50	63
n04597913_499.JPEG	0	27	63	48
