n03424325_0.JPEG	4	24	57	63
n03424325_1.JPEG	18	31	50	57
n03424325_2.JPEG	2	0	63	63
n03424325_3.JPEG	7	1	57	63
n03424325_4.JPEG	16	0	62	46
n03424325_5.JPEG	24	9	42	21
n03424325_6.JPEG	29	18	43	52
n03424325_7.JPEG	5	0	55	63
n03424325_8.JPEG	21	12	52	38
n03424325_9.JPEG	12	23	59	55
n03424325_10.JPEG	16	0	49	49
n03424325_11.JPEG	19	0	52	38
n03424325_12.JPEG	3	0	54	61
n03424325_13.JPEG	23	3	41	22
n03424325_14.JPEG	49	10	62	25
n03424325_15.JPEG	9	0	39	31
n03424325_16.JPEG	29	7	37	16
n03424325_17.JPEG	0	29	61	63
n03424325_18.JPEG	19	16	63	55
n03424325_19.JPEG	22	0	45	20
n03424325_20.JPEG	26	0	45	21
n03424325_21.JPEG	1	0	63	63
n03424325_22.JPEG	15	21	45	45
n03424325_23.JPEG	15	0	33	16
n03424325_24.JPEG	0	1	63	61
n03424325_25.JPEG	35	3	63	62
n03424325_26.JPEG	40	9	63	45
n03424325_27.JPEG	28	10	38	23
n03424325_28.JPEG	44	5	57	23
n03424325_29.JPEG	10	9	43	54
n03424325_30.JPEG	9	0	63	63
n03424325_31.JPEG	21	2	49	38
n03424325_32.JPEG	44	0	53	13
n03424325_33.JPEG	22	0	45	34
n03424325_34.JPEG	5	6	63	54
n03424325_35.JPEG	3	0	63	45
n03424325_36.JPEG	3	24	30	63
n03424325_37.JPEG	14	3	43	41
n03424325_38.JPEG	27	0	40	4
n03424325_39.JPEG	62	7	63	53
n03424325_40.JPEG	17	24	35	40
n03424325_41.JPEG	3	5	61	59
n03424325_42.JPEG	21	11	34	22
n03424325_43.JPEG	26	13	41	27
n03424325_44.JPEG	4	6	62	63
n03424325_45.JPEG	22	17	39	32
n03424325_46.JPEG	29	0	50	43
n03424325_47.JPEG	20	29	47	50
n03424325_48.JPEG	3	9	61	55
n03424325_49.JPEG	9	26	54	54
n03424325_50.JPEG	19	17	44	37
n03424325_51.JPEG	9	7	29	19
n03424325_52.JPEG	11	21	39	37
n03424325_53.JPEG	6	6	47	51
n03424325_54.JPEG	25	10	37	19
n03424325_55.JPEG	4	10	60	53
n03424325_56.JPEG	49	31	63	59
n03424325_57.JPEG	37	19	40	23
n03424325_58.JPEG	26	23	40	34
n03424325_59.JPEG	0	1	30	60
n03424325_60.JPEG	8	21	58	63
n03424325_61.JPEG	0	3	63	63
n03424325_62.JPEG	0	1	63	61
n03424325_63.JPEG	13	12	56	63
n03424325_64.JPEG	0	7	62	62
n03424325_65.JPEG	1	12	62	52
n03424325_66.JPEG	8	4	56	63
n03424325_67.JPEG	18	3	47	63
n03424325_68.JPEG	19	21	28	32
n03424325_69.JPEG	21	13	39	42
n03424325_70.JPEG	13	1	63	63
n03424325_71.JPEG	35	11	42	19
n03424325_72.JPEG	0	0	63	63
n03424325_73.JPEG	15	22	50	63
n03424325_74.JPEG	12	17	63	61
n03424325_75.JPEG	0	18	63	63
n03424325_76.JPEG	21	42	50	56
n03424325_77.JPEG	0	0	63	63
n03424325_78.JPEG	28	14	52	59
n03424325_79.JPEG	19	15	39	30
n03424325_80.JPEG	17	14	48	45
n03424325_81.JPEG	20	11	55	45
n03424325_82.JPEG	8	13	56	49
n03424325_83.JPEG	4	28	63	63
n03424325_84.JPEG	8	6	53	60
n03424325_85.JPEG	36	34	63	63
n03424325_86.JPEG	1	26	54	63
n03424325_87.JPEG	47	12	60	27
n03424325_88.JPEG	7	6	50	44
n03424325_89.JPEG	31	24	41	34
n03424325_90.JPEG	19	0	41	16
n03424325_91.JPEG	8	21	54	59
n03424325_92.JPEG	27	21	63	61
n03424325_93.JPEG	12	14	52	50
n03424325_94.JPEG	23	11	36	27
n03424325_95.JPEG	0	13	3	20
n03424325_96.JPEG	17	0	45	19
n03424325_97.JPEG	0	1	63	62
n03424325_98.JPEG	29	0	38	53
n03424325_99.JPEG	19	18	59	52
n03424325_100.JPEG	1	14	63	52
n03424325_101.JPEG	0	0	63	63
n03424325_102.JPEG	1	18	59	53
n03424325_103.JPEG	29	0	42	24
n03424325_104.JPEG	15	0	41	28
n03424325_105.JPEG	8	9	57	55
n03424325_106.JPEG	0	4	63	59
n03424325_107.JPEG	0	8	63	63
n03424325_108.JPEG	25	28	58	53
n03424325_109.JPEG	25	0	33	7
n03424325_110.JPEG	3	9	59	59
n03424325_111.JPEG	2	17	63	55
n03424325_112.JPEG	11	17	21	27
n03424325_113.JPEG	4	0	63	63
n03424325_114.JPEG	33	2	50	25
n03424325_115.JPEG	1	24	56	49
n03424325_116.JPEG	22	20	63	61
n03424325_117.JPEG	1	0	63	63
n03424325_118.JPEG	7	0	52	57
n03424325_119.JPEG	7	31	59	59
n03424325_120.JPEG	0	3	63	63
n03424325_121.JPEG	5	0	58	63
n03424325_122.JPEG	28	7	44	29
n03424325_123.JPEG	20	6	47	44
n03424325_124.JPEG	27	10	47	34
n03424325_125.JPEG	4	16	61	55
n03424325_126.JPEG	17	9	63	53
n03424325_127.JPEG	6	2	59	62
n03424325_128.JPEG	32	13	39	18
n03424325_129.JPEG	0	3	63	60
n03424325_130.JPEG	10	18	52	45
n03424325_131.JPEG	2	0	63	63
n03424325_132.JPEG	10	21	61	60
n03424325_133.JPEG	22	6	36	24
n03424325_134.JPEG	2	0	42	21
n03424325_135.JPEG	19	8	53	46
n03424325_136.JPEG	16	20	49	61
n03424325_137.JPEG	7	5	57	60
n03424325_138.JPEG	20	0	60	58
n03424325_139.JPEG	15	34	63	63
n03424325_140.JPEG	26	16	61	47
n03424325_141.JPEG	24	25	63	60
n03424325_142.JPEG	0	0	63	63
n03424325_143.JPEG	1	8	46	60
n03424325_144.JPEG	12	17	18	23
n03424325_145.JPEG	15	19	49	43
n03424325_146.JPEG	0	1	35	63
n03424325_147.JPEG	17	0	46	63
n03424325_148.JPEG	6	30	40	63
n03424325_149.JPEG	0	13	28	43
n03424325_150.JPEG	13	10	37	44
n03424325_151.JPEG	20	0	38	12
n03424325_152.JPEG	2	0	58	63
n03424325_153.JPEG	21	0	39	0
n03424325_154.JPEG	17	26	45	62
n03424325_155.JPEG	45	19	56	36
n03424325_156.JPEG	8	1	52	53
n03424325_157.JPEG	14	0	49	33
n03424325_158.JPEG	1	9	63	56
n03424325_159.JPEG	0	0	63	63
n03424325_160.JPEG	11	10	48	52
n03424325_161.JPEG	21	21	63	57
n03424325_162.JPEG	0	1	63	63
n03424325_163.JPEG	4	4	48	59
n03424325_164.JPEG	23	9	35	23
n03424325_165.JPEG	4	11	44	57
n03424325_166.JPEG	3	5	61	55
n03424325_167.JPEG	10	4	55	63
n03424325_168.JPEG	19	15	36	42
n03424325_169.JPEG	16	0	36	23
n03424325_170.JPEG	37	11	63	31
n03424325_171.JPEG	4	4	61	60
n03424325_172.JPEG	0	16	63	54
n03424325_173.JPEG	8	1	31	22
n03424325_174.JPEG	26	0	42	24
n03424325_175.JPEG	12	13	42	28
n03424325_176.JPEG	27	0	40	15
n03424325_177.JPEG	29	0	54	27
n03424325_178.JPEG	6	7	63	52
n03424325_179.JPEG	18	22	53	54
n03424325_180.JPEG	19	38	59	63
n03424325_181.JPEG	10	0	37	31
n03424325_182.JPEG	0	11	63	58
n03424325_183.JPEG	24	17	47	32
n03424325_184.JPEG	28	4	44	22
n03424325_185.JPEG	16	0	51	63
n03424325_186.JPEG	8	0	61	63
n03424325_187.JPEG	3	10	23	25
n03424325_188.JPEG	4	4	63	62
n03424325_189.JPEG	11	23	55	51
n03424325_190.JPEG	6	27	51	60
n03424325_191.JPEG	0	4	48	61
n03424325_192.JPEG	6	29	41	62
n03424325_193.JPEG	2	0	63	63
n03424325_194.JPEG	0	2	63	63
n03424325_195.JPEG	52	11	63	51
n03424325_196.JPEG	21	0	46	30
n03424325_197.JPEG	15	0	40	63
n03424325_198.JPEG	0	5	30	58
n03424325_199.JPEG	9	21	52	59
n03424325_200.JPEG	58	20	63	37
n03424325_201.JPEG	9	2	56	62
n03424325_202.JPEG	1	0	63	63
n03424325_203.JPEG	2	4	63	60
n03424325_204.JPEG	31	24	63	56
n03424325_205.JPEG	13	0	51	63
n03424325_206.JPEG	11	21	58	57
n03424325_207.JPEG	17	0	59	48
n03424325_208.JPEG	10	0	59	57
n03424325_209.JPEG	35	28	45	40
n03424325_210.JPEG	0	7	63	59
n03424325_211.JPEG	10	14	61	61
n03424325_212.JPEG	26	10	43	63
n03424325_213.JPEG	16	0	36	14
n03424325_214.JPEG	4	13	46	57
n03424325_215.JPEG	7	0	38	29
n03424325_216.JPEG	13	6	26	25
n03424325_217.JPEG	0	6	63	63
n03424325_218.JPEG	0	16	50	62
n03424325_219.JPEG	13	4	53	60
n03424325_220.JPEG	35	5	50	26
n03424325_221.JPEG	25	16	46	53
n03424325_222.JPEG	3	14	59	46
n03424325_223.JPEG	11	15	59	42
n03424325_224.JPEG	33	12	50	33
n03424325_225.JPEG	5	8	59	63
n03424325_226.JPEG	63	9	63	25
n03424325_227.JPEG	0	2	63	62
n03424325_228.JPEG	14	0	49	63
n03424325_229.JPEG	0	13	63	53
n03424325_230.JPEG	31	1	45	30
n03424325_231.JPEG	20	24	47	46
n03424325_232.JPEG	10	2	56	60
n03424325_233.JPEG	2	0	62	63
n03424325_234.JPEG	25	26	62	46
n03424325_235.JPEG	15	8	48	63
n03424325_236.JPEG	24	3	36	18
n03424325_237.JPEG	10	0	63	58
n03424325_238.JPEG	21	12	43	25
n03424325_239.JPEG	6	8	51	46
n03424325_240.JPEG	5	12	60	53
n03424325_241.JPEG	2	0	63	36
n03424325_242.JPEG	5	0	58	60
n03424325_243.JPEG	11	0	50	63
n03424325_244.JPEG	0	1	63	59
n03424325_245.JPEG	18	0	63	63
n03424325_246.JPEG	24	13	34	27
n03424325_247.JPEG	16	0	63	63
n03424325_248.JPEG	0	0	63	63
n03424325_249.JPEG	4	24	33	54
n03424325_250.JPEG	0	7	26	36
n03424325_251.JPEG	30	8	45	24
n03424325_252.JPEG	16	8	52	51
n03424325_253.JPEG	7	6	63	63
n03424325_254.JPEG	26	0	40	18
n03424325_255.JPEG	25	2	61	46
n03424325_256.JPEG	1	21	54	63
n03424325_257.JPEG	18	12	63	63
n03424325_258.JPEG	3	2	63	62
n03424325_259.JPEG	6	32	52	63
n03424325_260.JPEG	2	0	63	63
n03424325_261.JPEG	53	16	63	33
n03424325_262.JPEG	16	0	48	47
n03424325_263.JPEG	0	0	54	63
n03424325_264.JPEG	14	0	44	51
n03424325_265.JPEG	3	4	28	42
n03424325_266.JPEG	7	4	59	55
n03424325_267.JPEG	1	9	63	58
n03424325_268.JPEG	3	26	63	63
n03424325_269.JPEG	40	5	59	25
n03424325_270.JPEG	3	11	59	61
n03424325_271.JPEG	0	7	34	47
n03424325_272.JPEG	0	24	61	63
n03424325_273.JPEG	40	4	63	45
n03424325_274.JPEG	33	26	63	57
n03424325_275.JPEG	26	12	48	62
n03424325_276.JPEG	15	25	47	53
n03424325_277.JPEG	10	14	51	54
n03424325_278.JPEG	8	21	57	58
n03424325_279.JPEG	17	12	50	63
n03424325_280.JPEG	19	2	46	51
n03424325_281.JPEG	10	45	36	63
n03424325_282.JPEG	9	2	56	59
n03424325_283.JPEG	1	35	33	58
n03424325_284.JPEG	43	0	55	11
n03424325_285.JPEG	24	0	37	15
n03424325_286.JPEG	35	0	46	15
n03424325_287.JPEG	27	9	35	14
n03424325_288.JPEG	26	12	63	50
n03424325_289.JPEG	1	0	29	27
n03424325_290.JPEG	0	7	27	44
n03424325_291.JPEG	12	33	63	63
n03424325_292.JPEG	3	21	62	57
n03424325_293.JPEG	25	12	52	30
n03424325_294.JPEG	18	39	51	63
n03424325_295.JPEG	5	8	60	55
n03424325_296.JPEG	25	0	39	16
n03424325_297.JPEG	10	2	59	35
n03424325_298.JPEG	17	19	46	60
n03424325_299.JPEG	13	9	49	43
n03424325_300.JPEG	14	13	50	63
n03424325_301.JPEG	0	25	56	53
n03424325_302.JPEG	0	7	63	63
n03424325_303.JPEG	41	7	63	63
n03424325_304.JPEG	32	5	42	19
n03424325_305.JPEG	16	21	49	51
n03424325_306.JPEG	34	0	61	30
n03424325_307.JPEG	0	0	40	63
n03424325_308.JPEG	4	0	57	63
n03424325_309.JPEG	4	14	60	43
n03424325_310.JPEG	6	1	59	50
n03424325_311.JPEG	7	22	51	56
n03424325_312.JPEG	3	8	59	53
n03424325_313.JPEG	23	0	44	35
n03424325_314.JPEG	16	23	53	56
n03424325_315.JPEG	32	15	51	55
n03424325_316.JPEG	25	16	41	35
n03424325_317.JPEG	3	25	51	56
n03424325_318.JPEG	3	11	43	38
n03424325_319.JPEG	17	14	41	38
n03424325_320.JPEG	15	5	25	44
n03424325_321.JPEG	25	0	55	61
n03424325_322.JPEG	9	0	61	63
n03424325_323.JPEG	23	0	40	63
n03424325_324.JPEG	12	26	59	63
n03424325_325.JPEG	14	8	61	61
n03424325_326.JPEG	39	4	46	18
n03424325_327.JPEG	0	6	47	63
n03424325_328.JPEG	23	1	47	30
n03424325_329.JPEG	0	5	63	59
n03424325_330.JPEG	47	47	56	63
n03424325_331.JPEG	15	8	43	24
n03424325_332.JPEG	26	1	40	19
n03424325_333.JPEG	4	8	62	59
n03424325_334.JPEG	39	0	59	21
n03424325_335.JPEG	0	3	63	62
n03424325_336.JPEG	2	0	40	36
n03424325_337.JPEG	34	21	47	43
n03424325_338.JPEG	26	1	44	15
n03424325_339.JPEG	0	23	52	60
n03424325_340.JPEG	0	12	48	55
n03424325_341.JPEG	24	5	55	46
n03424325_342.JPEG	25	0	46	14
n03424325_343.JPEG	19	0	63	24
n03424325_344.JPEG	1	39	54	63
n03424325_345.JPEG	27	21	41	40
n03424325_346.JPEG	0	43	16	55
n03424325_347.JPEG	3	0	63	63
n03424325_348.JPEG	18	8	55	46
n03424325_349.JPEG	12	2	53	60
n03424325_350.JPEG	16	25	38	38
n03424325_351.JPEG	21	4	52	53
n03424325_352.JPEG	9	24	51	60
n03424325_353.JPEG	4	7	61	53
n03424325_354.JPEG	4	8	63	63
n03424325_355.JPEG	17	21	38	34
n03424325_356.JPEG	0	1	63	63
n03424325_357.JPEG	57	4	63	13
n03424325_358.JPEG	23	0	49	42
n03424325_359.JPEG	9	30	56	54
n03424325_360.JPEG	37	29	46	40
n03424325_361.JPEG	5	0	36	47
n03424325_362.JPEG	19	0	63	63
n03424325_363.JPEG	1	15	55	63
n03424325_364.JPEG	8	0	55	42
n03424325_365.JPEG	48	7	60	21
n03424325_366.JPEG	20	0	63	63
n03424325_367.JPEG	32	22	45	39
n03424325_368.JPEG	26	17	47	42
n03424325_369.JPEG	20	0	63	62
n03424325_370.JPEG	7	13	58	50
n03424325_371.JPEG	27	26	49	44
n03424325_372.JPEG	8	38	49	63
n03424325_373.JPEG	11	6	48	61
n03424325_374.JPEG	11	2	35	30
n03424325_375.JPEG	0	2	55	63
n03424325_376.JPEG	0	1	63	63
n03424325_377.JPEG	22	0	40	17
n03424325_378.JPEG	25	19	33	26
n03424325_379.JPEG	3	10	61	62
n03424325_380.JPEG	35	10	63	52
n03424325_381.JPEG	47	17	63	55
n03424325_382.JPEG	25	10	56	63
n03424325_383.JPEG	34	4	63	61
n03424325_384.JPEG	25	14	52	40
n03424325_385.JPEG	21	1	48	24
n03424325_386.JPEG	3	29	50	60
n03424325_387.JPEG	0	5	63	56
n03424325_388.JPEG	0	0	50	63
n03424325_389.JPEG	31	19	52	36
n03424325_390.JPEG	22	1	34	9
n03424325_391.JPEG	20	0	41	30
n03424325_392.JPEG	10	27	45	53
n03424325_393.JPEG	6	0	58	63
n03424325_394.JPEG	4	10	61	54
n03424325_395.JPEG	5	0	56	63
n03424325_396.JPEG	31	4	55	30
n03424325_397.JPEG	11	4	46	63
n03424325_398.JPEG	0	2	63	62
n03424325_399.JPEG	29	19	53	45
n03424325_400.JPEG	51	44	60	53
n03424325_401.JPEG	0	5	41	63
n03424325_402.JPEG	24	17	42	33
n03424325_403.JPEG	12	17	21	32
n03424325_404.JPEG	18	20	46	53
n03424325_405.JPEG	17	5	44	24
n03424325_406.JPEG	20	0	57	47
n03424325_407.JPEG	31	27	63	56
n03424325_408.JPEG	30	16	34	23
n03424325_409.JPEG	25	0	38	11
n03424325_410.JPEG	12	23	50	52
n03424325_411.JPEG	2	0	63	56
n03424325_412.JPEG	14	33	53	56
n03424325_413.JPEG	1	0	37	62
n03424325_414.JPEG	35	18	47	36
n03424325_415.JPEG	4	39	61	63
n03424325_416.JPEG	34	0	60	29
n03424325_417.JPEG	10	23	38	57
n03424325_418.JPEG	4	0	60	62
n03424325_419.JPEG	0	5	63	63
n03424325_420.JPEG	17	23	48	52
n03424325_421.JPEG	22	6	55	34
n03424325_422.JPEG	2	4	20	22
n03424325_423.JPEG	10	17	54	52
n03424325_424.JPEG	28	24	50	46
n03424325_425.JPEG	27	0	39	16
n03424325_426.JPEG	24	0	36	8
n03424325_427.JPEG	3	0	61	63
n03424325_428.JPEG	7	33	57	63
n03424325_429.JPEG	11	5	39	28
n03424325_430.JPEG	10	33	46	53
n03424325_431.JPEG	33	15	62	49
n03424325_432.JPEG	36	0	59	19
n03424325_433.JPEG	13	9	26	32
n03424325_434.JPEG	0	0	50	41
n03424325_435.JPEG	19	6	42	31
n03424325_436.JPEG	36	0	48	9
n03424325_437.JPEG	10	19	63	63
n03424325_438.JPEG	18	19	60	46
n03424325_439.JPEG	36	21	42	28
n03424325_440.JPEG	20	0	63	63
n03424325_441.JPEG	7	2	44	36
n03424325_442.JPEG	26	0	39	9
n03424325_443.JPEG	31	24	43	45
n03424325_444.JPEG	34	33	47	41
n03424325_445.JPEG	5	21	54	53
n03424325_446.JPEG	27	7	35	14
n03424325_447.JPEG	26	21	39	36
n03424325_448.JPEG	15	13	43	28
n03424325_449.JPEG	17	8	63	48
n03424325_450.JPEG	12	1	60	61
n03424325_451.JPEG	13	19	55	50
n03424325_452.JPEG	0	1	61	63
n03424325_453.JPEG	14	13	62	38
n03424325_454.JPEG	0	1	63	58
n03424325_455.JPEG	28	10	51	43
n03424325_456.JPEG	10	17	52	63
n03424325_457.JPEG	11	12	54	48
n03424325_458.JPEG	5	1	57	63
n03424325_459.JPEG	25	2	63	56
n03424325_460.JPEG	31	0	46	17
n03424325_461.JPEG	11	28	56	63
n03424325_462.JPEG	0	0	55	63
n03424325_463.JPEG	23	21	54	49
n03424325_464.JPEG	4	0	63	63
n03424325_465.JPEG	18	24	47	53
n03424325_466.JPEG	27	4	42	21
n03424325_467.JPEG	33	20	41	28
n03424325_468.JPEG	17	1	63	63
n03424325_469.JPEG	0	1	63	63
n03424325_470.JPEG	12	35	29	60
n03424325_471.JPEG	6	4	46	63
n03424325_472.JPEG	8	2	55	61
n03424325_473.JPEG	28	0	34	9
n03424325_474.JPEG	2	14	63	50
n03424325_475.JPEG	0	0	63	63
n03424325_476.JPEG	17	0	63	42
n03424325_477.JPEG	0	0	50	21
n03424325_478.JPEG	6	0	58	41
n03424325_479.JPEG	15	1	63	58
n03424325_480.JPEG	14	21	52	47
n03424325_481.JPEG	2	11	56	63
n03424325_482.JPEG	14	6	41	40
n03424325_483.JPEG	6	4	20	25
n03424325_484.JPEG	25	8	44	29
n03424325_485.JPEG	34	0	63	26
n03424325_486.JPEG	34	14	63	51
n03424325_487.JPEG	0	17	40	51
n03424325_488.JPEG	15	0	54	33
n03424325_489.JPEG	3	0	62	63
n03424325_490.JPEG	9	10	55	60
n03424325_491.JPEG	40	4	51	25
n03424325_492.JPEG	43	22	49	26
n03424325_493.JPEG	52	11	56	15
n03424325_494.JPEG	17	22	31	44
n03424325_495.JPEG	3	1	63	63
n03424325_496.JPEG	31	1	63	45
n03424325_497.JPEG	27	0	44	21
n03424325_498.JPEG	1	13	63	63
n03424325_499.JPEG	7	16	63	61
