n02129165_0.JPEG	0	11	63	63
n02129165_1.JPEG	0	11	63	48
n02129165_2.JPEG	0	0	61	63
n02129165_3.JPEG	0	0	59	63
n02129165_4.JPEG	0	4	63	63
n02129165_5.JPEG	0	0	63	63
n02129165_6.JPEG	0	0	63	63
n02129165_7.JPEG	30	26	63	52
n02129165_8.JPEG	23	0	63	31
n02129165_9.JPEG	7	9	48	55
n02129165_10.JPEG	0	13	63	51
n02129165_11.JPEG	2	15	52	59
n02129165_12.JPEG	12	25	38	45
n02129165_13.JPEG	0	1	63	61
n02129165_14.JPEG	1	15	53	63
n02129165_15.JPEG	0	16	63	52
n02129165_16.JPEG	0	3	63	63
n02129165_17.JPEG	0	7	55	63
n02129165_18.JPEG	0	16	63	51
n02129165_19.JPEG	14	25	42	51
n02129165_20.JPEG	0	19	47	49
n02129165_21.JPEG	17	5	63	63
n02129165_22.JPEG	7	38	49	51
n02129165_23.JPEG	0	21	51	55
n02129165_24.JPEG	14	0	63	63
n02129165_25.JPEG	0	1	63	63
n02129165_26.JPEG	10	0	63	63
n02129165_27.JPEG	1	5	63	60
n02129165_28.JPEG	0	3	62	47
n02129165_29.JPEG	41	27	63	55
n02129165_30.JPEG	0	1	63	63
n02129165_31.JPEG	13	5	63	51
n02129165_32.JPEG	0	16	63	56
n02129165_33.JPEG	0	10	63	63
n02129165_34.JPEG	4	13	63	52
n02129165_35.JPEG	0	0	62	61
n02129165_36.JPEG	0	0	63	63
n02129165_37.JPEG	0	5	63	60
n02129165_38.JPEG	0	22	50	59
n02129165_39.JPEG	1	0	63	63
n02129165_40.JPEG	0	9	63	58
n02129165_41.JPEG	0	17	56	62
n02129165_42.JPEG	22	3	48	57
n02129165_43.JPEG	19	1	63	63
n02129165_44.JPEG	0	13	39	59
n02129165_45.JPEG	5	0	63	63
n02129165_46.JPEG	28	19	41	40
n02129165_47.JPEG	0	9	63	63
n02129165_48.JPEG	1	8	63	58
n02129165_49.JPEG	8	12	63	54
n02129165_50.JPEG	0	13	63	60
n02129165_51.JPEG	0	1	63	63
n02129165_52.JPEG	5	0	63	63
n02129165_53.JPEG	23	26	63	63
n02129165_54.JPEG	0	5	63	63
n02129165_55.JPEG	8	3	63	39
n02129165_56.JPEG	2	0	63	63
n02129165_57.JPEG	0	14	42	63
n02129165_58.JPEG	12	0	60	63
n02129165_59.JPEG	0	1	63	63
n02129165_60.JPEG	0	12	46	54
n02129165_61.JPEG	18	21	63	52
n02129165_62.JPEG	1	1	58	63
n02129165_63.JPEG	0	16	51	44
n02129165_64.JPEG	0	0	61	63
n02129165_65.JPEG	3	8	57	62
n02129165_66.JPEG	0	0	63	63
n02129165_67.JPEG	0	0	63	63
n02129165_68.JPEG	0	1	52	63
n02129165_69.JPEG	34	13	54	46
n02129165_70.JPEG	19	8	63	61
n02129165_71.JPEG	49	3	63	44
n02129165_72.JPEG	1	17	62	62
n02129165_73.JPEG	0	9	61	63
n02129165_74.JPEG	0	12	63	58
n02129165_75.JPEG	0	0	63	63
n02129165_76.JPEG	13	14	55	53
n02129165_77.JPEG	4	14	52	52
n02129165_78.JPEG	0	14	63	52
n02129165_79.JPEG	0	11	63	63
n02129165_80.JPEG	6	0	53	61
n02129165_81.JPEG	0	1	63	63
n02129165_82.JPEG	0	9	57	55
n02129165_83.JPEG	6	0	63	63
n02129165_84.JPEG	1	0	62	63
n02129165_85.JPEG	27	25	52	42
n02129165_86.JPEG	13	19	47	59
n02129165_87.JPEG	0	21	30	54
n02129165_88.JPEG	0	0	57	63
n02129165_89.JPEG	8	22	63	63
n02129165_90.JPEG	0	1	63	63
n02129165_91.JPEG	0	7	63	63
n02129165_92.JPEG	0	17	63	54
n02129165_93.JPEG	5	15	58	61
n02129165_94.JPEG	0	0	63	63
n02129165_95.JPEG	3	8	63	63
n02129165_96.JPEG	0	0	63	48
n02129165_97.JPEG	4	2	57	62
n02129165_98.JPEG	0	15	63	60
n02129165_99.JPEG	3	0	63	63
n02129165_100.JPEG	0	5	63	63
n02129165_101.JPEG	11	13	63	63
n02129165_102.JPEG	0	2	55	58
n02129165_103.JPEG	6	31	33	54
n02129165_104.JPEG	0	25	63	61
n02129165_105.JPEG	6	0	63	63
n02129165_106.JPEG	0	6	51	58
n02129165_107.JPEG	0	1	58	60
n02129165_108.JPEG	8	3	63	63
n02129165_109.JPEG	0	6	35	56
n02129165_110.JPEG	20	31	63	50
n02129165_111.JPEG	5	5	63	63
n02129165_112.JPEG	0	7	63	59
n02129165_113.JPEG	12	12	60	50
n02129165_114.JPEG	1	0	63	63
n02129165_115.JPEG	0	10	50	63
n02129165_116.JPEG	8	0	63	54
n02129165_117.JPEG	0	1	63	63
n02129165_118.JPEG	0	5	63	63
n02129165_119.JPEG	4	4	63	63
n02129165_120.JPEG	0	5	63	55
n02129165_121.JPEG	0	5	63	62
n02129165_122.JPEG	0	1	63	63
n02129165_123.JPEG	0	11	55	63
n02129165_124.JPEG	6	11	63	46
n02129165_125.JPEG	4	10	61	63
n02129165_126.JPEG	2	0	58	63
n02129165_127.JPEG	3	0	63	63
n02129165_128.JPEG	4	13	58	60
n02129165_129.JPEG	3	22	62	46
n02129165_130.JPEG	2	5	63	63
n02129165_131.JPEG	3	0	59	63
n02129165_132.JPEG	6	26	41	35
n02129165_133.JPEG	0	7	63	63
n02129165_134.JPEG	26	20	62	54
n02129165_135.JPEG	28	11	63	63
n02129165_136.JPEG	0	11	36	63
n02129165_137.JPEG	0	13	63	55
n02129165_138.JPEG	0	11	41	63
n02129165_139.JPEG	0	0	63	58
n02129165_140.JPEG	8	6	63	63
n02129165_141.JPEG	1	1	63	59
n02129165_142.JPEG	0	1	50	63
n02129165_143.JPEG	0	0	58	63
n02129165_144.JPEG	5	0	62	62
n02129165_145.JPEG	0	9	57	59
n02129165_146.JPEG	0	0	57	63
n02129165_147.JPEG	0	11	63	54
n02129165_148.JPEG	0	12	63	63
n02129165_149.JPEG	0	3	44	63
n02129165_150.JPEG	32	27	63	63
n02129165_151.JPEG	0	1	63	52
n02129165_152.JPEG	0	15	63	46
n02129165_153.JPEG	1	0	63	63
n02129165_154.JPEG	13	19	63	63
n02129165_155.JPEG	0	15	63	52
n02129165_156.JPEG	9	9	63	63
n02129165_157.JPEG	14	15	63	56
n02129165_158.JPEG	0	1	48	63
n02129165_159.JPEG	20	6	63	55
n02129165_160.JPEG	0	8	54	63
n02129165_161.JPEG	15	14	63	63
n02129165_162.JPEG	2	7	63	63
n02129165_163.JPEG	24	0	63	63
n02129165_164.JPEG	18	13	63	40
n02129165_165.JPEG	0	0	58	63
n02129165_166.JPEG	0	5	63	58
n02129165_167.JPEG	1	0	63	63
n02129165_168.JPEG	6	14	63	60
n02129165_169.JPEG	0	0	55	63
n02129165_170.JPEG	2	0	61	63
n02129165_171.JPEG	20	42	40	53
n02129165_172.JPEG	7	11	29	51
n02129165_173.JPEG	3	2	50	38
n02129165_174.JPEG	0	15	43	54
n02129165_175.JPEG	12	20	57	43
n02129165_176.JPEG	0	9	61	63
n02129165_177.JPEG	0	0	63	63
n02129165_178.JPEG	38	16	63	54
n02129165_179.JPEG	18	1	61	62
n02129165_180.JPEG	26	30	53	44
n02129165_181.JPEG	0	27	41	62
n02129165_182.JPEG	14	28	32	46
n02129165_183.JPEG	5	9	58	62
n02129165_184.JPEG	8	11	63	58
n02129165_185.JPEG	25	6	57	63
n02129165_186.JPEG	0	6	63	56
n02129165_187.JPEG	0	0	63	63
n02129165_188.JPEG	0	1	53	48
n02129165_189.JPEG	3	4	63	63
n02129165_190.JPEG	19	12	63	62
n02129165_191.JPEG	1	1	59	63
n02129165_192.JPEG	3	1	63	63
n02129165_193.JPEG	28	11	63	63
n02129165_194.JPEG	0	18	60	46
n02129165_195.JPEG	3	23	45	50
n02129165_196.JPEG	5	7	59	63
n02129165_197.JPEG	0	0	63	63
n02129165_198.JPEG	15	11	63	55
n02129165_199.JPEG	26	0	54	50
n02129165_200.JPEG	45	33	58	62
n02129165_201.JPEG	0	3	63	52
n02129165_202.JPEG	1	0	63	63
n02129165_203.JPEG	0	0	44	63
n02129165_204.JPEG	0	18	42	63
n02129165_205.JPEG	0	16	57	48
n02129165_206.JPEG	6	0	60	63
n02129165_207.JPEG	0	5	63	51
n02129165_208.JPEG	0	0	63	63
n02129165_209.JPEG	12	7	62	63
n02129165_210.JPEG	0	6	44	38
n02129165_211.JPEG	0	2	63	62
n02129165_212.JPEG	16	2	63	59
n02129165_213.JPEG	0	4	63	63
n02129165_214.JPEG	0	2	63	63
n02129165_215.JPEG	2	0	63	63
n02129165_216.JPEG	0	2	58	63
n02129165_217.JPEG	13	1	63	63
n02129165_218.JPEG	0	12	63	55
n02129165_219.JPEG	0	5	63	62
n02129165_220.JPEG	6	3	63	49
n02129165_221.JPEG	24	10	58	61
n02129165_222.JPEG	5	0	63	63
n02129165_223.JPEG	22	10	50	57
n02129165_224.JPEG	8	9	63	63
n02129165_225.JPEG	4	27	38	44
n02129165_226.JPEG	0	19	63	50
n02129165_227.JPEG	0	0	63	63
n02129165_228.JPEG	0	0	63	63
n02129165_229.JPEG	0	4	63	60
n02129165_230.JPEG	4	0	54	46
n02129165_231.JPEG	1	0	60	63
n02129165_232.JPEG	0	0	51	63
n02129165_233.JPEG	0	4	63	61
n02129165_234.JPEG	19	26	53	49
n02129165_235.JPEG	0	1	50	63
n02129165_236.JPEG	7	8	53	59
n02129165_237.JPEG	4	0	59	63
n02129165_238.JPEG	0	1	63	63
n02129165_239.JPEG	36	5	63	58
n02129165_240.JPEG	0	0	63	63
n02129165_241.JPEG	0	2	63	62
n02129165_242.JPEG	10	2	63	63
n02129165_243.JPEG	13	6	63	63
n02129165_244.JPEG	0	4	63	63
n02129165_245.JPEG	3	0	53	63
n02129165_246.JPEG	0	14	63	53
n02129165_247.JPEG	9	13	63	63
n02129165_248.JPEG	20	27	63	52
n02129165_249.JPEG	2	9	63	59
n02129165_250.JPEG	32	2	63	62
n02129165_251.JPEG	7	0	52	56
n02129165_252.JPEG	8	0	63	63
n02129165_253.JPEG	33	10	63	63
n02129165_254.JPEG	0	5	63	63
n02129165_255.JPEG	47	8	63	37
n02129165_256.JPEG	13	18	63	63
n02129165_257.JPEG	5	0	63	63
n02129165_258.JPEG	1	1	63	63
n02129165_259.JPEG	0	0	61	63
n02129165_260.JPEG	0	10	53	59
n02129165_261.JPEG	3	0	63	63
n02129165_262.JPEG	1	2	63	63
n02129165_263.JPEG	0	1	63	63
n02129165_264.JPEG	13	0	59	63
n02129165_265.JPEG	0	8	63	63
n02129165_266.JPEG	0	15	63	47
n02129165_267.JPEG	4	0	63	63
n02129165_268.JPEG	30	13	61	56
n02129165_269.JPEG	5	0	41	63
n02129165_270.JPEG	8	16	63	57
n02129165_271.JPEG	16	12	63	63
n02129165_272.JPEG	7	5	38	52
n02129165_273.JPEG	0	18	63	57
n02129165_274.JPEG	0	2	63	55
n02129165_275.JPEG	0	2	63	63
n02129165_276.JPEG	2	3	63	63
n02129165_277.JPEG	0	12	15	35
n02129165_278.JPEG	0	1	63	53
n02129165_279.JPEG	20	7	61	54
n02129165_280.JPEG	0	3	59	63
n02129165_281.JPEG	0	5	63	59
n02129165_282.JPEG	12	7	49	63
n02129165_283.JPEG	6	0	63	63
n02129165_284.JPEG	4	28	50	50
n02129165_285.JPEG	5	12	63	52
n02129165_286.JPEG	23	16	50	63
n02129165_287.JPEG	0	5	63	63
n02129165_288.JPEG	0	8	63	57
n02129165_289.JPEG	28	17	55	60
n02129165_290.JPEG	0	5	63	63
n02129165_291.JPEG	1	6	63	62
n02129165_292.JPEG	0	9	63	53
n02129165_293.JPEG	0	0	63	63
n02129165_294.JPEG	26	11	63	60
n02129165_295.JPEG	0	19	63	42
n02129165_296.JPEG	16	23	33	35
n02129165_297.JPEG	11	2	48	53
n02129165_298.JPEG	0	5	50	61
n02129165_299.JPEG	0	0	58	63
n02129165_300.JPEG	2	8	63	63
n02129165_301.JPEG	9	0	63	63
n02129165_302.JPEG	25	16	44	60
n02129165_303.JPEG	0	14	53	50
n02129165_304.JPEG	0	1	63	63
n02129165_305.JPEG	7	1	56	63
n02129165_306.JPEG	5	7	63	61
n02129165_307.JPEG	0	6	63	58
n02129165_308.JPEG	5	11	63	62
n02129165_309.JPEG	0	0	63	63
n02129165_310.JPEG	22	22	46	55
n02129165_311.JPEG	0	0	63	60
n02129165_312.JPEG	0	1	63	63
n02129165_313.JPEG	41	11	63	63
n02129165_314.JPEG	0	0	63	63
n02129165_315.JPEG	0	0	63	63
n02129165_316.JPEG	19	3	62	63
n02129165_317.JPEG	0	0	63	63
n02129165_318.JPEG	4	0	55	63
n02129165_319.JPEG	0	2	63	63
n02129165_320.JPEG	23	20	62	57
n02129165_321.JPEG	24	6	63	55
n02129165_322.JPEG	0	0	63	63
n02129165_323.JPEG	0	7	42	63
n02129165_324.JPEG	0	6	59	56
n02129165_325.JPEG	1	0	63	63
n02129165_326.JPEG	0	8	63	63
n02129165_327.JPEG	0	4	63	60
n02129165_328.JPEG	25	30	35	39
n02129165_329.JPEG	0	5	63	59
n02129165_330.JPEG	0	6	63	58
n02129165_331.JPEG	0	11	63	53
n02129165_332.JPEG	24	14	63	62
n02129165_333.JPEG	18	26	38	54
n02129165_334.JPEG	0	0	61	63
n02129165_335.JPEG	23	24	50	42
n02129165_336.JPEG	1	0	63	63
n02129165_337.JPEG	3	0	61	62
n02129165_338.JPEG	10	14	56	63
n02129165_339.JPEG	5	15	52	50
n02129165_340.JPEG	11	19	44	50
n02129165_341.JPEG	5	0	63	49
n02129165_342.JPEG	0	6	49	63
n02129165_343.JPEG	0	2	62	58
n02129165_344.JPEG	10	0	63	63
n02129165_345.JPEG	0	1	63	63
n02129165_346.JPEG	0	3	62	63
n02129165_347.JPEG	0	1	55	63
n02129165_348.JPEG	16	9	53	61
n02129165_349.JPEG	13	6	63	44
n02129165_350.JPEG	1	0	63	63
n02129165_351.JPEG	0	9	63	55
n02129165_352.JPEG	8	9	62	54
n02129165_353.JPEG	0	10	63	63
n02129165_354.JPEG	0	1	63	63
n02129165_355.JPEG	0	2	63	56
n02129165_356.JPEG	0	10	63	63
n02129165_357.JPEG	5	10	58	56
n02129165_358.JPEG	1	2	63	63
n02129165_359.JPEG	15	26	43	57
n02129165_360.JPEG	0	7	50	63
n02129165_361.JPEG	37	30	63	54
n02129165_362.JPEG	0	7	62	63
n02129165_363.JPEG	12	24	55	53
n02129165_364.JPEG	38	35	63	59
n02129165_365.JPEG	11	9	63	42
n02129165_366.JPEG	0	10	63	50
n02129165_367.JPEG	1	0	59	63
n02129165_368.JPEG	6	15	61	63
n02129165_369.JPEG	26	15	63	61
n02129165_370.JPEG	1	0	63	63
n02129165_371.JPEG	0	9	63	56
n02129165_372.JPEG	3	0	61	63
n02129165_373.JPEG	0	6	54	58
n02129165_374.JPEG	19	30	51	44
n02129165_375.JPEG	25	28	63	63
n02129165_376.JPEG	0	8	63	63
n02129165_377.JPEG	2	17	63	58
n02129165_378.JPEG	1	0	63	63
n02129165_379.JPEG	30	11	63	61
n02129165_380.JPEG	0	1	63	63
n02129165_381.JPEG	10	8	39	56
n02129165_382.JPEG	2	8	63	55
n02129165_383.JPEG	27	12	55	34
n02129165_384.JPEG	33	12	63	56
n02129165_385.JPEG	1	9	41	63
n02129165_386.JPEG	0	1	63	59
n02129165_387.JPEG	0	13	63	52
n02129165_388.JPEG	3	11	63	63
n02129165_389.JPEG	0	5	56	62
n02129165_390.JPEG	34	2	63	63
n02129165_391.JPEG	0	2	63	57
n02129165_392.JPEG	0	32	63	59
n02129165_393.JPEG	0	4	52	59
n02129165_394.JPEG	0	31	63	63
n02129165_395.JPEG	9	13	57	53
n02129165_396.JPEG	1	7	62	62
n02129165_397.JPEG	0	1	63	63
n02129165_398.JPEG	44	26	63	48
n02129165_399.JPEG	6	26	18	49
n02129165_400.JPEG	0	13	59	51
n02129165_401.JPEG	0	3	55	63
n02129165_402.JPEG	20	42	41	53
n02129165_403.JPEG	0	16	63	63
n02129165_404.JPEG	0	0	63	63
n02129165_405.JPEG	0	0	60	63
n02129165_406.JPEG	0	1	63	63
n02129165_407.JPEG	53	49	63	56
n02129165_408.JPEG	9	8	63	63
n02129165_409.JPEG	2	4	63	63
n02129165_410.JPEG	0	6	63	59
n02129165_411.JPEG	0	1	63	63
n02129165_412.JPEG	0	18	55	56
n02129165_413.JPEG	0	0	63	63
n02129165_414.JPEG	24	16	63	62
n02129165_415.JPEG	0	0	62	63
n02129165_416.JPEG	0	1	63	63
n02129165_417.JPEG	1	3	54	60
n02129165_418.JPEG	4	16	56	45
n02129165_419.JPEG	0	26	36	58
n02129165_420.JPEG	0	0	55	63
n02129165_421.JPEG	0	6	63	63
n02129165_422.JPEG	3	6	52	58
n02129165_423.JPEG	17	20	58	40
n02129165_424.JPEG	1	6	63	63
n02129165_425.JPEG	0	2	61	63
n02129165_426.JPEG	7	9	49	28
n02129165_427.JPEG	0	21	63	53
n02129165_428.JPEG	10	0	63	55
n02129165_429.JPEG	8	0	63	63
n02129165_430.JPEG	0	0	63	63
n02129165_431.JPEG	0	0	42	63
n02129165_432.JPEG	0	1	63	59
n02129165_433.JPEG	29	23	63	45
n02129165_434.JPEG	20	29	37	40
n02129165_435.JPEG	0	3	56	63
n02129165_436.JPEG	0	0	63	63
n02129165_437.JPEG	22	27	37	40
n02129165_438.JPEG	0	10	63	54
n02129165_439.JPEG	0	6	51	63
n02129165_440.JPEG	0	5	54	55
n02129165_441.JPEG	0	0	63	60
n02129165_442.JPEG	0	19	38	54
n02129165_443.JPEG	0	0	56	63
n02129165_444.JPEG	14	7	63	52
n02129165_445.JPEG	0	1	63	63
n02129165_446.JPEG	27	14	63	47
n02129165_447.JPEG	0	1	63	63
n02129165_448.JPEG	0	11	60	58
n02129165_449.JPEG	17	13	42	63
n02129165_450.JPEG	1	7	62	58
n02129165_451.JPEG	0	6	63	62
n02129165_452.JPEG	42	26	63	63
n02129165_453.JPEG	0	18	30	63
n02129165_454.JPEG	11	25	63	63
n02129165_455.JPEG	0	1	52	63
n02129165_456.JPEG	11	2	63	63
n02129165_457.JPEG	0	11	61	49
n02129165_458.JPEG	0	0	52	63
n02129165_459.JPEG	5	16	47	58
n02129165_460.JPEG	0	2	61	63
n02129165_461.JPEG	1	0	63	63
n02129165_462.JPEG	0	11	51	63
n02129165_463.JPEG	10	1	46	46
n02129165_464.JPEG	4	0	60	63
n02129165_465.JPEG	0	6	55	63
n02129165_466.JPEG	0	6	55	63
n02129165_467.JPEG	6	1	62	62
n02129165_468.JPEG	33	24	63	51
n02129165_469.JPEG	2	0	63	63
n02129165_470.JPEG	10	8	63	56
n02129165_471.JPEG	0	9	47	63
n02129165_472.JPEG	0	18	63	56
n02129165_473.JPEG	0	1	63	63
n02129165_474.JPEG	1	0	63	63
n02129165_475.JPEG	0	6	62	63
n02129165_476.JPEG	0	4	51	52
n02129165_477.JPEG	0	1	63	63
n02129165_478.JPEG	0	24	47	54
n02129165_479.JPEG	0	1	63	63
n02129165_480.JPEG	0	2	63	63
n02129165_481.JPEG	1	9	63	63
n02129165_482.JPEG	0	17	63	52
n02129165_483.JPEG	17	0	63	63
n02129165_484.JPEG	0	2	63	61
n02129165_485.JPEG	0	1	63	56
n02129165_486.JPEG	26	40	63	60
n02129165_487.JPEG	23	12	51	62
n02129165_488.JPEG	8	23	50	49
n02129165_489.JPEG	32	37	63	60
n02129165_490.JPEG	18	4	63	63
n02129165_491.JPEG	0	0	59	63
n02129165_492.JPEG	0	0	59	63
n02129165_493.JPEG	0	1	63	62
n02129165_494.JPEG	23	22	49	43
n02129165_495.JPEG	0	17	63	53
n02129165_496.JPEG	0	21	63	58
n02129165_497.JPEG	9	1	62	62
n02129165_498.JPEG	4	8	63	63
n02129165_499.JPEG	0	0	63	63
