n04118538_0.JPEG	50	57	58	63
n04118538_1.JPEG	20	42	36	61
n04118538_2.JPEG	3	23	10	35
n04118538_3.JPEG	38	11	46	18
n04118538_4.JPEG	0	49	0	53
n04118538_5.JPEG	34	11	45	22
n04118538_6.JPEG	2	24	10	33
n04118538_7.JPEG	62	23	63	34
n04118538_8.JPEG	29	33	37	40
n04118538_9.JPEG	37	34	47	48
n04118538_10.JPEG	55	23	61	33
n04118538_11.JPEG	0	34	0	39
n04118538_12.JPEG	27	30	38	44
n04118538_13.JPEG	25	15	33	27
n04118538_14.JPEG	33	18	44	28
n04118538_15.JPEG	8	15	17	23
n04118538_16.JPEG	18	21	27	34
n04118538_17.JPEG	33	28	37	33
n04118538_18.JPEG	22	45	28	53
n04118538_19.JPEG	35	44	40	46
n04118538_20.JPEG	0	22	0	30
n04118538_21.JPEG	9	1	63	56
n04118538_22.JPEG	26	23	35	32
n04118538_23.JPEG	30	39	39	45
n04118538_24.JPEG	16	52	28	61
n04118538_25.JPEG	39	11	51	23
n04118538_26.JPEG	24	40	32	49
n04118538_27.JPEG	2	32	10	40
n04118538_28.JPEG	22	29	31	42
n04118538_29.JPEG	63	7	63	16
n04118538_30.JPEG	15	28	30	36
n04118538_31.JPEG	6	37	23	48
n04118538_32.JPEG	14	10	24	22
n04118538_33.JPEG	11	16	54	44
n04118538_34.JPEG	14	27	18	33
n04118538_35.JPEG	35	11	63	62
n04118538_36.JPEG	8	21	14	27
n04118538_37.JPEG	0	26	40	59
n04118538_38.JPEG	35	29	46	37
n04118538_39.JPEG	24	13	31	21
n04118538_40.JPEG	0	13	0	29
n04118538_41.JPEG	8	34	12	41
n04118538_42.JPEG	25	21	39	33
n04118538_43.JPEG	58	3	63	16
n04118538_44.JPEG	9	38	17	47
n04118538_45.JPEG	9	3	16	10
n04118538_46.JPEG	25	33	34	38
n04118538_47.JPEG	24	24	28	30
n04118538_48.JPEG	23	18	29	27
n04118538_49.JPEG	5	12	31	38
n04118538_50.JPEG	0	54	2	63
n04118538_51.JPEG	22	23	31	34
n04118538_52.JPEG	29	43	49	57
n04118538_53.JPEG	7	10	16	20
n04118538_54.JPEG	33	28	45	39
n04118538_55.JPEG	0	44	0	51
n04118538_56.JPEG	22	4	26	6
n04118538_57.JPEG	5	47	11	55
n04118538_58.JPEG	30	32	39	38
n04118538_59.JPEG	18	27	23	31
n04118538_60.JPEG	48	38	55	44
n04118538_61.JPEG	19	17	28	30
n04118538_62.JPEG	36	35	47	44
n04118538_63.JPEG	14	1	61	63
n04118538_64.JPEG	8	16	16	24
n04118538_65.JPEG	30	35	49	63
n04118538_66.JPEG	18	38	25	46
n04118538_67.JPEG	10	20	19	26
n04118538_68.JPEG	27	25	39	33
n04118538_69.JPEG	32	27	38	34
n04118538_70.JPEG	4	32	16	42
n04118538_71.JPEG	29	32	41	41
n04118538_72.JPEG	4	21	63	53
n04118538_73.JPEG	19	15	28	28
n04118538_74.JPEG	25	53	34	59
n04118538_75.JPEG	40	42	53	55
n04118538_76.JPEG	10	21	19	31
n04118538_77.JPEG	13	23	18	30
n04118538_78.JPEG	60	24	63	28
n04118538_79.JPEG	18	31	22	36
n04118538_80.JPEG	27	28	37	38
n04118538_81.JPEG	19	23	31	31
n04118538_82.JPEG	38	0	48	0
n04118538_83.JPEG	36	32	49	42
n04118538_84.JPEG	45	17	58	24
n04118538_85.JPEG	37	32	45	38
n04118538_86.JPEG	28	6	37	15
n04118538_87.JPEG	43	17	54	27
n04118538_88.JPEG	49	29	58	40
n04118538_89.JPEG	18	58	55	63
n04118538_90.JPEG	31	39	39	48
n04118538_91.JPEG	32	10	42	22
n04118538_92.JPEG	37	33	46	42
n04118538_93.JPEG	36	47	44	55
n04118538_94.JPEG	5	51	12	56
n04118538_95.JPEG	39	25	48	34
n04118538_96.JPEG	54	24	63	40
n04118538_97.JPEG	16	45	28	55
n04118538_98.JPEG	37	25	43	31
n04118538_99.JPEG	35	35	42	42
n04118538_100.JPEG	6	30	17	38
n04118538_101.JPEG	9	43	17	52
n04118538_102.JPEG	13	32	38	49
n04118538_103.JPEG	32	27	40	38
n04118538_104.JPEG	0	0	15	42
n04118538_105.JPEG	27	30	39	39
n04118538_106.JPEG	37	7	44	16
n04118538_107.JPEG	37	35	56	54
n04118538_108.JPEG	5	32	15	39
n04118538_109.JPEG	0	1	13	14
n04118538_110.JPEG	16	10	47	57
n04118538_111.JPEG	20	40	40	51
n04118538_112.JPEG	15	33	44	61
n04118538_113.JPEG	16	22	25	32
n04118538_114.JPEG	8	13	54	46
n04118538_115.JPEG	38	29	46	37
n04118538_116.JPEG	53	1	58	7
n04118538_117.JPEG	45	24	58	42
n04118538_118.JPEG	23	28	30	38
n04118538_119.JPEG	0	34	17	53
n04118538_120.JPEG	34	24	39	28
n04118538_121.JPEG	14	25	51	53
n04118538_122.JPEG	23	38	28	42
n04118538_123.JPEG	43	23	50	28
n04118538_124.JPEG	15	25	27	34
n04118538_125.JPEG	1	46	21	58
n04118538_126.JPEG	63	15	63	26
n04118538_127.JPEG	47	25	56	33
n04118538_128.JPEG	40	35	48	42
n04118538_129.JPEG	13	11	27	21
n04118538_130.JPEG	44	18	51	25
n04118538_131.JPEG	0	10	2	17
n04118538_132.JPEG	19	38	30	49
n04118538_133.JPEG	32	28	47	38
n04118538_134.JPEG	35	29	44	35
n04118538_135.JPEG	34	37	43	49
n04118538_136.JPEG	44	38	54	45
n04118538_137.JPEG	45	33	55	45
n04118538_138.JPEG	16	55	27	62
n04118538_139.JPEG	41	36	48	42
n04118538_140.JPEG	35	38	39	43
n04118538_141.JPEG	58	16	63	26
n04118538_142.JPEG	39	21	49	34
n04118538_143.JPEG	11	31	18	40
n04118538_144.JPEG	31	53	37	59
n04118538_145.JPEG	40	19	46	26
n04118538_146.JPEG	10	18	17	25
n04118538_147.JPEG	7	26	17	36
n04118538_148.JPEG	30	47	44	58
n04118538_149.JPEG	27	25	33	33
n04118538_150.JPEG	60	21	63	28
n04118538_151.JPEG	0	41	5	54
n04118538_152.JPEG	0	28	2	40
n04118538_153.JPEG	1	9	17	22
n04118538_154.JPEG	22	37	29	43
n04118538_155.JPEG	59	5	63	14
n04118538_156.JPEG	20	52	27	61
n04118538_157.JPEG	37	42	42	49
n04118538_158.JPEG	0	37	7	46
n04118538_159.JPEG	51	31	62	39
n04118538_160.JPEG	1	18	45	47
n04118538_161.JPEG	27	27	35	31
n04118538_162.JPEG	22	1	33	11
n04118538_163.JPEG	28	18	35	24
n04118538_164.JPEG	13	27	26	41
n04118538_165.JPEG	63	22	63	30
n04118538_166.JPEG	49	15	56	23
n04118538_167.JPEG	4	26	63	63
n04118538_168.JPEG	62	2	63	11
n04118538_169.JPEG	12	42	27	54
n04118538_170.JPEG	54	18	59	26
n04118538_171.JPEG	14	26	25	36
n04118538_172.JPEG	11	22	21	36
n04118538_173.JPEG	30	39	44	53
n04118538_174.JPEG	41	11	51	19
n04118538_175.JPEG	6	6	15	19
n04118538_176.JPEG	0	6	8	13
n04118538_177.JPEG	0	29	0	38
n04118538_178.JPEG	33	13	40	22
n04118538_179.JPEG	2	45	23	63
n04118538_180.JPEG	0	7	63	59
n04118538_181.JPEG	15	16	54	43
n04118538_182.JPEG	9	20	18	29
n04118538_183.JPEG	30	52	38	58
n04118538_184.JPEG	32	17	40	29
n04118538_185.JPEG	11	31	17	37
n04118538_186.JPEG	37	9	43	15
n04118538_187.JPEG	41	19	57	37
n04118538_188.JPEG	57	20	63	28
n04118538_189.JPEG	23	31	40	45
n04118538_190.JPEG	0	23	9	29
n04118538_191.JPEG	39	12	45	15
n04118538_192.JPEG	26	1	46	19
n04118538_193.JPEG	52	48	59	55
n04118538_194.JPEG	21	32	26	37
n04118538_195.JPEG	16	13	24	18
n04118538_196.JPEG	36	13	44	20
n04118538_197.JPEG	29	26	39	38
n04118538_198.JPEG	29	28	40	36
n04118538_199.JPEG	46	25	54	40
n04118538_200.JPEG	18	21	26	29
n04118538_201.JPEG	23	27	30	33
n04118538_202.JPEG	49	22	62	30
n04118538_203.JPEG	44	17	52	28
n04118538_204.JPEG	20	47	30	54
n04118538_205.JPEG	27	29	35	38
n04118538_206.JPEG	1	13	50	63
n04118538_207.JPEG	34	46	55	63
n04118538_208.JPEG	20	32	27	42
n04118538_209.JPEG	0	34	8	46
n04118538_210.JPEG	3	5	62	59
n04118538_211.JPEG	0	23	3	31
n04118538_212.JPEG	0	5	63	46
n04118538_213.JPEG	33	49	44	61
n04118538_214.JPEG	13	31	22	36
n04118538_215.JPEG	19	33	27	40
n04118538_216.JPEG	29	62	43	63
n04118538_217.JPEG	3	10	47	51
n04118538_218.JPEG	5	32	12	37
n04118538_219.JPEG	0	4	63	56
n04118538_220.JPEG	60	27	63	32
n04118538_221.JPEG	25	24	31	30
n04118538_222.JPEG	7	52	14	62
n04118538_223.JPEG	14	44	23	55
n04118538_224.JPEG	7	40	14	47
n04118538_225.JPEG	33	29	58	46
n04118538_226.JPEG	19	15	27	25
n04118538_227.JPEG	0	14	41	45
n04118538_228.JPEG	34	23	44	30
n04118538_229.JPEG	5	26	26	41
n04118538_230.JPEG	20	33	27	39
n04118538_231.JPEG	0	42	15	55
n04118538_232.JPEG	0	23	4	35
n04118538_233.JPEG	7	30	63	63
n04118538_234.JPEG	45	30	52	38
n04118538_235.JPEG	14	23	21	32
n04118538_236.JPEG	42	9	51	20
n04118538_237.JPEG	52	35	60	44
n04118538_238.JPEG	19	27	31	37
n04118538_239.JPEG	36	33	46	41
n04118538_240.JPEG	44	0	53	0
n04118538_241.JPEG	7	49	15	57
n04118538_242.JPEG	17	11	62	47
n04118538_243.JPEG	25	24	31	32
n04118538_244.JPEG	61	33	63	41
n04118538_245.JPEG	29	34	40	45
n04118538_246.JPEG	0	1	63	63
n04118538_247.JPEG	17	23	25	30
n04118538_248.JPEG	18	10	31	20
n04118538_249.JPEG	42	49	51	55
n04118538_250.JPEG	0	53	4	59
n04118538_251.JPEG	11	38	32	53
n04118538_252.JPEG	31	11	39	19
n04118538_253.JPEG	34	41	42	46
n04118538_254.JPEG	15	0	20	0
n04118538_255.JPEG	22	2	38	23
n04118538_256.JPEG	0	7	63	56
n04118538_257.JPEG	42	23	50	35
n04118538_258.JPEG	9	44	15	52
n04118538_259.JPEG	24	3	57	28
n04118538_260.JPEG	1	9	47	42
n04118538_261.JPEG	30	26	37	34
n04118538_262.JPEG	27	25	37	36
n04118538_263.JPEG	42	31	53	38
n04118538_264.JPEG	31	55	45	63
n04118538_265.JPEG	24	6	29	13
n04118538_266.JPEG	27	33	38	41
n04118538_267.JPEG	13	16	26	27
n04118538_268.JPEG	17	33	24	40
n04118538_269.JPEG	49	45	63	62
n04118538_270.JPEG	27	19	31	24
n04118538_271.JPEG	8	2	59	34
n04118538_272.JPEG	5	56	19	63
n04118538_273.JPEG	24	21	33	28
n04118538_274.JPEG	46	21	56	32
n04118538_275.JPEG	25	17	40	31
n04118538_276.JPEG	12	6	63	43
n04118538_277.JPEG	8	21	16	32
n04118538_278.JPEG	27	1	37	8
n04118538_279.JPEG	4	53	13	59
n04118538_280.JPEG	26	39	41	49
n04118538_281.JPEG	24	33	33	42
n04118538_282.JPEG	0	0	0	11
n04118538_283.JPEG	24	27	39	40
n04118538_284.JPEG	30	25	35	31
n04118538_285.JPEG	18	34	28	40
n04118538_286.JPEG	16	20	21	29
n04118538_287.JPEG	3	29	23	43
n04118538_288.JPEG	40	37	54	55
n04118538_289.JPEG	20	3	48	51
n04118538_290.JPEG	24	22	31	29
n04118538_291.JPEG	48	49	62	63
n04118538_292.JPEG	3	15	11	22
n04118538_293.JPEG	44	37	54	47
n04118538_294.JPEG	37	19	43	26
n04118538_295.JPEG	27	19	31	24
n04118538_296.JPEG	31	63	49	63
n04118538_297.JPEG	30	31	36	37
n04118538_298.JPEG	18	19	22	24
n04118538_299.JPEG	13	25	25	33
n04118538_300.JPEG	31	15	38	25
n04118538_301.JPEG	62	15	63	26
n04118538_302.JPEG	27	47	37	57
n04118538_303.JPEG	5	0	19	0
n04118538_304.JPEG	3	29	11	40
n04118538_305.JPEG	0	14	2	20
n04118538_306.JPEG	0	2	2	6
n04118538_307.JPEG	53	39	61	47
n04118538_308.JPEG	14	17	59	62
n04118538_309.JPEG	0	25	8	35
n04118538_310.JPEG	18	25	27	32
n04118538_311.JPEG	12	16	21	27
n04118538_312.JPEG	25	48	42	60
n04118538_313.JPEG	25	49	33	57
n04118538_314.JPEG	16	19	22	24
n04118538_315.JPEG	5	51	12	61
n04118538_316.JPEG	33	20	44	34
n04118538_317.JPEG	6	50	23	60
n04118538_318.JPEG	0	22	17	36
n04118538_319.JPEG	22	1	34	11
n04118538_320.JPEG	10	11	19	19
n04118538_321.JPEG	6	30	13	40
n04118538_322.JPEG	32	43	36	47
n04118538_323.JPEG	5	22	13	33
n04118538_324.JPEG	12	19	22	28
n04118538_325.JPEG	4	16	15	22
n04118538_326.JPEG	14	26	21	32
n04118538_327.JPEG	51	23	59	30
n04118538_328.JPEG	8	27	16	35
n04118538_329.JPEG	51	28	63	41
n04118538_330.JPEG	50	47	59	54
n04118538_331.JPEG	34	27	44	34
n04118538_332.JPEG	25	19	34	28
n04118538_333.JPEG	41	16	52	27
n04118538_334.JPEG	8	42	16	49
n04118538_335.JPEG	0	35	18	56
n04118538_336.JPEG	14	25	40	58
n04118538_337.JPEG	20	29	23	35
n04118538_338.JPEG	0	19	6	30
n04118538_339.JPEG	40	39	50	49
n04118538_340.JPEG	6	12	18	25
n04118538_341.JPEG	20	19	32	34
n04118538_342.JPEG	25	21	30	26
n04118538_343.JPEG	7	42	18	51
n04118538_344.JPEG	29	33	36	42
n04118538_345.JPEG	39	23	49	30
n04118538_346.JPEG	6	4	56	56
n04118538_347.JPEG	30	28	40	36
n04118538_348.JPEG	0	23	0	31
n04118538_349.JPEG	0	12	63	54
n04118538_350.JPEG	24	26	39	36
n04118538_351.JPEG	10	34	16	41
n04118538_352.JPEG	13	15	22	23
n04118538_353.JPEG	7	14	14	21
n04118538_354.JPEG	10	52	21	60
n04118538_355.JPEG	19	17	27	27
n04118538_356.JPEG	44	34	53	46
n04118538_357.JPEG	33	41	38	48
n04118538_358.JPEG	40	48	51	58
n04118538_359.JPEG	35	34	41	41
n04118538_360.JPEG	16	45	23	52
n04118538_361.JPEG	22	25	30	33
n04118538_362.JPEG	26	17	33	25
n04118538_363.JPEG	4	5	63	53
n04118538_364.JPEG	33	16	41	24
n04118538_365.JPEG	19	25	58	60
n04118538_366.JPEG	63	34	63	42
n04118538_367.JPEG	55	26	63	36
n04118538_368.JPEG	0	47	0	52
n04118538_369.JPEG	33	6	39	12
n04118538_370.JPEG	58	8	63	19
n04118538_371.JPEG	27	42	36	50
n04118538_372.JPEG	29	6	40	16
n04118538_373.JPEG	26	52	35	58
n04118538_374.JPEG	10	8	19	19
n04118538_375.JPEG	46	46	60	61
n04118538_376.JPEG	45	16	57	26
n04118538_377.JPEG	43	41	57	57
n04118538_378.JPEG	15	20	23	32
n04118538_379.JPEG	27	42	32	49
n04118538_380.JPEG	51	29	57	35
n04118538_381.JPEG	30	10	45	24
n04118538_382.JPEG	29	23	40	32
n04118538_383.JPEG	21	43	29	62
n04118538_384.JPEG	46	21	57	29
n04118538_385.JPEG	42	30	55	39
n04118538_386.JPEG	22	50	30	57
n04118538_387.JPEG	18	49	24	58
n04118538_388.JPEG	24	11	33	20
n04118538_389.JPEG	5	19	14	24
n04118538_390.JPEG	0	9	63	57
n04118538_391.JPEG	0	11	4	18
n04118538_392.JPEG	15	15	22	20
n04118538_393.JPEG	0	24	0	30
n04118538_394.JPEG	46	53	54	59
n04118538_395.JPEG	9	19	19	29
n04118538_396.JPEG	0	7	63	60
n04118538_397.JPEG	9	24	18	32
n04118538_398.JPEG	38	4	52	13
n04118538_399.JPEG	14	21	20	27
n04118538_400.JPEG	7	37	13	44
n04118538_401.JPEG	45	7	54	16
n04118538_402.JPEG	28	40	42	53
n04118538_403.JPEG	9	14	60	40
n04118538_404.JPEG	52	52	59	62
n04118538_405.JPEG	34	45	44	51
n04118538_406.JPEG	58	34	63	44
n04118538_407.JPEG	6	25	60	53
n04118538_408.JPEG	41	32	49	39
n04118538_409.JPEG	37	50	45	59
n04118538_410.JPEG	30	25	39	34
n04118538_411.JPEG	2	15	62	55
n04118538_412.JPEG	16	37	24	44
n04118538_413.JPEG	19	11	50	48
n04118538_414.JPEG	21	14	30	22
n04118538_415.JPEG	17	57	26	63
n04118538_416.JPEG	16	14	25	21
n04118538_417.JPEG	60	28	63	40
n04118538_418.JPEG	33	40	39	43
n04118538_419.JPEG	33	7	38	12
n04118538_420.JPEG	0	18	0	28
n04118538_421.JPEG	32	19	43	35
n04118538_422.JPEG	43	44	49	49
n04118538_423.JPEG	18	13	28	27
n04118538_424.JPEG	21	7	63	60
n04118538_425.JPEG	48	7	63	32
n04118538_426.JPEG	7	54	17	60
n04118538_427.JPEG	0	0	63	63
n04118538_428.JPEG	31	19	40	30
n04118538_429.JPEG	26	48	43	60
n04118538_430.JPEG	0	37	0	49
n04118538_431.JPEG	34	24	51	38
n04118538_432.JPEG	2	2	8	10
n04118538_433.JPEG	35	14	46	23
n04118538_434.JPEG	13	21	21	32
n04118538_435.JPEG	41	45	59	56
n04118538_436.JPEG	0	31	0	39
n04118538_437.JPEG	9	37	15	44
n04118538_438.JPEG	3	18	14	28
n04118538_439.JPEG	50	53	60	62
n04118538_440.JPEG	17	19	31	32
n04118538_441.JPEG	42	15	55	28
n04118538_442.JPEG	0	22	47	55
n04118538_443.JPEG	32	9	39	15
n04118538_444.JPEG	3	27	35	52
n04118538_445.JPEG	1	1	63	47
n04118538_446.JPEG	31	52	37	61
n04118538_447.JPEG	61	51	63	62
n04118538_448.JPEG	49	9	59	23
n04118538_449.JPEG	15	31	29	49
n04118538_450.JPEG	24	21	40	32
n04118538_451.JPEG	15	24	27	32
n04118538_452.JPEG	0	43	9	60
n04118538_453.JPEG	36	18	40	23
n04118538_454.JPEG	20	26	29	37
n04118538_455.JPEG	29	20	34	27
n04118538_456.JPEG	3	53	15	61
n04118538_457.JPEG	45	45	54	60
n04118538_458.JPEG	16	23	33	43
n04118538_459.JPEG	34	47	40	53
n04118538_460.JPEG	33	27	42	33
n04118538_461.JPEG	48	21	57	29
n04118538_462.JPEG	0	48	0	55
n04118538_463.JPEG	28	29	45	44
n04118538_464.JPEG	5	51	18	63
n04118538_465.JPEG	0	53	0	60
n04118538_466.JPEG	38	54	47	60
n04118538_467.JPEG	33	28	42	33
n04118538_468.JPEG	50	45	56	51
n04118538_469.JPEG	35	53	39	60
n04118538_470.JPEG	16	18	24	28
n04118538_471.JPEG	0	19	2	30
n04118538_472.JPEG	25	28	39	39
n04118538_473.JPEG	51	30	55	35
n04118538_474.JPEG	13	11	22	19
n04118538_475.JPEG	0	12	63	56
n04118538_476.JPEG	39	17	45	25
n04118538_477.JPEG	27	41	39	52
n04118538_478.JPEG	0	1	31	59
n04118538_479.JPEG	63	23	63	33
n04118538_480.JPEG	0	23	13	44
n04118538_481.JPEG	0	40	5	56
n04118538_482.JPEG	51	32	61	39
n04118538_483.JPEG	31	21	40	29
n04118538_484.JPEG	9	31	19	45
n04118538_485.JPEG	3	11	14	23
n04118538_486.JPEG	53	32	62	39
n04118538_487.JPEG	25	23	36	39
n04118538_488.JPEG	0	32	0	38
n04118538_489.JPEG	15	39	29	49
n04118538_490.JPEG	8	30	24	41
n04118538_491.JPEG	6	42	13	49
n04118538_492.JPEG	44	48	54	58
n04118538_493.JPEG	0	36	0	44
n04118538_494.JPEG	16	7	27	23
n04118538_495.JPEG	32	40	38	46
n04118538_496.JPEG	1	37	17	54
n04118538_497.JPEG	1	9	63	61
n04118538_498.JPEG	10	43	17	50
n04118538_499.JPEG	17	37	30	52
