n02279972_0.JPEG	20	4	58	63
n02279972_1.JPEG	8	0	55	49
n02279972_2.JPEG	2	11	47	50
n02279972_3.JPEG	3	9	45	52
n02279972_4.JPEG	10	19	41	61
n02279972_5.JPEG	25	26	38	37
n02279972_6.JPEG	9	19	47	44
n02279972_7.JPEG	4	17	35	45
n02279972_8.JPEG	20	28	63	60
n02279972_9.JPEG	31	43	37	49
n02279972_10.JPEG	4	4	56	63
n02279972_11.JPEG	12	11	41	55
n02279972_12.JPEG	0	17	54	55
n02279972_13.JPEG	6	5	49	46
n02279972_14.JPEG	0	0	53	63
n02279972_15.JPEG	13	5	57	51
n02279972_16.JPEG	16	13	44	55
n02279972_17.JPEG	9	27	51	57
n02279972_18.JPEG	18	5	63	45
n02279972_19.JPEG	0	4	63	57
n02279972_20.JPEG	13	19	63	55
n02279972_21.JPEG	25	15	48	46
n02279972_22.JPEG	21	1	48	54
n02279972_23.JPEG	21	18	32	27
n02279972_24.JPEG	8	31	63	59
n02279972_25.JPEG	0	9	63	53
n02279972_26.JPEG	35	26	63	63
n02279972_27.JPEG	12	0	63	63
n02279972_28.JPEG	0	4	63	62
n02279972_29.JPEG	7	7	63	39
n02279972_30.JPEG	0	12	63	57
n02279972_31.JPEG	2	9	50	50
n02279972_32.JPEG	12	21	57	47
n02279972_33.JPEG	11	15	40	57
n02279972_34.JPEG	0	27	63	60
n02279972_35.JPEG	17	8	59	63
n02279972_36.JPEG	10	1	54	62
n02279972_37.JPEG	14	9	44	43
n02279972_38.JPEG	23	5	54	33
n02279972_39.JPEG	0	0	42	51
n02279972_40.JPEG	0	4	63	48
n02279972_41.JPEG	14	4	35	30
n02279972_42.JPEG	27	24	60	56
n02279972_43.JPEG	9	5	63	63
n02279972_44.JPEG	20	10	44	52
n02279972_45.JPEG	18	15	44	54
n02279972_46.JPEG	23	11	62	52
n02279972_47.JPEG	0	4	63	59
n02279972_48.JPEG	3	17	63	51
n02279972_49.JPEG	0	13	63	56
n02279972_50.JPEG	16	19	46	62
n02279972_51.JPEG	6	21	43	62
n02279972_52.JPEG	23	11	63	55
n02279972_53.JPEG	16	13	34	43
n02279972_54.JPEG	21	4	63	63
n02279972_55.JPEG	0	6	63	59
n02279972_56.JPEG	0	27	63	62
n02279972_57.JPEG	5	16	63	49
n02279972_58.JPEG	0	3	63	62
n02279972_59.JPEG	10	3	61	61
n02279972_60.JPEG	11	14	63	53
n02279972_61.JPEG	2	4	63	59
n02279972_62.JPEG	26	7	63	41
n02279972_63.JPEG	6	1	58	62
n02279972_64.JPEG	15	25	26	37
n02279972_65.JPEG	17	11	60	60
n02279972_66.JPEG	5	22	61	44
n02279972_67.JPEG	0	17	17	60
n02279972_68.JPEG	5	15	41	45
n02279972_69.JPEG	7	28	63	63
n02279972_70.JPEG	20	20	57	41
n02279972_71.JPEG	19	17	46	34
n02279972_72.JPEG	26	16	42	51
n02279972_73.JPEG	15	15	46	61
n02279972_74.JPEG	16	8	63	59
n02279972_75.JPEG	19	14	63	63
n02279972_76.JPEG	2	11	54	57
n02279972_77.JPEG	0	9	48	63
n02279972_78.JPEG	22	10	63	55
n02279972_79.JPEG	30	17	41	34
n02279972_80.JPEG	21	18	52	43
n02279972_81.JPEG	14	8	56	63
n02279972_82.JPEG	0	3	63	56
n02279972_83.JPEG	9	15	49	63
n02279972_84.JPEG	5	11	37	57
n02279972_85.JPEG	12	7	55	57
n02279972_86.JPEG	0	11	29	33
n02279972_87.JPEG	0	11	48	39
n02279972_88.JPEG	0	10	63	51
n02279972_89.JPEG	6	10	53	36
n02279972_90.JPEG	19	10	39	37
n02279972_91.JPEG	0	21	63	62
n02279972_92.JPEG	7	11	36	51
n02279972_93.JPEG	9	0	63	50
n02279972_94.JPEG	4	0	55	56
n02279972_95.JPEG	6	14	37	38
n02279972_96.JPEG	21	27	34	42
n02279972_97.JPEG	51	2	58	9
n02279972_98.JPEG	0	14	33	53
n02279972_99.JPEG	11	0	49	35
n02279972_100.JPEG	18	18	59	51
n02279972_101.JPEG	1	13	63	50
n02279972_102.JPEG	7	12	50	63
n02279972_103.JPEG	12	17	63	54
n02279972_104.JPEG	37	6	63	45
n02279972_105.JPEG	12	0	63	63
n02279972_106.JPEG	0	10	59	50
n02279972_107.JPEG	8	7	52	47
n02279972_108.JPEG	0	3	63	63
n02279972_109.JPEG	0	2	60	62
n02279972_110.JPEG	17	7	53	45
n02279972_111.JPEG	0	1	63	63
n02279972_112.JPEG	8	6	63	50
n02279972_113.JPEG	11	2	63	40
n02279972_114.JPEG	13	36	28	59
n02279972_115.JPEG	18	5	51	28
n02279972_116.JPEG	7	4	52	43
n02279972_117.JPEG	6	0	57	26
n02279972_118.JPEG	6	10	51	41
n02279972_119.JPEG	24	1	45	44
n02279972_120.JPEG	19	7	57	58
n02279972_121.JPEG	4	11	43	62
n02279972_122.JPEG	0	8	41	51
n02279972_123.JPEG	0	12	63	59
n02279972_124.JPEG	12	9	60	53
n02279972_125.JPEG	6	1	51	63
n02279972_126.JPEG	22	9	52	38
n02279972_127.JPEG	33	26	45	37
n02279972_128.JPEG	22	26	40	38
n02279972_129.JPEG	6	23	45	53
n02279972_130.JPEG	22	8	58	41
n02279972_131.JPEG	6	20	48	48
n02279972_132.JPEG	0	4	63	60
n02279972_133.JPEG	0	3	63	39
n02279972_134.JPEG	0	10	63	51
n02279972_135.JPEG	7	20	44	63
n02279972_136.JPEG	31	32	59	55
n02279972_137.JPEG	10	10	50	45
n02279972_138.JPEG	7	11	42	40
n02279972_139.JPEG	28	17	46	45
n02279972_140.JPEG	40	22	49	35
n02279972_141.JPEG	25	1	63	46
n02279972_142.JPEG	5	22	28	57
n02279972_143.JPEG	32	11	58	54
n02279972_144.JPEG	0	8	63	58
n02279972_145.JPEG	5	9	63	42
n02279972_146.JPEG	19	5	36	13
n02279972_147.JPEG	0	13	63	60
n02279972_148.JPEG	6	22	34	40
n02279972_149.JPEG	21	0	54	63
n02279972_150.JPEG	0	7	63	57
n02279972_151.JPEG	6	17	56	49
n02279972_152.JPEG	9	18	61	51
n02279972_153.JPEG	1	26	49	53
n02279972_154.JPEG	5	13	61	47
n02279972_155.JPEG	10	0	62	51
n02279972_156.JPEG	24	26	45	57
n02279972_157.JPEG	44	20	63	42
n02279972_158.JPEG	15	9	58	41
n02279972_159.JPEG	0	12	57	37
n02279972_160.JPEG	6	9	52	53
n02279972_161.JPEG	16	5	63	54
n02279972_162.JPEG	11	10	61	48
n02279972_163.JPEG	15	16	62	63
n02279972_164.JPEG	0	3	63	52
n02279972_165.JPEG	8	31	36	59
n02279972_166.JPEG	0	7	42	59
n02279972_167.JPEG	16	15	63	61
n02279972_168.JPEG	11	17	48	62
n02279972_169.JPEG	10	7	54	61
n02279972_170.JPEG	13	8	63	48
n02279972_171.JPEG	25	14	45	55
n02279972_172.JPEG	0	12	46	48
n02279972_173.JPEG	5	1	63	61
n02279972_174.JPEG	13	0	55	52
n02279972_175.JPEG	17	2	46	38
n02279972_176.JPEG	0	11	63	52
n02279972_177.JPEG	5	18	47	53
n02279972_178.JPEG	3	5	35	53
n02279972_179.JPEG	7	14	40	60
n02279972_180.JPEG	0	3	63	49
n02279972_181.JPEG	4	8	60	46
n02279972_182.JPEG	18	22	39	34
n02279972_183.JPEG	11	0	63	63
n02279972_184.JPEG	19	14	54	42
n02279972_185.JPEG	42	19	61	34
n02279972_186.JPEG	15	11	39	48
n02279972_187.JPEG	0	8	46	41
n02279972_188.JPEG	17	15	61	61
n02279972_189.JPEG	3	15	32	57
n02279972_190.JPEG	14	19	41	48
n02279972_191.JPEG	1	8	51	53
n02279972_192.JPEG	10	36	52	63
n02279972_193.JPEG	8	20	50	39
n02279972_194.JPEG	0	13	63	53
n02279972_195.JPEG	0	0	47	62
n02279972_196.JPEG	37	23	63	53
n02279972_197.JPEG	10	10	63	57
n02279972_198.JPEG	21	4	33	22
n02279972_199.JPEG	7	13	49	52
n02279972_200.JPEG	12	18	49	54
n02279972_201.JPEG	10	14	40	62
n02279972_202.JPEG	2	12	61	44
n02279972_203.JPEG	6	16	41	51
n02279972_204.JPEG	9	17	42	58
n02279972_205.JPEG	25	8	63	63
n02279972_206.JPEG	0	23	40	63
n02279972_207.JPEG	11	5	61	46
n02279972_208.JPEG	0	0	63	63
n02279972_209.JPEG	7	19	63	57
n02279972_210.JPEG	6	2	41	40
n02279972_211.JPEG	2	7	59	56
n02279972_212.JPEG	7	7	55	56
n02279972_213.JPEG	25	3	63	36
n02279972_214.JPEG	0	0	63	63
n02279972_215.JPEG	7	3	39	54
n02279972_216.JPEG	21	13	63	54
n02279972_217.JPEG	8	12	58	41
n02279972_218.JPEG	17	9	49	30
n02279972_219.JPEG	31	11	53	51
n02279972_220.JPEG	6	16	44	52
n02279972_221.JPEG	0	8	63	55
n02279972_222.JPEG	26	14	56	45
n02279972_223.JPEG	28	23	62	47
n02279972_224.JPEG	0	6	39	40
n02279972_225.JPEG	19	13	47	54
n02279972_226.JPEG	0	2	53	62
n02279972_227.JPEG	17	12	54	47
n02279972_228.JPEG	11	20	42	41
n02279972_229.JPEG	20	22	42	41
n02279972_230.JPEG	0	3	63	61
n02279972_231.JPEG	27	3	49	30
n02279972_232.JPEG	17	15	63	43
n02279972_233.JPEG	27	22	58	50
n02279972_234.JPEG	23	20	44	52
n02279972_235.JPEG	0	5	63	63
n02279972_236.JPEG	0	19	63	55
n02279972_237.JPEG	33	18	56	57
n02279972_238.JPEG	22	20	50	32
n02279972_239.JPEG	18	27	44	46
n02279972_240.JPEG	25	14	63	57
n02279972_241.JPEG	2	8	63	45
n02279972_242.JPEG	11	12	41	46
n02279972_243.JPEG	0	3	63	63
n02279972_244.JPEG	5	14	63	57
n02279972_245.JPEG	17	24	41	49
n02279972_246.JPEG	0	10	63	54
n02279972_247.JPEG	0	18	54	50
n02279972_248.JPEG	18	11	40	50
n02279972_249.JPEG	20	13	46	45
n02279972_250.JPEG	0	4	63	55
n02279972_251.JPEG	0	1	54	55
n02279972_252.JPEG	0	0	47	50
n02279972_253.JPEG	3	13	63	55
n02279972_254.JPEG	14	8	63	46
n02279972_255.JPEG	0	13	63	56
n02279972_256.JPEG	10	20	40	43
n02279972_257.JPEG	22	11	63	55
n02279972_258.JPEG	0	28	62	58
n02279972_259.JPEG	9	5	60	35
n02279972_260.JPEG	21	14	51	42
n02279972_261.JPEG	5	5	61	61
n02279972_262.JPEG	7	12	63	55
n02279972_263.JPEG	0	7	63	62
n02279972_264.JPEG	0	10	55	49
n02279972_265.JPEG	0	7	63	52
n02279972_266.JPEG	0	1	63	46
n02279972_267.JPEG	26	18	52	53
n02279972_268.JPEG	7	9	39	38
n02279972_269.JPEG	38	12	61	46
n02279972_270.JPEG	13	7	60	40
n02279972_271.JPEG	7	2	42	31
n02279972_272.JPEG	0	15	63	61
n02279972_273.JPEG	28	23	49	45
n02279972_274.JPEG	10	19	47	55
n02279972_275.JPEG	28	26	56	53
n02279972_276.JPEG	8	0	58	45
n02279972_277.JPEG	33	8	59	33
n02279972_278.JPEG	0	5	63	60
n02279972_279.JPEG	15	15	57	43
n02279972_280.JPEG	6	0	63	54
n02279972_281.JPEG	0	16	63	53
n02279972_282.JPEG	9	10	54	44
n02279972_283.JPEG	18	12	49	38
n02279972_284.JPEG	0	4	50	43
n02279972_285.JPEG	15	1	55	59
n02279972_286.JPEG	4	13	63	53
n02279972_287.JPEG	0	0	63	60
n02279972_288.JPEG	0	9	63	53
n02279972_289.JPEG	19	13	47	56
n02279972_290.JPEG	24	20	41	50
n02279972_291.JPEG	10	12	49	41
n02279972_292.JPEG	9	16	43	59
n02279972_293.JPEG	13	13	63	56
n02279972_294.JPEG	40	11	63	42
n02279972_295.JPEG	4	5	53	60
n02279972_296.JPEG	12	3	56	61
n02279972_297.JPEG	22	5	54	63
n02279972_298.JPEG	24	8	49	45
n02279972_299.JPEG	24	19	48	54
n02279972_300.JPEG	24	5	57	44
n02279972_301.JPEG	12	2	56	63
n02279972_302.JPEG	0	22	30	63
n02279972_303.JPEG	19	23	54	45
n02279972_304.JPEG	16	1	57	54
n02279972_305.JPEG	3	6	61	56
n02279972_306.JPEG	3	5	43	38
n02279972_307.JPEG	0	14	48	48
n02279972_308.JPEG	11	7	50	57
n02279972_309.JPEG	8	16	61	52
n02279972_310.JPEG	27	6	63	34
n02279972_311.JPEG	0	15	53	45
n02279972_312.JPEG	19	0	55	30
n02279972_313.JPEG	0	0	63	62
n02279972_314.JPEG	7	18	62	53
n02279972_315.JPEG	1	10	63	53
n02279972_316.JPEG	17	4	49	40
n02279972_317.JPEG	26	20	41	60
n02279972_318.JPEG	0	5	63	56
n02279972_319.JPEG	5	22	36	41
n02279972_320.JPEG	13	4	63	63
n02279972_321.JPEG	22	23	63	57
n02279972_322.JPEG	21	25	33	35
n02279972_323.JPEG	6	14	61	53
n02279972_324.JPEG	0	11	21	51
n02279972_325.JPEG	17	20	34	49
n02279972_326.JPEG	9	31	55	52
n02279972_327.JPEG	20	15	41	45
n02279972_328.JPEG	0	12	57	58
n02279972_329.JPEG	0	7	63	57
n02279972_330.JPEG	23	9	59	41
n02279972_331.JPEG	23	20	36	44
n02279972_332.JPEG	0	20	42	53
n02279972_333.JPEG	29	22	63	50
n02279972_334.JPEG	17	24	63	50
n02279972_335.JPEG	5	6	57	63
n02279972_336.JPEG	24	22	37	36
n02279972_337.JPEG	17	13	58	63
n02279972_338.JPEG	9	4	57	63
n02279972_339.JPEG	8	23	45	50
n02279972_340.JPEG	0	5	49	43
n02279972_341.JPEG	2	3	63	63
n02279972_342.JPEG	0	11	43	42
n02279972_343.JPEG	0	1	63	59
n02279972_344.JPEG	15	23	45	41
n02279972_345.JPEG	13	14	47	63
n02279972_346.JPEG	19	17	63	55
n02279972_347.JPEG	4	6	63	60
n02279972_348.JPEG	27	5	61	63
n02279972_349.JPEG	9	0	58	63
n02279972_350.JPEG	20	18	47	38
n02279972_351.JPEG	1	6	53	57
n02279972_352.JPEG	16	7	50	53
n02279972_353.JPEG	0	16	29	48
n02279972_354.JPEG	21	21	44	36
n02279972_355.JPEG	6	0	63	57
n02279972_356.JPEG	0	11	63	63
n02279972_357.JPEG	3	3	51	62
n02279972_358.JPEG	4	1	63	63
n02279972_359.JPEG	10	20	41	55
n02279972_360.JPEG	0	6	44	50
n02279972_361.JPEG	7	23	26	32
n02279972_362.JPEG	0	9	63	47
n02279972_363.JPEG	25	5	39	55
n02279972_364.JPEG	7	13	42	39
n02279972_365.JPEG	7	13	63	55
n02279972_366.JPEG	10	13	54	46
n02279972_367.JPEG	19	10	61	49
n02279972_368.JPEG	19	23	51	42
n02279972_369.JPEG	1	18	63	54
n02279972_370.JPEG	14	11	54	37
n02279972_371.JPEG	6	21	48	44
n02279972_372.JPEG	6	20	36	54
n02279972_373.JPEG	14	6	51	61
n02279972_374.JPEG	16	8	47	51
n02279972_375.JPEG	4	0	54	63
n02279972_376.JPEG	6	0	63	56
n02279972_377.JPEG	3	0	63	48
n02279972_378.JPEG	18	13	57	56
n02279972_379.JPEG	8	11	42	45
n02279972_380.JPEG	17	2	47	38
n02279972_381.JPEG	23	19	44	42
n02279972_382.JPEG	13	19	40	52
n02279972_383.JPEG	7	0	53	63
n02279972_384.JPEG	7	13	59	60
n02279972_385.JPEG	0	5	60	53
n02279972_386.JPEG	5	8	56	52
n02279972_387.JPEG	9	1	63	47
n02279972_388.JPEG	17	15	63	51
n02279972_389.JPEG	12	8	61	63
n02279972_390.JPEG	11	13	63	48
n02279972_391.JPEG	0	7	63	61
n02279972_392.JPEG	8	5	63	49
n02279972_393.JPEG	0	11	63	44
n02279972_394.JPEG	21	22	35	38
n02279972_395.JPEG	5	0	22	31
n02279972_396.JPEG	15	3	42	51
n02279972_397.JPEG	1	0	59	63
n02279972_398.JPEG	2	19	52	45
n02279972_399.JPEG	30	16	63	45
n02279972_400.JPEG	12	10	53	59
n02279972_401.JPEG	14	1	55	62
n02279972_402.JPEG	0	14	62	49
n02279972_403.JPEG	0	6	63	51
n02279972_404.JPEG	5	0	63	63
n02279972_405.JPEG	0	11	61	63
n02279972_406.JPEG	0	6	56	63
n02279972_407.JPEG	27	23	40	37
n02279972_408.JPEG	0	10	53	59
n02279972_409.JPEG	23	5	58	42
n02279972_410.JPEG	5	9	36	46
n02279972_411.JPEG	1	17	58	53
n02279972_412.JPEG	10	8	63	44
n02279972_413.JPEG	21	14	63	42
n02279972_414.JPEG	6	3	54	39
n02279972_415.JPEG	27	28	52	45
n02279972_416.JPEG	28	26	63	42
n02279972_417.JPEG	0	13	63	52
n02279972_418.JPEG	8	10	45	40
n02279972_419.JPEG	16	5	53	60
n02279972_420.JPEG	17	5	61	41
n02279972_421.JPEG	21	13	49	38
n02279972_422.JPEG	0	16	63	54
n02279972_423.JPEG	9	13	46	42
n02279972_424.JPEG	0	11	49	54
n02279972_425.JPEG	12	11	50	35
n02279972_426.JPEG	18	0	56	44
n02279972_427.JPEG	0	9	39	53
n02279972_428.JPEG	0	12	63	51
n02279972_429.JPEG	12	1	63	62
n02279972_430.JPEG	20	20	37	42
n02279972_431.JPEG	0	13	46	53
n02279972_432.JPEG	19	14	63	48
n02279972_433.JPEG	1	17	38	44
n02279972_434.JPEG	15	20	43	49
n02279972_435.JPEG	0	4	63	57
n02279972_436.JPEG	18	9	63	37
n02279972_437.JPEG	9	46	32	63
n02279972_438.JPEG	0	5	62	46
n02279972_439.JPEG	7	3	63	62
n02279972_440.JPEG	12	22	63	47
n02279972_441.JPEG	10	0	50	50
n02279972_442.JPEG	15	13	47	54
n02279972_443.JPEG	19	10	47	47
n02279972_444.JPEG	19	29	41	55
n02279972_445.JPEG	0	11	51	42
n02279972_446.JPEG	15	20	62	61
n02279972_447.JPEG	11	22	33	43
n02279972_448.JPEG	15	11	47	46
n02279972_449.JPEG	26	19	62	50
n02279972_450.JPEG	0	0	48	58
n02279972_451.JPEG	19	45	43	63
n02279972_452.JPEG	14	14	47	59
n02279972_453.JPEG	18	16	60	51
n02279972_454.JPEG	0	0	63	36
n02279972_455.JPEG	20	19	59	59
n02279972_456.JPEG	20	8	61	55
n02279972_457.JPEG	10	0	52	63
n02279972_458.JPEG	0	0	63	15
n02279972_459.JPEG	3	22	42	57
n02279972_460.JPEG	0	8	63	43
n02279972_461.JPEG	10	10	44	56
n02279972_462.JPEG	19	5	63	43
n02279972_463.JPEG	0	21	60	63
n02279972_464.JPEG	13	11	43	51
n02279972_465.JPEG	4	0	44	47
n02279972_466.JPEG	0	8	46	63
n02279972_467.JPEG	5	10	63	48
n02279972_468.JPEG	3	0	63	63
n02279972_469.JPEG	22	4	63	47
n02279972_470.JPEG	27	7	63	47
n02279972_471.JPEG	5	0	57	45
n02279972_472.JPEG	11	20	51	50
n02279972_473.JPEG	5	13	44	58
n02279972_474.JPEG	0	0	63	63
n02279972_475.JPEG	4	0	51	48
n02279972_476.JPEG	21	5	59	61
n02279972_477.JPEG	3	0	63	63
n02279972_478.JPEG	0	18	55	47
n02279972_479.JPEG	23	5	63	61
n02279972_480.JPEG	10	17	57	63
n02279972_481.JPEG	13	6	63	53
n02279972_482.JPEG	7	5	38	25
n02279972_483.JPEG	29	6	47	32
n02279972_484.JPEG	37	11	63	38
n02279972_485.JPEG	15	7	63	44
n02279972_486.JPEG	1	14	57	58
n02279972_487.JPEG	6	19	50	50
n02279972_488.JPEG	4	5	63	49
n02279972_489.JPEG	12	10	58	50
n02279972_490.JPEG	14	2	50	56
n02279972_491.JPEG	21	1	40	38
n02279972_492.JPEG	21	21	59	47
n02279972_493.JPEG	16	10	61	41
n02279972_494.JPEG	7	16	56	34
n02279972_495.JPEG	6	12	63	48
n02279972_496.JPEG	7	4	62	63
n02279972_497.JPEG	1	0	52	44
n02279972_498.JPEG	19	13	63	55
n02279972_499.JPEG	21	24	57	42
