n01641577_0.JPEG	0	22	63	60
n01641577_1.JPEG	0	5	63	63
n01641577_2.JPEG	0	30	43	50
n01641577_3.JPEG	16	19	63	63
n01641577_4.JPEG	0	8	63	63
n01641577_5.JPEG	17	5	61	48
n01641577_6.JPEG	4	3	61	61
n01641577_7.JPEG	18	30	41	41
n01641577_8.JPEG	0	18	63	63
n01641577_9.JPEG	0	6	63	63
n01641577_10.JPEG	25	11	63	43
n01641577_11.JPEG	25	24	63	62
n01641577_12.JPEG	0	4	63	63
n01641577_13.JPEG	18	21	46	42
n01641577_14.JPEG	0	13	63	56
n01641577_15.JPEG	6	9	61	43
n01641577_16.JPEG	0	11	51	37
n01641577_17.JPEG	0	12	39	62
n01641577_18.JPEG	12	19	51	45
n01641577_19.JPEG	16	20	63	57
n01641577_20.JPEG	3	17	63	52
n01641577_21.JPEG	2	12	42	63
n01641577_22.JPEG	0	18	63	61
n01641577_23.JPEG	0	9	63	50
n01641577_24.JPEG	10	14	63	49
n01641577_25.JPEG	8	17	60	54
n01641577_26.JPEG	16	20	63	37
n01641577_27.JPEG	0	11	59	37
n01641577_28.JPEG	20	22	50	33
n01641577_29.JPEG	8	15	56	46
n01641577_30.JPEG	26	24	60	56
n01641577_31.JPEG	15	8	56	43
n01641577_32.JPEG	0	10	63	63
n01641577_33.JPEG	0	10	63	63
n01641577_34.JPEG	9	17	36	46
n01641577_35.JPEG	3	22	54	50
n01641577_36.JPEG	5	10	57	42
n01641577_37.JPEG	5	10	63	56
n01641577_38.JPEG	3	10	63	58
n01641577_39.JPEG	1	14	63	63
n01641577_40.JPEG	37	49	52	63
n01641577_41.JPEG	1	9	63	58
n01641577_42.JPEG	1	19	47	51
n01641577_43.JPEG	6	17	63	48
n01641577_44.JPEG	0	17	63	63
n01641577_45.JPEG	18	4	63	63
n01641577_46.JPEG	0	9	63	50
n01641577_47.JPEG	5	15	54	51
n01641577_48.JPEG	12	20	63	58
n01641577_49.JPEG	5	21	63	57
n01641577_50.JPEG	0	12	63	63
n01641577_51.JPEG	9	4	63	47
n01641577_52.JPEG	14	3	63	52
n01641577_53.JPEG	7	11	63	61
n01641577_54.JPEG	20	27	63	49
n01641577_55.JPEG	1	9	57	48
n01641577_56.JPEG	13	6	62	60
n01641577_57.JPEG	1	8	59	63
n01641577_58.JPEG	7	17	63	63
n01641577_59.JPEG	4	14	56	49
n01641577_60.JPEG	0	10	63	63
n01641577_61.JPEG	20	22	47	38
n01641577_62.JPEG	0	9	63	59
n01641577_63.JPEG	0	0	63	63
n01641577_64.JPEG	1	0	57	55
n01641577_65.JPEG	32	12	63	50
n01641577_66.JPEG	0	8	63	58
n01641577_67.JPEG	0	9	58	46
n01641577_68.JPEG	0	8	63	59
n01641577_69.JPEG	3	12	56	50
n01641577_70.JPEG	4	9	62	44
n01641577_71.JPEG	5	13	56	49
n01641577_72.JPEG	0	6	63	62
n01641577_73.JPEG	2	18	39	50
n01641577_74.JPEG	0	10	63	59
n01641577_75.JPEG	22	27	63	54
n01641577_76.JPEG	19	16	60	48
n01641577_77.JPEG	24	14	63	56
n01641577_78.JPEG	0	13	63	63
n01641577_79.JPEG	4	14	63	63
n01641577_80.JPEG	0	10	63	56
n01641577_81.JPEG	0	7	60	47
n01641577_82.JPEG	11	9	63	50
n01641577_83.JPEG	3	6	63	56
n01641577_84.JPEG	2	12	63	63
n01641577_85.JPEG	0	8	63	62
n01641577_86.JPEG	17	26	51	48
n01641577_87.JPEG	0	7	63	61
n01641577_88.JPEG	0	11	49	52
n01641577_89.JPEG	30	28	49	53
n01641577_90.JPEG	10	16	44	45
n01641577_91.JPEG	0	9	63	63
n01641577_92.JPEG	0	7	63	61
n01641577_93.JPEG	0	25	60	56
n01641577_94.JPEG	2	0	63	63
n01641577_95.JPEG	7	16	60	53
n01641577_96.JPEG	21	23	41	40
n01641577_97.JPEG	0	19	30	42
n01641577_98.JPEG	19	25	43	47
n01641577_99.JPEG	4	23	61	59
n01641577_100.JPEG	0	1	63	46
n01641577_101.JPEG	0	13	63	48
n01641577_102.JPEG	5	24	56	52
n01641577_103.JPEG	0	10	50	32
n01641577_104.JPEG	10	24	54	52
n01641577_105.JPEG	12	26	63	62
n01641577_106.JPEG	0	7	63	59
n01641577_107.JPEG	0	3	63	63
n01641577_108.JPEG	0	10	63	55
n01641577_109.JPEG	0	6	63	63
n01641577_110.JPEG	6	14	63	44
n01641577_111.JPEG	0	7	63	48
n01641577_112.JPEG	2	28	62	50
n01641577_113.JPEG	3	23	63	55
n01641577_114.JPEG	0	16	51	45
n01641577_115.JPEG	0	6	53	37
n01641577_116.JPEG	0	31	56	57
n01641577_117.JPEG	0	11	63	62
n01641577_118.JPEG	21	21	59	47
n01641577_119.JPEG	12	22	53	46
n01641577_120.JPEG	0	16	52	55
n01641577_121.JPEG	2	27	38	47
n01641577_122.JPEG	19	13	43	33
n01641577_123.JPEG	0	15	63	63
n01641577_124.JPEG	2	17	63	56
n01641577_125.JPEG	0	6	63	63
n01641577_126.JPEG	18	15	60	63
n01641577_127.JPEG	0	19	60	63
n01641577_128.JPEG	9	17	59	45
n01641577_129.JPEG	11	20	41	46
n01641577_130.JPEG	21	25	48	54
n01641577_131.JPEG	5	7	54	54
n01641577_132.JPEG	12	17	63	63
n01641577_133.JPEG	0	7	63	63
n01641577_134.JPEG	0	15	46	63
n01641577_135.JPEG	0	21	52	53
n01641577_136.JPEG	18	28	46	45
n01641577_137.JPEG	0	17	63	63
n01641577_138.JPEG	16	19	47	35
n01641577_139.JPEG	0	9	63	53
n01641577_140.JPEG	6	3	62	58
n01641577_141.JPEG	0	6	63	60
n01641577_142.JPEG	0	1	63	63
n01641577_143.JPEG	13	13	63	63
n01641577_144.JPEG	0	26	21	42
n01641577_145.JPEG	13	22	63	55
n01641577_146.JPEG	21	18	53	61
n01641577_147.JPEG	0	11	49	58
n01641577_148.JPEG	0	0	63	63
n01641577_149.JPEG	13	29	39	41
n01641577_150.JPEG	5	14	63	55
n01641577_151.JPEG	20	11	63	61
n01641577_152.JPEG	0	6	63	59
n01641577_153.JPEG	7	10	52	38
n01641577_154.JPEG	20	23	43	45
n01641577_155.JPEG	7	18	55	52
n01641577_156.JPEG	0	12	56	50
n01641577_157.JPEG	0	9	61	63
n01641577_158.JPEG	6	26	39	51
n01641577_159.JPEG	5	5	63	57
n01641577_160.JPEG	0	9	62	51
n01641577_161.JPEG	0	8	59	57
n01641577_162.JPEG	0	9	63	63
n01641577_163.JPEG	0	12	63	51
n01641577_164.JPEG	0	16	48	44
n01641577_165.JPEG	11	11	63	58
n01641577_166.JPEG	0	7	63	63
n01641577_167.JPEG	0	16	63	63
n01641577_168.JPEG	0	8	63	56
n01641577_169.JPEG	23	24	41	43
n01641577_170.JPEG	20	18	47	40
n01641577_171.JPEG	1	12	63	59
n01641577_172.JPEG	2	15	60	58
n01641577_173.JPEG	8	15	59	55
n01641577_174.JPEG	5	10	63	48
n01641577_175.JPEG	0	6	59	61
n01641577_176.JPEG	0	12	51	63
n01641577_177.JPEG	1	20	62	63
n01641577_178.JPEG	9	18	59	50
n01641577_179.JPEG	16	25	51	61
n01641577_180.JPEG	15	22	63	47
n01641577_181.JPEG	20	14	63	50
n01641577_182.JPEG	20	23	52	42
n01641577_183.JPEG	3	0	59	30
n01641577_184.JPEG	0	9	63	57
n01641577_185.JPEG	2	5	63	56
n01641577_186.JPEG	0	18	63	49
n01641577_187.JPEG	0	23	63	52
n01641577_188.JPEG	3	11	62	53
n01641577_189.JPEG	19	23	63	52
n01641577_190.JPEG	0	7	54	38
n01641577_191.JPEG	17	4	63	63
n01641577_192.JPEG	0	9	63	63
n01641577_193.JPEG	0	9	63	54
n01641577_194.JPEG	3	26	43	56
n01641577_195.JPEG	11	11	63	60
n01641577_196.JPEG	6	8	63	53
n01641577_197.JPEG	5	10	50	54
n01641577_198.JPEG	31	21	49	38
n01641577_199.JPEG	0	27	48	47
n01641577_200.JPEG	0	8	63	60
n01641577_201.JPEG	7	11	61	48
n01641577_202.JPEG	0	5	63	63
n01641577_203.JPEG	0	13	63	63
n01641577_204.JPEG	1	14	63	53
n01641577_205.JPEG	0	3	63	63
n01641577_206.JPEG	0	10	63	63
n01641577_207.JPEG	0	20	57	63
n01641577_208.JPEG	22	37	63	46
n01641577_209.JPEG	19	20	50	45
n01641577_210.JPEG	0	17	63	53
n01641577_211.JPEG	0	14	53	52
n01641577_212.JPEG	0	11	63	63
n01641577_213.JPEG	0	3	63	60
n01641577_214.JPEG	0	13	52	56
n01641577_215.JPEG	3	12	63	52
n01641577_216.JPEG	0	8	46	43
n01641577_217.JPEG	0	14	63	58
n01641577_218.JPEG	1	27	52	63
n01641577_219.JPEG	0	20	63	44
n01641577_220.JPEG	4	7	56	56
n01641577_221.JPEG	7	13	62	59
n01641577_222.JPEG	1	18	63	50
n01641577_223.JPEG	7	7	61	57
n01641577_224.JPEG	25	27	44	43
n01641577_225.JPEG	1	11	63	50
n01641577_226.JPEG	19	15	61	53
n01641577_227.JPEG	9	10	63	38
n01641577_228.JPEG	0	3	63	63
n01641577_229.JPEG	3	14	50	48
n01641577_230.JPEG	0	20	44	59
n01641577_231.JPEG	4	5	63	63
n01641577_232.JPEG	0	10	54	58
n01641577_233.JPEG	15	20	47	42
n01641577_234.JPEG	0	21	63	63
n01641577_235.JPEG	10	23	45	37
n01641577_236.JPEG	0	2	63	63
n01641577_237.JPEG	12	22	63	55
n01641577_238.JPEG	6	0	61	63
n01641577_239.JPEG	0	22	33	57
n01641577_240.JPEG	6	19	55	62
n01641577_241.JPEG	25	17	63	50
n01641577_242.JPEG	0	17	44	42
n01641577_243.JPEG	11	6	61	63
n01641577_244.JPEG	36	26	63	53
n01641577_245.JPEG	30	19	63	63
n01641577_246.JPEG	1	13	63	63
n01641577_247.JPEG	17	17	42	38
n01641577_248.JPEG	0	15	63	45
n01641577_249.JPEG	0	12	59	63
n01641577_250.JPEG	0	3	63	61
n01641577_251.JPEG	0	13	63	63
n01641577_252.JPEG	0	8	63	63
n01641577_253.JPEG	0	11	56	59
n01641577_254.JPEG	0	15	41	45
n01641577_255.JPEG	0	14	63	60
n01641577_256.JPEG	0	18	63	52
n01641577_257.JPEG	9	7	63	59
n01641577_258.JPEG	0	17	51	63
n01641577_259.JPEG	9	0	61	43
n01641577_260.JPEG	0	12	63	59
n01641577_261.JPEG	0	16	52	50
n01641577_262.JPEG	8	6	61	40
n01641577_263.JPEG	28	20	63	60
n01641577_264.JPEG	7	18	58	63
n01641577_265.JPEG	12	17	63	39
n01641577_266.JPEG	0	12	63	60
n01641577_267.JPEG	26	24	54	40
n01641577_268.JPEG	0	24	63	63
n01641577_269.JPEG	19	17	56	48
n01641577_270.JPEG	0	17	46	49
n01641577_271.JPEG	5	12	63	63
n01641577_272.JPEG	26	24	53	46
n01641577_273.JPEG	32	9	63	63
n01641577_274.JPEG	0	12	63	59
n01641577_275.JPEG	0	25	43	47
n01641577_276.JPEG	25	30	42	42
n01641577_277.JPEG	4	21	62	63
n01641577_278.JPEG	0	21	43	45
n01641577_279.JPEG	0	13	63	55
n01641577_280.JPEG	0	15	57	56
n01641577_281.JPEG	16	25	38	46
n01641577_282.JPEG	5	11	63	52
n01641577_283.JPEG	0	4	63	63
n01641577_284.JPEG	13	21	56	50
n01641577_285.JPEG	28	20	63	58
n01641577_286.JPEG	14	12	55	61
n01641577_287.JPEG	1	22	56	53
n01641577_288.JPEG	0	25	45	53
n01641577_289.JPEG	18	0	63	46
n01641577_290.JPEG	11	16	34	28
n01641577_291.JPEG	0	14	63	58
n01641577_292.JPEG	0	16	32	46
n01641577_293.JPEG	14	31	50	58
n01641577_294.JPEG	0	1	63	63
n01641577_295.JPEG	5	4	63	63
n01641577_296.JPEG	0	25	41	37
n01641577_297.JPEG	0	13	63	53
n01641577_298.JPEG	0	6	63	62
n01641577_299.JPEG	5	9	51	57
n01641577_300.JPEG	6	15	33	36
n01641577_301.JPEG	21	16	53	55
n01641577_302.JPEG	0	20	54	53
n01641577_303.JPEG	9	18	44	45
n01641577_304.JPEG	8	22	63	55
n01641577_305.JPEG	0	1	63	57
n01641577_306.JPEG	0	4	48	63
n01641577_307.JPEG	11	18	63	58
n01641577_308.JPEG	6	26	63	51
n01641577_309.JPEG	0	21	36	43
n01641577_310.JPEG	9	22	54	63
n01641577_311.JPEG	0	18	49	61
n01641577_312.JPEG	0	15	35	45
n01641577_313.JPEG	0	7	57	52
n01641577_314.JPEG	0	18	63	55
n01641577_315.JPEG	6	20	47	49
n01641577_316.JPEG	0	17	63	62
n01641577_317.JPEG	6	19	56	57
n01641577_318.JPEG	0	17	49	55
n01641577_319.JPEG	5	6	63	58
n01641577_320.JPEG	0	0	63	63
n01641577_321.JPEG	7	18	44	50
n01641577_322.JPEG	0	21	63	55
n01641577_323.JPEG	0	2	60	51
n01641577_324.JPEG	2	24	63	55
n01641577_325.JPEG	24	31	51	55
n01641577_326.JPEG	6	10	63	48
n01641577_327.JPEG	12	13	63	47
n01641577_328.JPEG	5	22	63	63
n01641577_329.JPEG	0	7	63	57
n01641577_330.JPEG	16	21	63	61
n01641577_331.JPEG	4	9	57	57
n01641577_332.JPEG	4	15	56	49
n01641577_333.JPEG	0	12	63	61
n01641577_334.JPEG	0	22	49	45
n01641577_335.JPEG	3	4	63	31
n01641577_336.JPEG	0	11	63	54
n01641577_337.JPEG	0	10	63	52
n01641577_338.JPEG	7	8	61	47
n01641577_339.JPEG	6	5	56	61
n01641577_340.JPEG	0	0	63	63
n01641577_341.JPEG	1	13	63	56
n01641577_342.JPEG	0	10	63	58
n01641577_343.JPEG	12	17	63	62
n01641577_344.JPEG	5	19	48	61
n01641577_345.JPEG	0	6	63	58
n01641577_346.JPEG	0	3	61	59
n01641577_347.JPEG	0	8	63	58
n01641577_348.JPEG	0	24	49	63
n01641577_349.JPEG	17	21	63	62
n01641577_350.JPEG	0	10	63	49
n01641577_351.JPEG	0	12	61	62
n01641577_352.JPEG	6	25	43	49
n01641577_353.JPEG	0	18	50	58
n01641577_354.JPEG	0	11	63	58
n01641577_355.JPEG	10	14	60	56
n01641577_356.JPEG	0	11	63	59
n01641577_357.JPEG	11	6	63	63
n01641577_358.JPEG	22	27	40	38
n01641577_359.JPEG	0	10	63	59
n01641577_360.JPEG	0	15	61	41
n01641577_361.JPEG	0	21	63	46
n01641577_362.JPEG	17	31	43	47
n01641577_363.JPEG	0	7	63	63
n01641577_364.JPEG	0	22	44	62
n01641577_365.JPEG	0	1	63	63
n01641577_366.JPEG	9	8	63	59
n01641577_367.JPEG	22	28	42	46
n01641577_368.JPEG	0	5	60	63
n01641577_369.JPEG	0	17	60	50
n01641577_370.JPEG	4	18	54	57
n01641577_371.JPEG	0	24	40	53
n01641577_372.JPEG	1	18	63	63
n01641577_373.JPEG	0	26	36	58
n01641577_374.JPEG	0	9	40	51
n01641577_375.JPEG	7	20	52	43
n01641577_376.JPEG	31	21	59	39
n01641577_377.JPEG	0	22	62	55
n01641577_378.JPEG	0	8	56	51
n01641577_379.JPEG	4	10	52	57
n01641577_380.JPEG	3	13	42	55
n01641577_381.JPEG	0	8	63	63
n01641577_382.JPEG	16	17	47	48
n01641577_383.JPEG	0	4	55	62
n01641577_384.JPEG	7	23	46	58
n01641577_385.JPEG	0	11	63	60
n01641577_386.JPEG	3	17	61	60
n01641577_387.JPEG	0	18	59	58
n01641577_388.JPEG	3	4	53	46
n01641577_389.JPEG	0	11	61	53
n01641577_390.JPEG	0	7	52	56
n01641577_391.JPEG	18	21	48	47
n01641577_392.JPEG	2	16	56	61
n01641577_393.JPEG	1	22	63	60
n01641577_394.JPEG	33	30	49	50
n01641577_395.JPEG	0	16	63	62
n01641577_396.JPEG	0	12	63	56
n01641577_397.JPEG	2	9	33	26
n01641577_398.JPEG	10	23	63	62
n01641577_399.JPEG	0	8	63	55
n01641577_400.JPEG	20	17	63	50
n01641577_401.JPEG	13	15	56	52
n01641577_402.JPEG	12	27	63	62
n01641577_403.JPEG	16	18	63	50
n01641577_404.JPEG	1	1	62	63
n01641577_405.JPEG	11	12	49	42
n01641577_406.JPEG	0	19	48	63
n01641577_407.JPEG	0	18	63	55
n01641577_408.JPEG	8	13	61	50
n01641577_409.JPEG	23	31	63	54
n01641577_410.JPEG	0	21	43	50
n01641577_411.JPEG	0	19	63	57
n01641577_412.JPEG	16	17	52	47
n01641577_413.JPEG	16	19	51	40
n01641577_414.JPEG	7	6	63	57
n01641577_415.JPEG	0	15	63	50
n01641577_416.JPEG	14	20	53	54
n01641577_417.JPEG	9	22	63	50
n01641577_418.JPEG	11	0	53	63
n01641577_419.JPEG	13	18	63	60
n01641577_420.JPEG	12	17	58	58
n01641577_421.JPEG	0	1	63	63
n01641577_422.JPEG	0	6	63	45
n01641577_423.JPEG	1	0	63	59
n01641577_424.JPEG	0	24	49	63
n01641577_425.JPEG	2	12	63	55
n01641577_426.JPEG	0	1	63	63
n01641577_427.JPEG	0	15	50	36
n01641577_428.JPEG	0	14	63	61
n01641577_429.JPEG	20	15	48	39
n01641577_430.JPEG	0	21	45	57
n01641577_431.JPEG	7	15	63	45
n01641577_432.JPEG	1	18	52	57
n01641577_433.JPEG	22	21	63	34
n01641577_434.JPEG	32	26	63	44
n01641577_435.JPEG	12	19	63	53
n01641577_436.JPEG	0	3	63	63
n01641577_437.JPEG	2	9	59	63
n01641577_438.JPEG	13	16	63	47
n01641577_439.JPEG	14	14	61	37
n01641577_440.JPEG	0	9	63	63
n01641577_441.JPEG	12	6	63	55
n01641577_442.JPEG	2	5	54	59
n01641577_443.JPEG	0	12	63	62
n01641577_444.JPEG	0	7	63	55
n01641577_445.JPEG	12	24	54	44
n01641577_446.JPEG	0	14	61	55
n01641577_447.JPEG	0	3	63	63
n01641577_448.JPEG	0	14	63	60
n01641577_449.JPEG	4	12	41	51
n01641577_450.JPEG	23	35	41	45
n01641577_451.JPEG	9	32	57	50
n01641577_452.JPEG	3	10	63	55
n01641577_453.JPEG	0	5	63	63
n01641577_454.JPEG	1	15	57	44
n01641577_455.JPEG	17	24	61	56
n01641577_456.JPEG	4	2	61	55
n01641577_457.JPEG	0	28	55	55
n01641577_458.JPEG	0	9	63	63
n01641577_459.JPEG	0	6	63	63
n01641577_460.JPEG	25	33	63	56
n01641577_461.JPEG	0	12	63	63
n01641577_462.JPEG	8	2	63	63
n01641577_463.JPEG	1	5	60	62
n01641577_464.JPEG	0	0	63	61
n01641577_465.JPEG	17	11	63	63
n01641577_466.JPEG	4	15	55	58
n01641577_467.JPEG	0	9	63	63
n01641577_468.JPEG	0	6	59	63
n01641577_469.JPEG	17	17	54	49
n01641577_470.JPEG	17	37	39	52
n01641577_471.JPEG	23	35	39	45
n01641577_472.JPEG	1	13	63	62
n01641577_473.JPEG	17	23	38	45
n01641577_474.JPEG	3	18	59	45
n01641577_475.JPEG	10	10	54	51
n01641577_476.JPEG	11	20	45	49
n01641577_477.JPEG	0	12	63	53
n01641577_478.JPEG	4	1	61	63
n01641577_479.JPEG	0	8	63	42
n01641577_480.JPEG	0	9	63	63
n01641577_481.JPEG	19	28	39	51
n01641577_482.JPEG	16	7	63	60
n01641577_483.JPEG	7	15	61	50
n01641577_484.JPEG	0	20	63	58
n01641577_485.JPEG	3	20	63	56
n01641577_486.JPEG	5	27	60	58
n01641577_487.JPEG	4	7	63	61
n01641577_488.JPEG	7	16	45	45
n01641577_489.JPEG	0	13	63	57
n01641577_490.JPEG	1	26	38	55
n01641577_491.JPEG	7	12	63	47
n01641577_492.JPEG	0	13	56	53
n01641577_493.JPEG	0	4	43	57
n01641577_494.JPEG	6	22	63	53
n01641577_495.JPEG	2	21	63	50
n01641577_496.JPEG	3	21	41	52
n01641577_497.JPEG	0	7	63	60
n01641577_498.JPEG	0	12	63	58
n01641577_499.JPEG	6	14	63	62
