n03544143_0.JPEG	0	0	63	63
n03544143_1.JPEG	38	9	60	61
n03544143_2.JPEG	10	13	27	63
n03544143_3.JPEG	14	13	43	55
n03544143_4.JPEG	9	0	35	59
n03544143_5.JPEG	26	0	63	40
n03544143_6.JPEG	4	0	56	63
n03544143_7.JPEG	5	0	57	63
n03544143_8.JPEG	43	21	59	58
n03544143_9.JPEG	13	0	49	63
n03544143_10.JPEG	1	0	63	63
n03544143_11.JPEG	13	0	63	63
n03544143_12.JPEG	33	0	55	51
n03544143_13.JPEG	10	0	52	63
n03544143_14.JPEG	0	5	45	63
n03544143_15.JPEG	16	8	34	45
n03544143_16.JPEG	1	0	63	63
n03544143_17.JPEG	0	1	7	63
n03544143_18.JPEG	12	0	48	62
n03544143_19.JPEG	43	2	63	62
n03544143_20.JPEG	6	0	40	63
n03544143_21.JPEG	1	0	63	63
n03544143_22.JPEG	22	0	42	63
n03544143_23.JPEG	0	14	14	53
n03544143_24.JPEG	13	0	37	55
n03544143_25.JPEG	0	0	59	63
n03544143_26.JPEG	32	0	63	63
n03544143_27.JPEG	15	0	46	63
n03544143_28.JPEG	1	0	63	63
n03544143_29.JPEG	20	2	43	54
n03544143_30.JPEG	1	0	63	63
n03544143_31.JPEG	0	0	63	63
n03544143_32.JPEG	3	0	63	63
n03544143_33.JPEG	19	0	61	63
n03544143_34.JPEG	8	0	49	63
n03544143_35.JPEG	0	19	27	63
n03544143_36.JPEG	43	17	63	54
n03544143_37.JPEG	0	1	63	63
n03544143_38.JPEG	14	0	47	61
n03544143_39.JPEG	4	0	51	63
n03544143_40.JPEG	3	1	40	63
n03544143_41.JPEG	0	1	39	63
n03544143_42.JPEG	8	0	50	63
n03544143_43.JPEG	21	7	42	57
n03544143_44.JPEG	36	21	60	63
n03544143_45.JPEG	0	0	63	63
n03544143_46.JPEG	15	0	52	63
n03544143_47.JPEG	6	0	29	63
n03544143_48.JPEG	23	2	42	62
n03544143_49.JPEG	0	0	63	63
n03544143_50.JPEG	19	10	40	58
n03544143_51.JPEG	22	0	63	63
n03544143_52.JPEG	1	0	38	63
n03544143_53.JPEG	38	12	58	50
n03544143_54.JPEG	12	0	51	63
n03544143_55.JPEG	4	0	63	63
n03544143_56.JPEG	0	0	30	63
n03544143_57.JPEG	15	15	32	61
n03544143_58.JPEG	2	0	62	63
n03544143_59.JPEG	27	19	36	38
n03544143_60.JPEG	9	0	56	63
n03544143_61.JPEG	28	9	63	61
n03544143_62.JPEG	14	0	63	63
n03544143_63.JPEG	24	0	39	59
n03544143_64.JPEG	18	0	47	63
n03544143_65.JPEG	0	0	58	63
n03544143_66.JPEG	20	6	54	58
n03544143_67.JPEG	36	27	47	62
n03544143_68.JPEG	11	3	53	62
n03544143_69.JPEG	15	10	42	58
n03544143_70.JPEG	18	1	50	63
n03544143_71.JPEG	14	1	63	62
n03544143_72.JPEG	12	17	41	59
n03544143_73.JPEG	12	0	53	63
n03544143_74.JPEG	11	6	46	53
n03544143_75.JPEG	16	0	50	63
n03544143_76.JPEG	0	0	40	63
n03544143_77.JPEG	9	0	59	63
n03544143_78.JPEG	28	0	60	63
n03544143_79.JPEG	0	0	63	63
n03544143_80.JPEG	4	0	58	63
n03544143_81.JPEG	4	0	55	63
n03544143_82.JPEG	6	0	25	63
n03544143_83.JPEG	2	0	34	63
n03544143_84.JPEG	2	0	63	63
n03544143_85.JPEG	25	6	45	61
n03544143_86.JPEG	22	19	43	57
n03544143_87.JPEG	7	0	56	63
n03544143_88.JPEG	22	0	63	63
n03544143_89.JPEG	0	0	55	63
n03544143_90.JPEG	39	0	63	62
n03544143_91.JPEG	15	1	47	58
n03544143_92.JPEG	1	0	57	63
n03544143_93.JPEG	22	14	42	47
n03544143_94.JPEG	0	0	63	63
n03544143_95.JPEG	17	33	34	58
n03544143_96.JPEG	2	1	63	63
n03544143_97.JPEG	45	40	56	63
n03544143_98.JPEG	4	18	13	43
n03544143_99.JPEG	29	0	63	63
n03544143_100.JPEG	23	0	43	32
n03544143_101.JPEG	0	0	32	56
n03544143_102.JPEG	4	6	38	63
n03544143_103.JPEG	0	2	19	56
n03544143_104.JPEG	1	0	63	63
n03544143_105.JPEG	0	0	61	63
n03544143_106.JPEG	16	0	62	61
n03544143_107.JPEG	6	0	30	63
n03544143_108.JPEG	4	0	63	63
n03544143_109.JPEG	7	0	40	48
n03544143_110.JPEG	31	19	36	36
n03544143_111.JPEG	13	0	50	63
n03544143_112.JPEG	21	8	48	60
n03544143_113.JPEG	13	0	51	63
n03544143_114.JPEG	42	0	53	23
n03544143_115.JPEG	45	4	63	45
n03544143_116.JPEG	20	10	45	59
n03544143_117.JPEG	0	5	63	59
n03544143_118.JPEG	21	13	39	54
n03544143_119.JPEG	0	1	21	63
n03544143_120.JPEG	13	1	51	57
n03544143_121.JPEG	14	1	49	63
n03544143_122.JPEG	20	3	47	61
n03544143_123.JPEG	1	0	63	63
n03544143_124.JPEG	42	17	63	63
n03544143_125.JPEG	16	0	63	63
n03544143_126.JPEG	22	17	49	63
n03544143_127.JPEG	11	1	52	63
n03544143_128.JPEG	0	0	63	63
n03544143_129.JPEG	35	7	60	63
n03544143_130.JPEG	3	0	41	63
n03544143_131.JPEG	41	16	63	63
n03544143_132.JPEG	36	7	51	41
n03544143_133.JPEG	0	6	63	57
n03544143_134.JPEG	23	0	43	45
n03544143_135.JPEG	23	1	63	63
n03544143_136.JPEG	11	17	41	63
n03544143_137.JPEG	30	0	55	44
n03544143_138.JPEG	0	0	63	63
n03544143_139.JPEG	1	2	24	51
n03544143_140.JPEG	13	2	30	60
n03544143_141.JPEG	6	1	61	63
n03544143_142.JPEG	0	3	10	39
n03544143_143.JPEG	17	4	48	58
n03544143_144.JPEG	0	3	13	51
n03544143_145.JPEG	9	1	40	63
n03544143_146.JPEG	9	0	45	58
n03544143_147.JPEG	3	0	62	63
n03544143_148.JPEG	9	1	47	63
n03544143_149.JPEG	16	0	53	63
n03544143_150.JPEG	0	1	63	63
n03544143_151.JPEG	12	0	46	63
n03544143_152.JPEG	15	6	46	63
n03544143_153.JPEG	0	0	63	63
n03544143_154.JPEG	36	6	57	63
n03544143_155.JPEG	10	0	57	63
n03544143_156.JPEG	2	0	63	63
n03544143_157.JPEG	18	11	47	55
n03544143_158.JPEG	9	3	55	62
n03544143_159.JPEG	6	0	59	63
n03544143_160.JPEG	16	6	47	63
n03544143_161.JPEG	25	7	39	60
n03544143_162.JPEG	16	6	38	60
n03544143_163.JPEG	25	0	55	61
n03544143_164.JPEG	16	0	49	63
n03544143_165.JPEG	15	0	49	63
n03544143_166.JPEG	2	0	61	63
n03544143_167.JPEG	0	0	63	60
n03544143_168.JPEG	3	0	61	59
n03544143_169.JPEG	15	0	47	63
n03544143_170.JPEG	5	0	63	63
n03544143_171.JPEG	32	1	58	60
n03544143_172.JPEG	7	0	61	62
n03544143_173.JPEG	9	0	59	63
n03544143_174.JPEG	17	0	49	63
n03544143_175.JPEG	22	0	43	62
n03544143_176.JPEG	19	0	51	63
n03544143_177.JPEG	21	29	31	52
n03544143_178.JPEG	7	0	59	63
n03544143_179.JPEG	7	0	54	63
n03544143_180.JPEG	0	0	61	63
n03544143_181.JPEG	34	10	52	61
n03544143_182.JPEG	0	0	63	63
n03544143_183.JPEG	35	5	53	47
n03544143_184.JPEG	24	11	37	55
n03544143_185.JPEG	0	0	63	63
n03544143_186.JPEG	0	1	42	63
n03544143_187.JPEG	11	0	52	63
n03544143_188.JPEG	36	1	63	61
n03544143_189.JPEG	3	0	62	63
n03544143_190.JPEG	14	0	54	63
n03544143_191.JPEG	8	0	56	63
n03544143_192.JPEG	25	6	42	48
n03544143_193.JPEG	27	27	35	52
n03544143_194.JPEG	8	0	53	63
n03544143_195.JPEG	38	7	60	57
n03544143_196.JPEG	22	0	63	42
n03544143_197.JPEG	36	0	55	45
n03544143_198.JPEG	13	0	51	63
n03544143_199.JPEG	0	5	42	63
n03544143_200.JPEG	10	3	55	61
n03544143_201.JPEG	39	27	47	46
n03544143_202.JPEG	8	0	60	63
n03544143_203.JPEG	8	1	41	63
n03544143_204.JPEG	2	0	46	63
n03544143_205.JPEG	12	1	52	63
n03544143_206.JPEG	0	1	63	63
n03544143_207.JPEG	17	16	47	63
n03544143_208.JPEG	19	2	43	56
n03544143_209.JPEG	7	17	29	63
n03544143_210.JPEG	38	27	59	63
n03544143_211.JPEG	19	25	45	63
n03544143_212.JPEG	13	6	46	59
n03544143_213.JPEG	19	10	47	63
n03544143_214.JPEG	27	11	38	55
n03544143_215.JPEG	36	0	63	63
n03544143_216.JPEG	1	0	62	63
n03544143_217.JPEG	22	5	48	58
n03544143_218.JPEG	11	0	55	63
n03544143_219.JPEG	3	0	60	63
n03544143_220.JPEG	26	12	42	45
n03544143_221.JPEG	0	0	60	63
n03544143_222.JPEG	11	0	63	63
n03544143_223.JPEG	0	1	34	63
n03544143_224.JPEG	7	0	55	63
n03544143_225.JPEG	8	0	56	62
n03544143_226.JPEG	18	0	42	59
n03544143_227.JPEG	5	33	18	55
n03544143_228.JPEG	7	12	46	63
n03544143_229.JPEG	6	0	57	63
n03544143_230.JPEG	0	0	63	63
n03544143_231.JPEG	20	5	54	60
n03544143_232.JPEG	20	4	62	55
n03544143_233.JPEG	52	0	63	63
n03544143_234.JPEG	16	0	48	63
n03544143_235.JPEG	10	0	55	63
n03544143_236.JPEG	15	0	47	52
n03544143_237.JPEG	23	1	42	59
n03544143_238.JPEG	1	0	63	63
n03544143_239.JPEG	8	0	58	63
n03544143_240.JPEG	0	0	63	63
n03544143_241.JPEG	14	0	54	63
n03544143_242.JPEG	6	0	61	63
n03544143_243.JPEG	1	0	63	63
n03544143_244.JPEG	1	0	63	63
n03544143_245.JPEG	28	20	56	63
n03544143_246.JPEG	0	0	63	63
n03544143_247.JPEG	19	0	42	58
n03544143_248.JPEG	34	0	63	63
n03544143_249.JPEG	19	4	46	62
n03544143_250.JPEG	6	0	58	63
n03544143_251.JPEG	7	0	60	63
n03544143_252.JPEG	26	14	44	51
n03544143_253.JPEG	7	0	57	63
n03544143_254.JPEG	19	12	30	51
n03544143_255.JPEG	19	0	45	63
n03544143_256.JPEG	0	17	41	63
n03544143_257.JPEG	32	23	60	63
n03544143_258.JPEG	0	0	45	63
n03544143_259.JPEG	8	0	59	63
n03544143_260.JPEG	0	0	63	63
n03544143_261.JPEG	37	16	54	51
n03544143_262.JPEG	0	8	40	57
n03544143_263.JPEG	0	0	59	63
n03544143_264.JPEG	21	3	43	56
n03544143_265.JPEG	11	6	39	63
n03544143_266.JPEG	31	0	63	63
n03544143_267.JPEG	10	0	26	31
n03544143_268.JPEG	10	0	56	63
n03544143_269.JPEG	1	2	61	63
n03544143_270.JPEG	29	26	45	53
n03544143_271.JPEG	23	0	51	63
n03544143_272.JPEG	36	44	48	63
n03544143_273.JPEG	18	0	45	63
n03544143_274.JPEG	24	1	42	63
n03544143_275.JPEG	5	0	63	63
n03544143_276.JPEG	31	0	54	63
n03544143_277.JPEG	19	6	62	59
n03544143_278.JPEG	10	0	54	63
n03544143_279.JPEG	10	3	63	63
n03544143_280.JPEG	31	7	63	60
n03544143_281.JPEG	0	2	16	42
n03544143_282.JPEG	4	0	59	63
n03544143_283.JPEG	32	10	55	55
n03544143_284.JPEG	0	0	55	63
n03544143_285.JPEG	6	1	36	62
n03544143_286.JPEG	1	1	59	61
n03544143_287.JPEG	10	15	25	47
n03544143_288.JPEG	0	0	63	63
n03544143_289.JPEG	25	4	63	62
n03544143_290.JPEG	8	0	43	63
n03544143_291.JPEG	13	0	55	63
n03544143_292.JPEG	0	1	63	63
n03544143_293.JPEG	16	29	21	38
n03544143_294.JPEG	4	0	58	63
n03544143_295.JPEG	2	0	63	63
n03544143_296.JPEG	27	3	37	54
n03544143_297.JPEG	12	0	42	63
n03544143_298.JPEG	24	0	47	63
n03544143_299.JPEG	34	0	63	63
n03544143_300.JPEG	18	0	48	63
n03544143_301.JPEG	14	0	46	63
n03544143_302.JPEG	17	0	46	63
n03544143_303.JPEG	52	0	63	42
n03544143_304.JPEG	9	0	51	63
n03544143_305.JPEG	6	0	58	63
n03544143_306.JPEG	0	0	63	63
n03544143_307.JPEG	0	0	63	63
n03544143_308.JPEG	15	0	50	63
n03544143_309.JPEG	16	6	45	63
n03544143_310.JPEG	28	0	43	63
n03544143_311.JPEG	16	8	45	59
n03544143_312.JPEG	0	0	63	63
n03544143_313.JPEG	23	20	32	49
n03544143_314.JPEG	22	1	41	57
n03544143_315.JPEG	37	5	60	60
n03544143_316.JPEG	17	1	42	63
n03544143_317.JPEG	0	3	18	62
n03544143_318.JPEG	33	0	63	63
n03544143_319.JPEG	3	0	57	63
n03544143_320.JPEG	33	12	55	50
n03544143_321.JPEG	1	0	45	63
n03544143_322.JPEG	0	1	63	63
n03544143_323.JPEG	19	0	47	63
n03544143_324.JPEG	9	4	48	58
n03544143_325.JPEG	1	0	63	63
n03544143_326.JPEG	8	18	20	42
n03544143_327.JPEG	24	8	41	54
n03544143_328.JPEG	21	4	43	58
n03544143_329.JPEG	27	14	46	58
n03544143_330.JPEG	14	6	50	62
n03544143_331.JPEG	9	0	56	63
n03544143_332.JPEG	0	0	63	63
n03544143_333.JPEG	22	9	43	57
n03544143_334.JPEG	29	7	45	53
n03544143_335.JPEG	26	17	38	50
n03544143_336.JPEG	3	0	61	63
n03544143_337.JPEG	2	0	61	63
n03544143_338.JPEG	1	0	63	63
n03544143_339.JPEG	0	17	16	51
n03544143_340.JPEG	1	0	63	63
n03544143_341.JPEG	18	0	49	53
n03544143_342.JPEG	0	0	61	63
n03544143_343.JPEG	1	0	63	63
n03544143_344.JPEG	23	0	42	37
n03544143_345.JPEG	0	10	21	53
n03544143_346.JPEG	0	0	41	62
n03544143_347.JPEG	5	0	49	63
n03544143_348.JPEG	21	4	63	60
n03544143_349.JPEG	28	15	47	43
n03544143_350.JPEG	6	4	37	61
n03544143_351.JPEG	22	1	45	45
n03544143_352.JPEG	6	0	63	62
n03544143_353.JPEG	0	12	20	59
n03544143_354.JPEG	0	0	63	63
n03544143_355.JPEG	0	1	63	63
n03544143_356.JPEG	3	0	58	63
n03544143_357.JPEG	17	0	47	63
n03544143_358.JPEG	48	17	63	61
n03544143_359.JPEG	3	0	62	63
n03544143_360.JPEG	15	0	50	63
n03544143_361.JPEG	3	0	50	60
n03544143_362.JPEG	0	0	63	63
n03544143_363.JPEG	0	0	63	63
n03544143_364.JPEG	0	23	14	58
n03544143_365.JPEG	27	8	37	63
n03544143_366.JPEG	16	6	44	62
n03544143_367.JPEG	5	0	61	63
n03544143_368.JPEG	10	0	63	63
n03544143_369.JPEG	22	21	63	56
n03544143_370.JPEG	3	0	61	63
n03544143_371.JPEG	45	9	63	63
n03544143_372.JPEG	7	4	31	63
n03544143_373.JPEG	15	11	47	63
n03544143_374.JPEG	17	0	44	63
n03544143_375.JPEG	5	0	57	63
n03544143_376.JPEG	6	0	59	63
n03544143_377.JPEG	0	18	63	62
n03544143_378.JPEG	0	0	39	63
n03544143_379.JPEG	1	0	63	63
n03544143_380.JPEG	3	3	33	63
n03544143_381.JPEG	11	0	36	63
n03544143_382.JPEG	9	0	58	63
n03544143_383.JPEG	0	10	63	63
n03544143_384.JPEG	25	11	34	51
n03544143_385.JPEG	0	0	50	63
n03544143_386.JPEG	12	10	42	52
n03544143_387.JPEG	41	2	57	52
n03544143_388.JPEG	0	0	63	63
n03544143_389.JPEG	33	0	62	63
n03544143_390.JPEG	3	0	61	63
n03544143_391.JPEG	11	0	53	63
n03544143_392.JPEG	18	4	40	63
n03544143_393.JPEG	0	2	43	63
n03544143_394.JPEG	26	0	63	63
n03544143_395.JPEG	28	14	63	63
n03544143_396.JPEG	16	0	48	63
n03544143_397.JPEG	5	0	57	63
n03544143_398.JPEG	26	0	50	63
n03544143_399.JPEG	27	26	41	53
n03544143_400.JPEG	0	0	63	63
n03544143_401.JPEG	23	0	46	59
n03544143_402.JPEG	3	0	62	63
n03544143_403.JPEG	20	6	40	63
n03544143_404.JPEG	0	0	63	63
n03544143_405.JPEG	10	0	31	63
n03544143_406.JPEG	18	10	45	60
n03544143_407.JPEG	11	0	55	63
n03544143_408.JPEG	21	0	54	63
n03544143_409.JPEG	19	3	49	57
n03544143_410.JPEG	20	21	34	46
n03544143_411.JPEG	0	1	63	63
n03544143_412.JPEG	36	6	61	55
n03544143_413.JPEG	2	0	61	63
n03544143_414.JPEG	4	0	63	63
n03544143_415.JPEG	10	13	52	62
n03544143_416.JPEG	29	9	50	47
n03544143_417.JPEG	13	0	51	63
n03544143_418.JPEG	20	31	42	63
n03544143_419.JPEG	38	0	63	48
n03544143_420.JPEG	11	0	54	63
n03544143_421.JPEG	15	0	51	63
n03544143_422.JPEG	4	0	54	63
n03544143_423.JPEG	12	9	63	63
n03544143_424.JPEG	1	0	43	51
n03544143_425.JPEG	3	17	19	47
n03544143_426.JPEG	3	2	27	62
n03544143_427.JPEG	3	0	55	57
n03544143_428.JPEG	6	0	38	34
n03544143_429.JPEG	12	0	50	63
n03544143_430.JPEG	18	0	47	63
n03544143_431.JPEG	6	3	56	63
n03544143_432.JPEG	17	3	47	60
n03544143_433.JPEG	0	0	63	63
n03544143_434.JPEG	7	1	60	55
n03544143_435.JPEG	25	11	41	53
n03544143_436.JPEG	1	0	63	63
n03544143_437.JPEG	1	3	33	61
n03544143_438.JPEG	13	0	51	63
n03544143_439.JPEG	12	16	38	47
n03544143_440.JPEG	31	0	53	42
n03544143_441.JPEG	21	9	42	56
n03544143_442.JPEG	0	2	27	63
n03544143_443.JPEG	20	29	42	63
n03544143_444.JPEG	17	0	54	63
n03544143_445.JPEG	1	1	60	63
n03544143_446.JPEG	16	0	50	63
n03544143_447.JPEG	9	0	50	63
n03544143_448.JPEG	7	0	55	63
n03544143_449.JPEG	41	0	59	58
n03544143_450.JPEG	7	0	63	63
n03544143_451.JPEG	17	0	57	63
n03544143_452.JPEG	5	1	60	63
n03544143_453.JPEG	7	0	60	63
n03544143_454.JPEG	15	0	53	63
n03544143_455.JPEG	18	0	46	63
n03544143_456.JPEG	40	11	63	53
n03544143_457.JPEG	9	0	52	63
n03544143_458.JPEG	8	0	60	63
n03544143_459.JPEG	5	11	58	57
n03544143_460.JPEG	5	0	58	63
n03544143_461.JPEG	2	0	32	63
n03544143_462.JPEG	0	5	63	63
n03544143_463.JPEG	6	0	62	63
n03544143_464.JPEG	27	5	39	63
n03544143_465.JPEG	11	0	63	63
n03544143_466.JPEG	0	0	63	63
n03544143_467.JPEG	8	0	55	63
n03544143_468.JPEG	12	1	48	57
n03544143_469.JPEG	0	0	63	63
n03544143_470.JPEG	26	1	39	38
n03544143_471.JPEG	28	0	62	57
n03544143_472.JPEG	6	0	57	63
n03544143_473.JPEG	2	0	47	63
n03544143_474.JPEG	0	0	63	63
n03544143_475.JPEG	11	0	63	63
n03544143_476.JPEG	14	0	50	63
n03544143_477.JPEG	1	0	33	63
n03544143_478.JPEG	35	1	59	63
n03544143_479.JPEG	15	13	43	57
n03544143_480.JPEG	18	4	48	47
n03544143_481.JPEG	10	0	52	63
n03544143_482.JPEG	0	5	3	31
n03544143_483.JPEG	20	7	41	63
n03544143_484.JPEG	18	2	49	58
n03544143_485.JPEG	3	1	43	61
n03544143_486.JPEG	21	0	44	61
n03544143_487.JPEG	0	0	60	63
n03544143_488.JPEG	2	0	62	63
n03544143_489.JPEG	11	0	54	62
n03544143_490.JPEG	0	0	63	63
n03544143_491.JPEG	24	7	42	47
n03544143_492.JPEG	15	0	50	63
n03544143_493.JPEG	19	0	63	63
n03544143_494.JPEG	14	1	52	63
n03544143_495.JPEG	5	0	28	50
n03544143_496.JPEG	0	2	26	57
n03544143_497.JPEG	19	4	44	63
n03544143_498.JPEG	19	10	40	52
n03544143_499.JPEG	23	30	34	51
