n03838899_0.JPEG	30	17	37	56
n03838899_1.JPEG	15	6	26	63
n03838899_2.JPEG	28	0	37	63
n03838899_3.JPEG	4	24	37	63
n03838899_4.JPEG	24	25	63	63
n03838899_5.JPEG	46	18	52	55
n03838899_6.JPEG	0	42	63	62
n03838899_7.JPEG	29	3	39	63
n03838899_8.JPEG	24	0	60	63
n03838899_9.JPEG	6	0	61	63
n03838899_10.JPEG	30	9	37	43
n03838899_11.JPEG	0	24	63	51
n03838899_12.JPEG	33	0	51	35
n03838899_13.JPEG	4	8	38	51
n03838899_14.JPEG	41	33	63	51
n03838899_15.JPEG	0	0	61	63
n03838899_16.JPEG	0	3	63	63
n03838899_17.JPEG	10	14	31	43
n03838899_18.JPEG	0	7	63	54
n03838899_19.JPEG	18	22	53	63
n03838899_20.JPEG	0	4	63	62
n03838899_21.JPEG	0	17	63	53
n03838899_22.JPEG	5	19	16	60
n03838899_23.JPEG	0	26	63	59
n03838899_24.JPEG	6	33	15	63
n03838899_25.JPEG	0	12	63	58
n03838899_26.JPEG	8	1	49	63
n03838899_27.JPEG	0	25	63	38
n03838899_28.JPEG	30	20	62	59
n03838899_29.JPEG	30	11	59	37
n03838899_30.JPEG	39	0	63	63
n03838899_31.JPEG	1	22	63	50
n03838899_32.JPEG	2	0	16	63
n03838899_33.JPEG	0	17	63	45
n03838899_34.JPEG	6	15	17	63
n03838899_35.JPEG	9	30	48	63
n03838899_36.JPEG	17	0	49	63
n03838899_37.JPEG	0	4	63	58
n03838899_38.JPEG	45	22	54	63
n03838899_39.JPEG	24	20	35	40
n03838899_40.JPEG	0	27	47	42
n03838899_41.JPEG	0	16	63	60
n03838899_42.JPEG	58	19	62	63
n03838899_43.JPEG	1	0	63	63
n03838899_44.JPEG	42	17	51	41
n03838899_45.JPEG	11	0	56	63
n03838899_46.JPEG	22	7	32	50
n03838899_47.JPEG	14	0	47	63
n03838899_48.JPEG	0	6	63	32
n03838899_49.JPEG	34	21	53	60
n03838899_50.JPEG	36	1	42	57
n03838899_51.JPEG	0	6	63	63
n03838899_52.JPEG	0	42	63	51
n03838899_53.JPEG	23	0	31	63
n03838899_54.JPEG	45	30	58	42
n03838899_55.JPEG	0	3	63	63
n03838899_56.JPEG	5	30	53	63
n03838899_57.JPEG	1	0	49	63
n03838899_58.JPEG	21	0	56	63
n03838899_59.JPEG	3	0	63	35
n03838899_60.JPEG	22	22	59	63
n03838899_61.JPEG	18	39	28	58
n03838899_62.JPEG	23	0	40	63
n03838899_63.JPEG	28	23	63	46
n03838899_64.JPEG	4	8	43	40
n03838899_65.JPEG	31	0	50	62
n03838899_66.JPEG	0	36	15	63
n03838899_67.JPEG	29	4	49	42
n03838899_68.JPEG	13	12	23	28
n03838899_69.JPEG	5	0	63	63
n03838899_70.JPEG	0	0	63	63
n03838899_71.JPEG	17	27	52	58
n03838899_72.JPEG	0	17	4	61
n03838899_73.JPEG	6	12	56	55
n03838899_74.JPEG	25	17	46	63
n03838899_75.JPEG	22	1	33	62
n03838899_76.JPEG	0	1	63	60
n03838899_77.JPEG	23	25	63	63
n03838899_78.JPEG	0	17	38	63
n03838899_79.JPEG	17	6	31	38
n03838899_80.JPEG	0	15	63	62
n03838899_81.JPEG	26	26	42	57
n03838899_82.JPEG	29	7	37	36
n03838899_83.JPEG	0	5	63	63
n03838899_84.JPEG	0	8	63	51
n03838899_85.JPEG	0	0	63	63
n03838899_86.JPEG	41	29	52	63
n03838899_87.JPEG	1	0	61	63
n03838899_88.JPEG	13	25	30	33
n03838899_89.JPEG	0	29	50	63
n03838899_90.JPEG	26	25	40	63
n03838899_91.JPEG	36	25	44	62
n03838899_92.JPEG	1	8	38	45
n03838899_93.JPEG	29	15	62	61
n03838899_94.JPEG	11	25	48	47
n03838899_95.JPEG	9	0	57	63
n03838899_96.JPEG	0	8	63	58
n03838899_97.JPEG	39	30	57	63
n03838899_98.JPEG	3	20	33	60
n03838899_99.JPEG	1	26	41	63
n03838899_100.JPEG	23	13	32	63
n03838899_101.JPEG	0	6	63	46
n03838899_102.JPEG	25	39	31	63
n03838899_103.JPEG	0	17	40	39
n03838899_104.JPEG	41	22	53	49
n03838899_105.JPEG	33	15	56	63
n03838899_106.JPEG	3	0	56	59
n03838899_107.JPEG	1	31	63	63
n03838899_108.JPEG	42	18	49	63
n03838899_109.JPEG	17	18	37	58
n03838899_110.JPEG	0	13	30	46
n03838899_111.JPEG	31	18	63	63
n03838899_112.JPEG	0	0	63	63
n03838899_113.JPEG	38	26	51	63
n03838899_114.JPEG	11	0	52	63
n03838899_115.JPEG	0	19	63	52
n03838899_116.JPEG	5	0	59	63
n03838899_117.JPEG	17	23	63	41
n03838899_118.JPEG	48	19	62	34
n03838899_119.JPEG	33	22	50	62
n03838899_120.JPEG	29	16	52	39
n03838899_121.JPEG	37	26	47	63
n03838899_122.JPEG	21	13	63	49
n03838899_123.JPEG	34	0	58	63
n03838899_124.JPEG	0	18	51	31
n03838899_125.JPEG	26	27	45	63
n03838899_126.JPEG	12	0	48	63
n03838899_127.JPEG	0	34	63	52
n03838899_128.JPEG	8	0	59	63
n03838899_129.JPEG	0	5	63	41
n03838899_130.JPEG	0	35	63	47
n03838899_131.JPEG	0	1	63	63
n03838899_132.JPEG	20	30	47	63
n03838899_133.JPEG	11	1	24	63
n03838899_134.JPEG	21	19	34	29
n03838899_135.JPEG	21	18	32	63
n03838899_136.JPEG	29	31	50	63
n03838899_137.JPEG	4	2	56	63
n03838899_138.JPEG	37	24	59	63
n03838899_139.JPEG	13	0	63	60
n03838899_140.JPEG	2	21	27	63
n03838899_141.JPEG	3	0	52	63
n03838899_142.JPEG	15	19	22	37
n03838899_143.JPEG	11	27	35	63
n03838899_144.JPEG	0	7	63	63
n03838899_145.JPEG	3	28	63	63
n03838899_146.JPEG	21	0	58	63
n03838899_147.JPEG	7	63	8	63
n03838899_148.JPEG	0	35	48	63
n03838899_149.JPEG	0	1	63	63
n03838899_150.JPEG	30	19	38	56
n03838899_151.JPEG	7	33	33	63
n03838899_152.JPEG	0	1	63	61
n03838899_153.JPEG	28	10	34	63
n03838899_154.JPEG	38	27	46	63
n03838899_155.JPEG	35	11	50	29
n03838899_156.JPEG	0	0	63	63
n03838899_157.JPEG	17	45	44	63
n03838899_158.JPEG	35	17	41	62
n03838899_159.JPEG	5	45	63	53
n03838899_160.JPEG	31	26	42	33
n03838899_161.JPEG	0	11	63	56
n03838899_162.JPEG	37	0	58	63
n03838899_163.JPEG	12	12	28	63
n03838899_164.JPEG	16	7	25	63
n03838899_165.JPEG	36	0	47	63
n03838899_166.JPEG	0	19	63	48
n03838899_167.JPEG	22	22	63	40
n03838899_168.JPEG	20	0	28	63
n03838899_169.JPEG	24	22	37	32
n03838899_170.JPEG	7	0	32	63
n03838899_171.JPEG	0	13	46	63
n03838899_172.JPEG	41	46	55	63
n03838899_173.JPEG	18	24	39	62
n03838899_174.JPEG	14	0	54	63
n03838899_175.JPEG	5	24	12	30
n03838899_176.JPEG	0	6	63	54
n03838899_177.JPEG	0	3	63	57
n03838899_178.JPEG	13	20	27	57
n03838899_179.JPEG	0	1	63	60
n03838899_180.JPEG	29	0	39	63
n03838899_181.JPEG	0	0	59	63
n03838899_182.JPEG	15	49	62	58
n03838899_183.JPEG	3	30	46	63
n03838899_184.JPEG	0	0	62	63
n03838899_185.JPEG	21	25	34	63
n03838899_186.JPEG	15	28	39	63
n03838899_187.JPEG	0	16	63	44
n03838899_188.JPEG	50	3	63	63
n03838899_189.JPEG	16	0	52	63
n03838899_190.JPEG	0	6	63	62
n03838899_191.JPEG	38	55	47	63
n03838899_192.JPEG	0	5	63	60
n03838899_193.JPEG	16	5	38	37
n03838899_194.JPEG	0	0	63	63
n03838899_195.JPEG	38	26	46	53
n03838899_196.JPEG	7	9	37	47
n03838899_197.JPEG	0	1	0	60
n03838899_198.JPEG	29	6	44	63
n03838899_199.JPEG	0	18	30	59
n03838899_200.JPEG	20	0	55	63
n03838899_201.JPEG	1	20	34	63
n03838899_202.JPEG	12	0	49	63
n03838899_203.JPEG	26	0	40	63
n03838899_204.JPEG	16	31	21	41
n03838899_205.JPEG	36	19	63	63
n03838899_206.JPEG	0	41	1	63
n03838899_207.JPEG	28	14	35	63
n03838899_208.JPEG	23	17	53	63
n03838899_209.JPEG	31	26	53	63
n03838899_210.JPEG	2	0	62	63
n03838899_211.JPEG	2	51	45	61
n03838899_212.JPEG	3	0	26	63
n03838899_213.JPEG	0	1	63	63
n03838899_214.JPEG	6	31	31	63
n03838899_215.JPEG	6	22	44	63
n03838899_216.JPEG	24	18	43	39
n03838899_217.JPEG	40	16	53	35
n03838899_218.JPEG	0	41	27	63
n03838899_219.JPEG	28	0	37	63
n03838899_220.JPEG	9	22	44	54
n03838899_221.JPEG	25	34	63	55
n03838899_222.JPEG	25	1	35	61
n03838899_223.JPEG	0	27	63	41
n03838899_224.JPEG	3	0	25	63
n03838899_225.JPEG	38	14	48	63
n03838899_226.JPEG	0	4	63	63
n03838899_227.JPEG	25	0	38	63
n03838899_228.JPEG	1	6	63	41
n03838899_229.JPEG	9	15	20	63
n03838899_230.JPEG	3	0	63	63
n03838899_231.JPEG	24	18	41	28
n03838899_232.JPEG	46	11	52	29
n03838899_233.JPEG	45	22	63	56
n03838899_234.JPEG	30	0	37	63
n03838899_235.JPEG	34	0	63	63
n03838899_236.JPEG	21	11	32	61
n03838899_237.JPEG	0	2	63	62
n03838899_238.JPEG	0	40	63	59
n03838899_239.JPEG	0	0	55	63
n03838899_240.JPEG	0	8	10	63
n03838899_241.JPEG	0	39	63	58
n03838899_242.JPEG	18	25	63	63
n03838899_243.JPEG	28	24	34	63
n03838899_244.JPEG	3	37	41	63
n03838899_245.JPEG	0	15	63	27
n03838899_246.JPEG	4	14	62	48
n03838899_247.JPEG	20	22	29	38
n03838899_248.JPEG	0	3	63	58
n03838899_249.JPEG	25	0	34	63
n03838899_250.JPEG	29	10	39	63
n03838899_251.JPEG	38	28	42	63
n03838899_252.JPEG	27	15	30	59
n03838899_253.JPEG	51	13	63	31
n03838899_254.JPEG	0	0	63	61
n03838899_255.JPEG	29	11	38	46
n03838899_256.JPEG	22	32	51	43
n03838899_257.JPEG	0	0	10	63
n03838899_258.JPEG	11	15	42	63
n03838899_259.JPEG	36	0	50	63
n03838899_260.JPEG	5	9	31	48
n03838899_261.JPEG	0	16	63	60
n03838899_262.JPEG	0	5	63	58
n03838899_263.JPEG	0	20	20	41
n03838899_264.JPEG	0	10	47	63
n03838899_265.JPEG	0	0	49	63
n03838899_266.JPEG	14	21	43	63
n03838899_267.JPEG	11	33	35	63
n03838899_268.JPEG	35	12	63	63
n03838899_269.JPEG	0	0	63	62
n03838899_270.JPEG	32	19	52	52
n03838899_271.JPEG	0	25	63	43
n03838899_272.JPEG	9	0	62	63
n03838899_273.JPEG	1	0	63	63
n03838899_274.JPEG	0	25	3	63
n03838899_275.JPEG	30	17	53	46
n03838899_276.JPEG	62	24	63	39
n03838899_277.JPEG	2	27	39	60
n03838899_278.JPEG	30	27	38	35
n03838899_279.JPEG	28	38	63	53
n03838899_280.JPEG	10	8	45	63
n03838899_281.JPEG	1	2	62	63
n03838899_282.JPEG	36	19	48	50
n03838899_283.JPEG	0	20	63	56
n03838899_284.JPEG	8	5	60	63
n03838899_285.JPEG	20	0	32	63
n03838899_286.JPEG	22	13	28	50
n03838899_287.JPEG	26	32	36	63
n03838899_288.JPEG	1	0	63	63
n03838899_289.JPEG	1	0	33	63
n03838899_290.JPEG	0	13	63	60
n03838899_291.JPEG	2	26	24	55
n03838899_292.JPEG	12	7	57	61
n03838899_293.JPEG	0	0	63	63
n03838899_294.JPEG	7	18	63	63
n03838899_295.JPEG	0	5	63	63
n03838899_296.JPEG	30	33	47	42
n03838899_297.JPEG	29	0	48	63
n03838899_298.JPEG	22	0	35	63
n03838899_299.JPEG	0	2	63	61
n03838899_300.JPEG	16	28	32	63
n03838899_301.JPEG	31	9	38	60
n03838899_302.JPEG	0	1	63	63
n03838899_303.JPEG	0	1	63	63
n03838899_304.JPEG	9	0	55	63
n03838899_305.JPEG	0	23	63	40
n03838899_306.JPEG	6	8	35	63
n03838899_307.JPEG	14	0	63	42
n03838899_308.JPEG	0	16	0	38
n03838899_309.JPEG	14	8	19	63
n03838899_310.JPEG	16	18	35	63
n03838899_311.JPEG	20	22	63	63
n03838899_312.JPEG	23	17	49	42
n03838899_313.JPEG	0	24	53	63
n03838899_314.JPEG	6	0	48	63
n03838899_315.JPEG	22	14	59	63
n03838899_316.JPEG	13	31	63	63
n03838899_317.JPEG	0	3	62	57
n03838899_318.JPEG	5	0	55	63
n03838899_319.JPEG	22	6	52	54
n03838899_320.JPEG	0	0	63	59
n03838899_321.JPEG	0	25	61	61
n03838899_322.JPEG	25	30	63	63
n03838899_323.JPEG	18	14	44	43
n03838899_324.JPEG	10	22	55	63
n03838899_325.JPEG	19	0	32	55
n03838899_326.JPEG	51	22	63	33
n03838899_327.JPEG	11	0	43	63
n03838899_328.JPEG	7	29	36	63
n03838899_329.JPEG	15	22	48	63
n03838899_330.JPEG	30	24	40	63
n03838899_331.JPEG	0	1	63	63
n03838899_332.JPEG	0	0	63	63
n03838899_333.JPEG	28	35	39	63
n03838899_334.JPEG	5	0	59	63
n03838899_335.JPEG	23	28	55	63
n03838899_336.JPEG	23	0	52	63
n03838899_337.JPEG	0	10	7	63
n03838899_338.JPEG	0	0	63	63
n03838899_339.JPEG	4	0	63	63
n03838899_340.JPEG	39	16	58	53
n03838899_341.JPEG	26	0	40	63
n03838899_342.JPEG	10	22	44	63
n03838899_343.JPEG	0	0	63	58
n03838899_344.JPEG	12	0	44	63
n03838899_345.JPEG	0	4	63	55
n03838899_346.JPEG	43	14	60	63
n03838899_347.JPEG	0	2	13	63
n03838899_348.JPEG	29	42	36	63
n03838899_349.JPEG	21	14	42	63
n03838899_350.JPEG	29	33	46	63
n03838899_351.JPEG	0	8	63	47
n03838899_352.JPEG	30	43	62	63
n03838899_353.JPEG	0	27	63	48
n03838899_354.JPEG	7	0	51	62
n03838899_355.JPEG	11	1	21	63
n03838899_356.JPEG	0	5	63	59
n03838899_357.JPEG	7	0	48	63
n03838899_358.JPEG	0	3	63	61
n03838899_359.JPEG	25	2	38	41
n03838899_360.JPEG	14	1	60	61
n03838899_361.JPEG	3	28	34	63
n03838899_362.JPEG	0	39	63	56
n03838899_363.JPEG	21	23	32	63
n03838899_364.JPEG	59	32	63	46
n03838899_365.JPEG	25	16	42	49
n03838899_366.JPEG	25	0	34	63
n03838899_367.JPEG	21	0	46	60
n03838899_368.JPEG	39	36	58	63
n03838899_369.JPEG	39	43	63	63
n03838899_370.JPEG	29	0	35	63
n03838899_371.JPEG	24	22	63	63
n03838899_372.JPEG	18	21	55	45
n03838899_373.JPEG	16	23	54	63
n03838899_374.JPEG	7	0	55	63
n03838899_375.JPEG	36	18	54	40
n03838899_376.JPEG	4	5	47	63
n03838899_377.JPEG	0	23	63	48
n03838899_378.JPEG	18	24	26	62
n03838899_379.JPEG	34	40	62	63
n03838899_380.JPEG	0	40	63	52
n03838899_381.JPEG	0	1	63	57
n03838899_382.JPEG	0	26	43	61
n03838899_383.JPEG	0	0	63	63
n03838899_384.JPEG	10	17	50	63
n03838899_385.JPEG	34	20	55	63
n03838899_386.JPEG	20	0	49	63
n03838899_387.JPEG	24	48	29	63
n03838899_388.JPEG	13	26	20	63
n03838899_389.JPEG	0	1	63	63
n03838899_390.JPEG	0	9	63	55
n03838899_391.JPEG	10	33	13	60
n03838899_392.JPEG	0	5	63	59
n03838899_393.JPEG	44	0	62	63
n03838899_394.JPEG	11	11	59	21
n03838899_395.JPEG	26	1	36	63
n03838899_396.JPEG	15	32	57	46
n03838899_397.JPEG	21	4	38	42
n03838899_398.JPEG	35	11	56	63
n03838899_399.JPEG	37	26	55	63
n03838899_400.JPEG	18	0	52	63
n03838899_401.JPEG	2	0	57	63
n03838899_402.JPEG	0	5	63	42
n03838899_403.JPEG	4	0	63	63
n03838899_404.JPEG	37	0	56	63
n03838899_405.JPEG	30	0	38	63
n03838899_406.JPEG	52	31	63	63
n03838899_407.JPEG	16	0	47	63
n03838899_408.JPEG	2	0	24	63
n03838899_409.JPEG	37	39	47	63
n03838899_410.JPEG	1	0	62	63
n03838899_411.JPEG	20	0	54	63
n03838899_412.JPEG	26	21	37	41
n03838899_413.JPEG	14	43	32	63
n03838899_414.JPEG	50	11	56	38
n03838899_415.JPEG	0	35	63	57
n03838899_416.JPEG	12	0	57	63
n03838899_417.JPEG	5	0	63	63
n03838899_418.JPEG	2	0	61	63
n03838899_419.JPEG	17	20	63	56
n03838899_420.JPEG	0	4	45	44
n03838899_421.JPEG	0	19	63	39
n03838899_422.JPEG	39	4	51	63
n03838899_423.JPEG	24	0	37	63
n03838899_424.JPEG	50	41	63	63
n03838899_425.JPEG	0	18	43	40
n03838899_426.JPEG	0	0	63	63
n03838899_427.JPEG	55	40	63	50
n03838899_428.JPEG	20	26	49	60
n03838899_429.JPEG	20	15	24	53
n03838899_430.JPEG	13	18	48	63
n03838899_431.JPEG	0	13	41	32
n03838899_432.JPEG	4	25	16	37
n03838899_433.JPEG	26	0	35	63
n03838899_434.JPEG	21	20	63	63
n03838899_435.JPEG	18	25	28	56
n03838899_436.JPEG	2	0	59	63
n03838899_437.JPEG	27	19	35	39
n03838899_438.JPEG	25	36	45	63
n03838899_439.JPEG	25	17	38	63
n03838899_440.JPEG	9	0	59	63
n03838899_441.JPEG	1	27	63	53
n03838899_442.JPEG	0	28	63	40
n03838899_443.JPEG	31	0	49	63
n03838899_444.JPEG	0	7	63	57
n03838899_445.JPEG	22	27	47	63
n03838899_446.JPEG	0	2	63	59
n03838899_447.JPEG	18	3	27	34
n03838899_448.JPEG	1	0	63	63
n03838899_449.JPEG	8	10	55	63
n03838899_450.JPEG	22	22	57	38
n03838899_451.JPEG	10	32	63	45
n03838899_452.JPEG	12	0	63	63
n03838899_453.JPEG	28	31	63	63
n03838899_454.JPEG	29	27	48	63
n03838899_455.JPEG	0	30	63	63
n03838899_456.JPEG	0	23	63	43
n03838899_457.JPEG	15	20	52	59
n03838899_458.JPEG	1	0	55	63
n03838899_459.JPEG	41	25	63	55
n03838899_460.JPEG	35	0	50	63
n03838899_461.JPEG	20	0	44	63
n03838899_462.JPEG	24	10	55	63
n03838899_463.JPEG	0	1	63	63
n03838899_464.JPEG	0	0	63	63
n03838899_465.JPEG	14	32	47	63
n03838899_466.JPEG	11	0	59	59
n03838899_467.JPEG	40	24	63	54
n03838899_468.JPEG	43	29	63	63
n03838899_469.JPEG	32	22	62	63
n03838899_470.JPEG	24	24	47	63
n03838899_471.JPEG	31	35	63	63
n03838899_472.JPEG	33	25	45	63
n03838899_473.JPEG	0	35	63	44
n03838899_474.JPEG	0	8	63	61
n03838899_475.JPEG	10	15	42	63
n03838899_476.JPEG	28	19	37	59
n03838899_477.JPEG	30	24	37	63
n03838899_478.JPEG	20	3	49	56
n03838899_479.JPEG	0	28	63	36
n03838899_480.JPEG	2	0	60	63
n03838899_481.JPEG	30	24	39	46
n03838899_482.JPEG	0	10	63	63
n03838899_483.JPEG	0	0	63	38
n03838899_484.JPEG	7	14	34	63
n03838899_485.JPEG	0	5	63	44
n03838899_486.JPEG	15	18	56	63
n03838899_487.JPEG	9	8	28	55
n03838899_488.JPEG	33	20	56	46
n03838899_489.JPEG	30	0	40	63
n03838899_490.JPEG	21	0	46	63
n03838899_491.JPEG	39	28	57	58
n03838899_492.JPEG	0	2	63	63
n03838899_493.JPEG	0	42	57	63
n03838899_494.JPEG	14	0	27	24
n03838899_495.JPEG	17	0	54	63
n03838899_496.JPEG	4	0	51	63
n03838899_497.JPEG	13	30	63	57
n03838899_498.JPEG	50	0	63	63
n03838899_499.JPEG	0	0	63	59
