n01945685_0.JPEG	0	1	42	38
n01945685_1.JPEG	0	1	63	63
n01945685_2.JPEG	16	10	63	30
n01945685_3.JPEG	28	17	35	47
n01945685_4.JPEG	30	26	52	45
n01945685_5.JPEG	1	20	63	50
n01945685_6.JPEG	0	1	58	49
n01945685_7.JPEG	30	21	37	31
n01945685_8.JPEG	17	25	46	32
n01945685_9.JPEG	10	21	31	34
n01945685_10.JPEG	5	11	63	53
n01945685_11.JPEG	22	26	33	55
n01945685_12.JPEG	0	4	63	62
n01945685_13.JPEG	3	29	63	48
n01945685_14.JPEG	18	9	54	61
n01945685_15.JPEG	0	34	54	43
n01945685_16.JPEG	25	31	46	50
n01945685_17.JPEG	19	25	48	49
n01945685_18.JPEG	18	10	63	52
n01945685_19.JPEG	4	11	38	56
n01945685_20.JPEG	0	15	63	46
n01945685_21.JPEG	20	6	43	47
n01945685_22.JPEG	21	38	37	47
n01945685_23.JPEG	1	17	63	41
n01945685_24.JPEG	0	0	63	63
n01945685_25.JPEG	0	19	51	48
n01945685_26.JPEG	12	1	63	46
n01945685_27.JPEG	11	11	47	49
n01945685_28.JPEG	7	13	63	58
n01945685_29.JPEG	0	27	63	50
n01945685_30.JPEG	0	27	45	40
n01945685_31.JPEG	16	11	44	55
n01945685_32.JPEG	10	10	63	49
n01945685_33.JPEG	0	24	53	44
n01945685_34.JPEG	0	22	63	41
n01945685_35.JPEG	35	13	63	40
n01945685_36.JPEG	15	15	58	48
n01945685_37.JPEG	3	8	60	38
n01945685_38.JPEG	0	1	50	46
n01945685_39.JPEG	17	23	36	33
n01945685_40.JPEG	0	20	63	63
n01945685_41.JPEG	7	0	62	53
n01945685_42.JPEG	5	12	62	55
n01945685_43.JPEG	7	14	57	63
n01945685_44.JPEG	5	9	58	35
n01945685_45.JPEG	2	9	58	41
n01945685_46.JPEG	15	20	41	47
n01945685_47.JPEG	35	7	63	52
n01945685_48.JPEG	0	2	63	60
n01945685_49.JPEG	4	1	63	61
n01945685_50.JPEG	0	15	49	47
n01945685_51.JPEG	25	17	55	43
n01945685_52.JPEG	21	19	45	39
n01945685_53.JPEG	0	15	63	50
n01945685_54.JPEG	19	27	45	48
n01945685_55.JPEG	21	25	63	37
n01945685_56.JPEG	0	0	43	50
n01945685_57.JPEG	0	15	63	45
n01945685_58.JPEG	19	8	63	47
n01945685_59.JPEG	28	14	39	50
n01945685_60.JPEG	0	0	39	49
n01945685_61.JPEG	13	16	50	54
n01945685_62.JPEG	16	11	48	52
n01945685_63.JPEG	18	1	55	62
n01945685_64.JPEG	0	18	63	47
n01945685_65.JPEG	10	30	63	45
n01945685_66.JPEG	0	10	63	56
n01945685_67.JPEG	20	13	44	47
n01945685_68.JPEG	0	28	57	41
n01945685_69.JPEG	13	20	63	51
n01945685_70.JPEG	23	25	39	35
n01945685_71.JPEG	18	16	41	45
n01945685_72.JPEG	21	20	46	41
n01945685_73.JPEG	0	17	63	55
n01945685_74.JPEG	34	6	63	24
n01945685_75.JPEG	27	0	43	63
n01945685_76.JPEG	21	8	63	37
n01945685_77.JPEG	27	0	52	58
n01945685_78.JPEG	7	27	57	49
n01945685_79.JPEG	18	17	46	60
n01945685_80.JPEG	24	13	38	54
n01945685_81.JPEG	20	16	45	49
n01945685_82.JPEG	30	36	36	41
n01945685_83.JPEG	0	11	63	41
n01945685_84.JPEG	8	10	53	49
n01945685_85.JPEG	1	12	49	50
n01945685_86.JPEG	7	7	63	41
n01945685_87.JPEG	15	3	62	63
n01945685_88.JPEG	25	28	42	46
n01945685_89.JPEG	0	1	63	55
n01945685_90.JPEG	4	21	60	43
n01945685_91.JPEG	25	21	61	54
n01945685_92.JPEG	0	18	63	40
n01945685_93.JPEG	10	21	63	56
n01945685_94.JPEG	10	6	59	51
n01945685_95.JPEG	0	14	63	45
n01945685_96.JPEG	0	8	63	62
n01945685_97.JPEG	6	6	60	58
n01945685_98.JPEG	6	0	58	63
n01945685_99.JPEG	19	18	39	30
n01945685_100.JPEG	18	14	61	48
n01945685_101.JPEG	3	4	57	57
n01945685_102.JPEG	2	8	63	63
n01945685_103.JPEG	0	7	60	56
n01945685_104.JPEG	15	6	46	61
n01945685_105.JPEG	14	15	63	63
n01945685_106.JPEG	0	6	63	59
n01945685_107.JPEG	23	20	45	49
n01945685_108.JPEG	1	1	63	50
n01945685_109.JPEG	17	16	63	39
n01945685_110.JPEG	10	6	59	52
n01945685_111.JPEG	0	6	63	53
n01945685_112.JPEG	0	10	63	51
n01945685_113.JPEG	0	7	44	46
n01945685_114.JPEG	0	0	63	61
n01945685_115.JPEG	31	7	63	37
n01945685_116.JPEG	0	15	63	58
n01945685_117.JPEG	4	15	63	55
n01945685_118.JPEG	0	12	63	50
n01945685_119.JPEG	21	23	40	38
n01945685_120.JPEG	13	0	57	58
n01945685_121.JPEG	9	17	63	42
n01945685_122.JPEG	12	29	56	41
n01945685_123.JPEG	0	5	63	57
n01945685_124.JPEG	0	24	50	40
n01945685_125.JPEG	6	19	63	41
n01945685_126.JPEG	6	12	63	47
n01945685_127.JPEG	0	14	54	44
n01945685_128.JPEG	0	9	63	63
n01945685_129.JPEG	25	13	43	49
n01945685_130.JPEG	2	8	38	38
n01945685_131.JPEG	23	3	52	63
n01945685_132.JPEG	1	8	54	61
n01945685_133.JPEG	16	10	49	32
n01945685_134.JPEG	0	18	63	53
n01945685_135.JPEG	10	11	63	63
n01945685_136.JPEG	13	19	46	37
n01945685_137.JPEG	13	30	59	44
n01945685_138.JPEG	3	8	47	31
n01945685_139.JPEG	16	22	54	43
n01945685_140.JPEG	17	0	63	46
n01945685_141.JPEG	16	10	63	63
n01945685_142.JPEG	18	2	63	45
n01945685_143.JPEG	23	34	33	60
n01945685_144.JPEG	19	0	45	63
n01945685_145.JPEG	20	22	26	48
n01945685_146.JPEG	24	14	41	53
n01945685_147.JPEG	15	40	41	62
n01945685_148.JPEG	0	29	63	44
n01945685_149.JPEG	4	20	52	38
n01945685_150.JPEG	21	18	61	46
n01945685_151.JPEG	0	20	63	49
n01945685_152.JPEG	11	22	40	39
n01945685_153.JPEG	12	8	63	53
n01945685_154.JPEG	0	10	63	55
n01945685_155.JPEG	1	12	63	49
n01945685_156.JPEG	0	18	63	63
n01945685_157.JPEG	24	13	53	56
n01945685_158.JPEG	1	23	48	63
n01945685_159.JPEG	13	6	50	58
n01945685_160.JPEG	0	12	60	63
n01945685_161.JPEG	7	4	41	51
n01945685_162.JPEG	16	4	32	25
n01945685_163.JPEG	15	26	61	50
n01945685_164.JPEG	1	14	57	52
n01945685_165.JPEG	30	37	63	61
n01945685_166.JPEG	11	0	58	41
n01945685_167.JPEG	0	18	63	53
n01945685_168.JPEG	22	17	42	63
n01945685_169.JPEG	11	18	61	40
n01945685_170.JPEG	14	9	52	29
n01945685_171.JPEG	10	25	40	51
n01945685_172.JPEG	12	0	59	63
n01945685_173.JPEG	0	25	50	43
n01945685_174.JPEG	29	27	49	34
n01945685_175.JPEG	12	18	63	44
n01945685_176.JPEG	0	25	63	42
n01945685_177.JPEG	22	5	46	58
n01945685_178.JPEG	0	5	42	56
n01945685_179.JPEG	3	4	63	59
n01945685_180.JPEG	0	11	63	47
n01945685_181.JPEG	0	8	63	44
n01945685_182.JPEG	0	24	63	50
n01945685_183.JPEG	0	21	37	57
n01945685_184.JPEG	18	15	39	48
n01945685_185.JPEG	1	1	63	49
n01945685_186.JPEG	0	17	55	60
n01945685_187.JPEG	15	0	57	42
n01945685_188.JPEG	19	11	44	45
n01945685_189.JPEG	19	3	50	63
n01945685_190.JPEG	0	14	63	58
n01945685_191.JPEG	3	22	62	47
n01945685_192.JPEG	24	21	63	41
n01945685_193.JPEG	7	18	61	58
n01945685_194.JPEG	19	3	40	33
n01945685_195.JPEG	17	42	47	60
n01945685_196.JPEG	0	10	60	53
n01945685_197.JPEG	0	11	63	53
n01945685_198.JPEG	24	1	63	51
n01945685_199.JPEG	15	0	40	52
n01945685_200.JPEG	0	19	63	52
n01945685_201.JPEG	10	7	31	47
n01945685_202.JPEG	13	22	45	45
n01945685_203.JPEG	32	21	63	43
n01945685_204.JPEG	27	51	36	63
n01945685_205.JPEG	29	29	38	45
n01945685_206.JPEG	0	19	63	55
n01945685_207.JPEG	0	7	52	44
n01945685_208.JPEG	16	22	51	52
n01945685_209.JPEG	0	24	63	53
n01945685_210.JPEG	0	1	61	54
n01945685_211.JPEG	18	30	51	45
n01945685_212.JPEG	0	12	54	50
n01945685_213.JPEG	30	45	39	63
n01945685_214.JPEG	21	8	63	42
n01945685_215.JPEG	23	14	63	46
n01945685_216.JPEG	5	1	49	46
n01945685_217.JPEG	18	17	45	36
n01945685_218.JPEG	16	28	41	57
n01945685_219.JPEG	0	16	63	52
n01945685_220.JPEG	19	27	49	43
n01945685_221.JPEG	0	21	63	38
n01945685_222.JPEG	8	27	37	35
n01945685_223.JPEG	11	0	54	43
n01945685_224.JPEG	25	7	46	44
n01945685_225.JPEG	55	8	63	33
n01945685_226.JPEG	3	24	63	52
n01945685_227.JPEG	0	19	41	49
n01945685_228.JPEG	23	25	63	49
n01945685_229.JPEG	0	2	18	57
n01945685_230.JPEG	0	31	62	47
n01945685_231.JPEG	0	5	63	50
n01945685_232.JPEG	5	26	53	43
n01945685_233.JPEG	19	41	43	61
n01945685_234.JPEG	0	19	58	52
n01945685_235.JPEG	37	4	45	23
n01945685_236.JPEG	0	23	54	61
n01945685_237.JPEG	21	20	41	43
n01945685_238.JPEG	36	17	49	42
n01945685_239.JPEG	15	6	49	55
n01945685_240.JPEG	13	12	39	62
n01945685_241.JPEG	11	13	47	48
n01945685_242.JPEG	0	18	63	40
n01945685_243.JPEG	0	14	63	54
n01945685_244.JPEG	0	19	13	31
n01945685_245.JPEG	0	9	63	60
n01945685_246.JPEG	0	8	50	54
n01945685_247.JPEG	0	11	56	55
n01945685_248.JPEG	11	5	58	61
n01945685_249.JPEG	0	12	63	43
n01945685_250.JPEG	0	13	63	34
n01945685_251.JPEG	0	13	63	45
n01945685_252.JPEG	5	24	48	45
n01945685_253.JPEG	17	21	37	37
n01945685_254.JPEG	20	0	39	41
n01945685_255.JPEG	0	24	35	49
n01945685_256.JPEG	14	0	31	63
n01945685_257.JPEG	40	39	47	45
n01945685_258.JPEG	4	11	63	57
n01945685_259.JPEG	0	1	60	57
n01945685_260.JPEG	0	3	63	63
n01945685_261.JPEG	1	0	63	57
n01945685_262.JPEG	17	2	40	63
n01945685_263.JPEG	0	26	57	43
n01945685_264.JPEG	7	0	43	49
n01945685_265.JPEG	25	31	63	49
n01945685_266.JPEG	24	40	38	60
n01945685_267.JPEG	13	45	19	55
n01945685_268.JPEG	17	15	41	57
n01945685_269.JPEG	16	0	45	63
n01945685_270.JPEG	10	8	47	42
n01945685_271.JPEG	0	28	63	42
n01945685_272.JPEG	11	12	60	45
n01945685_273.JPEG	11	17	62	37
n01945685_274.JPEG	28	37	52	50
n01945685_275.JPEG	22	26	39	39
n01945685_276.JPEG	0	27	33	59
n01945685_277.JPEG	5	11	63	47
n01945685_278.JPEG	1	28	54	49
n01945685_279.JPEG	0	11	63	53
n01945685_280.JPEG	16	17	63	54
n01945685_281.JPEG	19	7	57	57
n01945685_282.JPEG	29	13	53	45
n01945685_283.JPEG	0	2	51	61
n01945685_284.JPEG	19	19	28	30
n01945685_285.JPEG	33	0	53	59
n01945685_286.JPEG	3	4	63	48
n01945685_287.JPEG	0	2	58	58
n01945685_288.JPEG	16	0	53	63
n01945685_289.JPEG	20	21	63	63
n01945685_290.JPEG	2	6	43	50
n01945685_291.JPEG	2	0	56	59
n01945685_292.JPEG	1	11	63	62
n01945685_293.JPEG	0	17	59	52
n01945685_294.JPEG	2	18	54	43
n01945685_295.JPEG	25	13	40	37
n01945685_296.JPEG	0	0	63	55
n01945685_297.JPEG	2	29	59	52
n01945685_298.JPEG	0	26	61	40
n01945685_299.JPEG	13	7	63	52
n01945685_300.JPEG	3	24	47	49
n01945685_301.JPEG	0	18	63	57
n01945685_302.JPEG	18	25	59	44
n01945685_303.JPEG	0	10	63	46
n01945685_304.JPEG	16	1	63	60
n01945685_305.JPEG	0	12	63	54
n01945685_306.JPEG	17	21	46	42
n01945685_307.JPEG	0	33	63	50
n01945685_308.JPEG	19	16	43	42
n01945685_309.JPEG	0	3	62	57
n01945685_310.JPEG	0	16	60	53
n01945685_311.JPEG	0	1	63	50
n01945685_312.JPEG	21	12	49	52
n01945685_313.JPEG	27	12	49	57
n01945685_314.JPEG	24	31	37	42
n01945685_315.JPEG	3	17	63	58
n01945685_316.JPEG	0	3	63	51
n01945685_317.JPEG	5	1	53	49
n01945685_318.JPEG	2	12	58	63
n01945685_319.JPEG	5	27	61	42
n01945685_320.JPEG	5	4	35	46
n01945685_321.JPEG	3	10	63	56
n01945685_322.JPEG	10	22	62	47
n01945685_323.JPEG	15	26	32	55
n01945685_324.JPEG	31	16	51	31
n01945685_325.JPEG	0	10	63	59
n01945685_326.JPEG	0	19	38	56
n01945685_327.JPEG	20	18	47	47
n01945685_328.JPEG	37	19	59	57
n01945685_329.JPEG	8	13	62	52
n01945685_330.JPEG	0	0	63	47
n01945685_331.JPEG	19	23	51	50
n01945685_332.JPEG	0	31	40	39
n01945685_333.JPEG	15	4	55	54
n01945685_334.JPEG	20	15	50	52
n01945685_335.JPEG	18	32	55	41
n01945685_336.JPEG	18	22	63	48
n01945685_337.JPEG	26	18	40	38
n01945685_338.JPEG	0	9	62	35
n01945685_339.JPEG	0	16	63	53
n01945685_340.JPEG	4	7	52	47
n01945685_341.JPEG	23	20	57	37
n01945685_342.JPEG	14	0	54	61
n01945685_343.JPEG	0	24	57	46
n01945685_344.JPEG	13	24	51	42
n01945685_345.JPEG	0	7	56	45
n01945685_346.JPEG	0	20	16	44
n01945685_347.JPEG	0	3	63	49
n01945685_348.JPEG	54	35	63	50
n01945685_349.JPEG	22	6	43	60
n01945685_350.JPEG	0	23	63	37
n01945685_351.JPEG	2	19	63	62
n01945685_352.JPEG	22	29	44	38
n01945685_353.JPEG	22	17	46	45
n01945685_354.JPEG	22	7	63	43
n01945685_355.JPEG	14	25	63	44
n01945685_356.JPEG	0	12	63	44
n01945685_357.JPEG	22	27	63	49
n01945685_358.JPEG	0	11	63	52
n01945685_359.JPEG	21	33	35	52
n01945685_360.JPEG	2	11	43	39
n01945685_361.JPEG	0	5	32	63
n01945685_362.JPEG	28	20	63	32
n01945685_363.JPEG	8	3	46	63
n01945685_364.JPEG	27	14	48	45
n01945685_365.JPEG	22	0	57	38
n01945685_366.JPEG	0	0	63	61
n01945685_367.JPEG	4	20	59	45
n01945685_368.JPEG	1	0	62	63
n01945685_369.JPEG	11	4	55	44
n01945685_370.JPEG	0	29	63	44
n01945685_371.JPEG	0	10	46	63
n01945685_372.JPEG	14	28	55	36
n01945685_373.JPEG	24	22	63	45
n01945685_374.JPEG	29	7	63	25
n01945685_375.JPEG	0	11	62	43
n01945685_376.JPEG	27	44	49	63
n01945685_377.JPEG	0	0	63	52
n01945685_378.JPEG	16	32	49	56
n01945685_379.JPEG	20	3	45	31
n01945685_380.JPEG	21	19	54	52
n01945685_381.JPEG	9	16	63	60
n01945685_382.JPEG	36	29	57	54
n01945685_383.JPEG	7	3	56	62
n01945685_384.JPEG	25	24	52	45
n01945685_385.JPEG	11	23	53	50
n01945685_386.JPEG	9	15	46	51
n01945685_387.JPEG	1	7	63	63
n01945685_388.JPEG	5	25	50	63
n01945685_389.JPEG	10	4	63	37
n01945685_390.JPEG	21	24	63	34
n01945685_391.JPEG	21	0	61	46
n01945685_392.JPEG	18	15	44	60
n01945685_393.JPEG	0	14	63	56
n01945685_394.JPEG	0	12	63	46
n01945685_395.JPEG	10	7	63	59
n01945685_396.JPEG	3	20	59	49
n01945685_397.JPEG	0	18	60	63
n01945685_398.JPEG	13	8	56	55
n01945685_399.JPEG	7	0	58	46
n01945685_400.JPEG	0	3	55	57
n01945685_401.JPEG	8	21	60	53
n01945685_402.JPEG	5	18	55	45
n01945685_403.JPEG	25	30	49	53
n01945685_404.JPEG	4	0	62	50
n01945685_405.JPEG	0	24	63	53
n01945685_406.JPEG	0	16	63	50
n01945685_407.JPEG	0	25	63	42
n01945685_408.JPEG	19	14	47	59
n01945685_409.JPEG	8	27	56	47
n01945685_410.JPEG	1	1	63	52
n01945685_411.JPEG	12	13	61	25
n01945685_412.JPEG	19	5	50	33
n01945685_413.JPEG	17	11	58	50
n01945685_414.JPEG	17	20	61	42
n01945685_415.JPEG	13	0	53	46
n01945685_416.JPEG	22	1	58	63
n01945685_417.JPEG	0	22	63	37
n01945685_418.JPEG	17	24	50	36
n01945685_419.JPEG	19	27	58	43
n01945685_420.JPEG	37	4	53	46
n01945685_421.JPEG	0	13	52	39
n01945685_422.JPEG	3	13	61	48
n01945685_423.JPEG	0	27	63	52
n01945685_424.JPEG	0	7	47	58
n01945685_425.JPEG	0	14	63	52
n01945685_426.JPEG	11	0	45	39
n01945685_427.JPEG	4	21	62	38
n01945685_428.JPEG	15	0	43	52
n01945685_429.JPEG	22	0	43	60
n01945685_430.JPEG	24	28	42	56
n01945685_431.JPEG	20	13	49	50
n01945685_432.JPEG	0	13	63	60
n01945685_433.JPEG	18	26	42	40
n01945685_434.JPEG	37	5	60	48
n01945685_435.JPEG	3	13	54	46
n01945685_436.JPEG	0	1	63	61
n01945685_437.JPEG	13	13	50	35
n01945685_438.JPEG	9	6	63	56
n01945685_439.JPEG	12	18	29	31
n01945685_440.JPEG	10	24	63	54
n01945685_441.JPEG	5	12	63	40
n01945685_442.JPEG	0	25	63	51
n01945685_443.JPEG	3	4	48	51
n01945685_444.JPEG	0	0	63	63
n01945685_445.JPEG	0	21	63	43
n01945685_446.JPEG	18	1	63	33
n01945685_447.JPEG	0	20	63	54
n01945685_448.JPEG	0	8	23	18
n01945685_449.JPEG	0	26	63	55
n01945685_450.JPEG	3	20	63	44
n01945685_451.JPEG	6	22	63	47
n01945685_452.JPEG	9	2	63	54
n01945685_453.JPEG	6	23	58	44
n01945685_454.JPEG	26	16	35	63
n01945685_455.JPEG	7	0	63	55
n01945685_456.JPEG	3	0	59	46
n01945685_457.JPEG	14	24	61	48
n01945685_458.JPEG	0	16	63	41
n01945685_459.JPEG	0	19	39	46
n01945685_460.JPEG	16	25	56	57
n01945685_461.JPEG	8	13	42	45
n01945685_462.JPEG	17	1	63	38
n01945685_463.JPEG	0	0	46	43
n01945685_464.JPEG	11	4	52	63
n01945685_465.JPEG	26	55	38	63
n01945685_466.JPEG	0	17	58	51
n01945685_467.JPEG	0	10	63	63
n01945685_468.JPEG	25	8	54	45
n01945685_469.JPEG	0	19	63	51
n01945685_470.JPEG	0	13	63	51
n01945685_471.JPEG	10	12	45	49
n01945685_472.JPEG	0	15	44	44
n01945685_473.JPEG	28	14	61	60
n01945685_474.JPEG	19	25	55	48
n01945685_475.JPEG	0	10	63	63
n01945685_476.JPEG	33	22	41	40
n01945685_477.JPEG	12	13	46	49
n01945685_478.JPEG	5	0	54	63
n01945685_479.JPEG	22	2	63	43
n01945685_480.JPEG	3	1	56	45
n01945685_481.JPEG	5	1	57	47
n01945685_482.JPEG	0	15	63	53
n01945685_483.JPEG	0	30	63	44
n01945685_484.JPEG	26	26	41	63
n01945685_485.JPEG	7	0	60	63
n01945685_486.JPEG	0	1	44	44
n01945685_487.JPEG	0	16	63	44
n01945685_488.JPEG	11	5	52	61
n01945685_489.JPEG	0	25	63	50
n01945685_490.JPEG	19	16	46	39
n01945685_491.JPEG	9	9	51	58
n01945685_492.JPEG	4	3	45	63
n01945685_493.JPEG	11	24	63	60
n01945685_494.JPEG	0	0	61	44
n01945685_495.JPEG	6	0	59	63
n01945685_496.JPEG	24	6	63	34
n01945685_497.JPEG	0	24	52	59
n01945685_498.JPEG	6	0	58	63
n01945685_499.JPEG	21	19	56	34
