n04074963_0.JPEG	29	14	57	38
n04074963_1.JPEG	7	47	63	63
n04074963_2.JPEG	9	2	63	63
n04074963_3.JPEG	0	5	63	63
n04074963_4.JPEG	0	0	51	63
n04074963_5.JPEG	15	12	27	40
n04074963_6.JPEG	1	25	63	63
n04074963_7.JPEG	0	2	63	63
n04074963_8.JPEG	0	15	63	54
n04074963_9.JPEG	32	0	53	63
n04074963_10.JPEG	0	1	63	62
n04074963_11.JPEG	18	30	28	52
n04074963_12.JPEG	45	56	63	63
n04074963_13.JPEG	0	3	63	63
n04074963_14.JPEG	0	0	63	63
n04074963_15.JPEG	10	4	63	63
n04074963_16.JPEG	5	13	18	38
n04074963_17.JPEG	14	8	51	63
n04074963_18.JPEG	0	16	63	59
n04074963_19.JPEG	0	1	63	63
n04074963_20.JPEG	25	3	41	60
n04074963_21.JPEG	0	0	63	63
n04074963_22.JPEG	7	0	53	63
n04074963_23.JPEG	16	0	62	63
n04074963_24.JPEG	11	7	63	62
n04074963_25.JPEG	0	14	63	63
n04074963_26.JPEG	0	9	63	56
n04074963_27.JPEG	0	29	63	48
n04074963_28.JPEG	0	29	45	63
n04074963_29.JPEG	0	1	63	63
n04074963_30.JPEG	28	23	34	29
n04074963_31.JPEG	18	11	44	63
n04074963_32.JPEG	0	22	63	47
n04074963_33.JPEG	17	0	51	63
n04074963_34.JPEG	6	22	31	59
n04074963_35.JPEG	0	38	63	61
n04074963_36.JPEG	0	0	40	16
n04074963_37.JPEG	0	32	55	57
n04074963_38.JPEG	0	0	63	63
n04074963_39.JPEG	0	0	63	63
n04074963_40.JPEG	19	17	42	63
n04074963_41.JPEG	19	0	47	63
n04074963_42.JPEG	0	5	63	63
n04074963_43.JPEG	0	22	63	63
n04074963_44.JPEG	1	0	63	63
n04074963_45.JPEG	0	0	62	63
n04074963_46.JPEG	0	17	63	61
n04074963_47.JPEG	0	33	63	59
n04074963_48.JPEG	4	3	63	62
n04074963_49.JPEG	4	9	63	47
n04074963_50.JPEG	7	4	62	60
n04074963_51.JPEG	41	6	55	43
n04074963_52.JPEG	0	10	63	63
n04074963_53.JPEG	9	0	54	63
n04074963_54.JPEG	33	37	42	41
n04074963_55.JPEG	0	5	63	60
n04074963_56.JPEG	0	8	63	63
n04074963_57.JPEG	0	7	58	63
n04074963_58.JPEG	0	8	63	63
n04074963_59.JPEG	25	29	53	63
n04074963_60.JPEG	0	4	63	63
n04074963_61.JPEG	0	7	63	58
n04074963_62.JPEG	50	12	63	58
n04074963_63.JPEG	1	1	63	57
n04074963_64.JPEG	31	11	58	63
n04074963_65.JPEG	11	0	55	63
n04074963_66.JPEG	0	19	63	63
n04074963_67.JPEG	15	21	29	34
n04074963_68.JPEG	12	0	31	29
n04074963_69.JPEG	8	6	48	50
n04074963_70.JPEG	22	43	36	63
n04074963_71.JPEG	0	0	63	63
n04074963_72.JPEG	2	0	28	63
n04074963_73.JPEG	17	5	49	63
n04074963_74.JPEG	24	4	43	59
n04074963_75.JPEG	0	1	63	63
n04074963_76.JPEG	3	0	61	63
n04074963_77.JPEG	24	0	40	63
n04074963_78.JPEG	0	21	63	49
n04074963_79.JPEG	6	14	59	50
n04074963_80.JPEG	18	0	43	45
n04074963_81.JPEG	12	1	47	63
n04074963_82.JPEG	26	16	48	59
n04074963_83.JPEG	0	10	63	63
n04074963_84.JPEG	0	38	34	54
n04074963_85.JPEG	23	37	28	49
n04074963_86.JPEG	29	18	41	48
n04074963_87.JPEG	20	34	63	63
n04074963_88.JPEG	20	28	40	37
n04074963_89.JPEG	5	42	63	60
n04074963_90.JPEG	10	25	63	63
n04074963_91.JPEG	29	2	56	62
n04074963_92.JPEG	35	3	57	60
n04074963_93.JPEG	9	10	63	63
n04074963_94.JPEG	24	52	38	63
n04074963_95.JPEG	2	0	63	63
n04074963_96.JPEG	0	2	55	58
n04074963_97.JPEG	23	35	44	40
n04074963_98.JPEG	33	16	55	40
n04074963_99.JPEG	0	0	63	63
n04074963_100.JPEG	2	28	63	63
n04074963_101.JPEG	5	20	52	63
n04074963_102.JPEG	0	0	61	63
n04074963_103.JPEG	20	24	63	63
n04074963_104.JPEG	9	9	50	54
n04074963_105.JPEG	0	0	63	54
n04074963_106.JPEG	10	6	60	53
n04074963_107.JPEG	13	11	63	63
n04074963_108.JPEG	3	0	63	63
n04074963_109.JPEG	19	2	47	63
n04074963_110.JPEG	0	0	57	63
n04074963_111.JPEG	5	0	61	63
n04074963_112.JPEG	25	4	52	59
n04074963_113.JPEG	0	0	63	63
n04074963_114.JPEG	0	4	34	63
n04074963_115.JPEG	6	43	60	54
n04074963_116.JPEG	11	33	49	63
n04074963_117.JPEG	13	26	33	52
n04074963_118.JPEG	22	28	32	40
n04074963_119.JPEG	0	0	30	63
n04074963_120.JPEG	0	0	63	63
n04074963_121.JPEG	0	12	63	63
n04074963_122.JPEG	1	26	39	63
n04074963_123.JPEG	15	37	42	58
n04074963_124.JPEG	13	38	57	63
n04074963_125.JPEG	3	0	31	63
n04074963_126.JPEG	0	0	63	63
n04074963_127.JPEG	28	11	45	53
n04074963_128.JPEG	56	11	63	43
n04074963_129.JPEG	23	0	42	63
n04074963_130.JPEG	22	25	31	31
n04074963_131.JPEG	9	13	63	63
n04074963_132.JPEG	1	0	63	63
n04074963_133.JPEG	0	13	37	58
n04074963_134.JPEG	19	0	63	63
n04074963_135.JPEG	32	9	57	63
n04074963_136.JPEG	0	5	63	60
n04074963_137.JPEG	0	13	49	63
n04074963_138.JPEG	30	46	38	56
n04074963_139.JPEG	5	20	57	63
n04074963_140.JPEG	17	0	41	63
n04074963_141.JPEG	0	0	61	63
n04074963_142.JPEG	0	8	63	63
n04074963_143.JPEG	0	0	63	63
n04074963_144.JPEG	13	0	46	63
n04074963_145.JPEG	0	20	63	60
n04074963_146.JPEG	2	35	62	63
n04074963_147.JPEG	23	2	45	63
n04074963_148.JPEG	0	1	63	63
n04074963_149.JPEG	1	0	63	62
n04074963_150.JPEG	0	6	63	62
n04074963_151.JPEG	15	41	63	55
n04074963_152.JPEG	0	9	63	63
n04074963_153.JPEG	0	1	63	63
n04074963_154.JPEG	25	0	63	54
n04074963_155.JPEG	0	23	63	59
n04074963_156.JPEG	12	18	52	62
n04074963_157.JPEG	0	39	63	56
n04074963_158.JPEG	30	8	50	57
n04074963_159.JPEG	3	0	63	63
n04074963_160.JPEG	0	0	63	63
n04074963_161.JPEG	12	0	49	63
n04074963_162.JPEG	0	3	63	45
n04074963_163.JPEG	10	0	58	63
n04074963_164.JPEG	0	43	32	63
n04074963_165.JPEG	0	1	63	62
n04074963_166.JPEG	16	0	51	63
n04074963_167.JPEG	3	2	61	59
n04074963_168.JPEG	0	10	63	63
n04074963_169.JPEG	4	6	61	59
n04074963_170.JPEG	0	0	63	63
n04074963_171.JPEG	43	37	63	63
n04074963_172.JPEG	0	20	63	42
n04074963_173.JPEG	20	0	43	63
n04074963_174.JPEG	17	4	46	63
n04074963_175.JPEG	0	13	30	60
n04074963_176.JPEG	25	0	46	63
n04074963_177.JPEG	3	0	61	63
n04074963_178.JPEG	19	0	53	63
n04074963_179.JPEG	17	0	39	63
n04074963_180.JPEG	6	3	58	62
n04074963_181.JPEG	2	18	18	57
n04074963_182.JPEG	23	37	44	45
n04074963_183.JPEG	20	34	53	63
n04074963_184.JPEG	3	4	63	62
n04074963_185.JPEG	13	0	38	63
n04074963_186.JPEG	0	5	63	63
n04074963_187.JPEG	15	46	40	63
n04074963_188.JPEG	14	2	35	49
n04074963_189.JPEG	13	0	48	63
n04074963_190.JPEG	0	19	63	46
n04074963_191.JPEG	3	27	63	63
n04074963_192.JPEG	2	2	61	59
n04074963_193.JPEG	20	23	36	27
n04074963_194.JPEG	10	5	63	61
n04074963_195.JPEG	3	15	29	63
n04074963_196.JPEG	25	20	39	28
n04074963_197.JPEG	0	13	63	62
n04074963_198.JPEG	4	5	61	62
n04074963_199.JPEG	0	0	63	63
n04074963_200.JPEG	37	10	45	19
n04074963_201.JPEG	29	25	38	32
n04074963_202.JPEG	0	2	63	63
n04074963_203.JPEG	13	0	47	63
n04074963_204.JPEG	0	46	9	61
n04074963_205.JPEG	0	10	35	51
n04074963_206.JPEG	10	0	53	54
n04074963_207.JPEG	7	0	49	63
n04074963_208.JPEG	2	0	62	63
n04074963_209.JPEG	0	1	63	63
n04074963_210.JPEG	7	7	63	34
n04074963_211.JPEG	25	26	63	46
n04074963_212.JPEG	22	0	46	63
n04074963_213.JPEG	53	49	63	63
n04074963_214.JPEG	0	18	32	63
n04074963_215.JPEG	1	16	13	23
n04074963_216.JPEG	0	1	63	63
n04074963_217.JPEG	14	0	48	63
n04074963_218.JPEG	0	0	61	63
n04074963_219.JPEG	19	15	44	36
n04074963_220.JPEG	8	0	62	63
n04074963_221.JPEG	11	22	45	57
n04074963_222.JPEG	20	7	41	63
n04074963_223.JPEG	0	20	63	63
n04074963_224.JPEG	0	30	31	63
n04074963_225.JPEG	7	28	59	46
n04074963_226.JPEG	4	0	59	63
n04074963_227.JPEG	1	2	63	62
n04074963_228.JPEG	21	0	44	63
n04074963_229.JPEG	13	0	47	63
n04074963_230.JPEG	10	33	46	54
n04074963_231.JPEG	0	1	35	35
n04074963_232.JPEG	16	15	27	25
n04074963_233.JPEG	0	1	63	62
n04074963_234.JPEG	16	0	57	63
n04074963_235.JPEG	0	8	63	53
n04074963_236.JPEG	38	38	51	51
n04074963_237.JPEG	19	50	25	54
n04074963_238.JPEG	8	16	45	63
n04074963_239.JPEG	0	0	63	63
n04074963_240.JPEG	0	13	63	59
n04074963_241.JPEG	0	15	63	63
n04074963_242.JPEG	14	0	46	63
n04074963_243.JPEG	4	24	62	58
n04074963_244.JPEG	6	0	60	57
n04074963_245.JPEG	0	9	63	63
n04074963_246.JPEG	52	40	63	63
n04074963_247.JPEG	1	7	63	63
n04074963_248.JPEG	25	43	59	63
n04074963_249.JPEG	20	0	60	63
n04074963_250.JPEG	30	23	63	41
n04074963_251.JPEG	3	13	62	55
n04074963_252.JPEG	9	15	39	60
n04074963_253.JPEG	0	10	63	63
n04074963_254.JPEG	10	32	15	33
n04074963_255.JPEG	0	14	20	44
n04074963_256.JPEG	0	0	62	63
n04074963_257.JPEG	0	0	63	62
n04074963_258.JPEG	14	10	27	50
n04074963_259.JPEG	0	4	63	63
n04074963_260.JPEG	33	11	63	34
n04074963_261.JPEG	15	2	45	63
n04074963_262.JPEG	0	0	63	63
n04074963_263.JPEG	14	0	39	0
n04074963_264.JPEG	0	14	49	54
n04074963_265.JPEG	44	9	63	63
n04074963_266.JPEG	28	24	33	26
n04074963_267.JPEG	4	10	60	55
n04074963_268.JPEG	16	16	57	62
n04074963_269.JPEG	0	12	50	63
n04074963_270.JPEG	23	11	49	43
n04074963_271.JPEG	21	30	51	45
n04074963_272.JPEG	0	0	63	63
n04074963_273.JPEG	0	34	63	63
n04074963_274.JPEG	0	2	42	55
n04074963_275.JPEG	14	0	44	61
n04074963_276.JPEG	0	13	63	63
n04074963_277.JPEG	13	1	59	63
n04074963_278.JPEG	0	2	17	22
n04074963_279.JPEG	0	15	63	40
n04074963_280.JPEG	22	27	40	35
n04074963_281.JPEG	1	1	21	63
n04074963_282.JPEG	10	0	45	63
n04074963_283.JPEG	2	7	35	63
n04074963_284.JPEG	6	0	58	63
n04074963_285.JPEG	16	0	48	63
n04074963_286.JPEG	0	0	63	63
n04074963_287.JPEG	6	23	40	33
n04074963_288.JPEG	11	14	43	63
n04074963_289.JPEG	0	0	63	63
n04074963_290.JPEG	0	21	63	38
n04074963_291.JPEG	1	0	61	63
n04074963_292.JPEG	27	45	63	63
n04074963_293.JPEG	0	4	63	63
n04074963_294.JPEG	0	13	63	48
n04074963_295.JPEG	0	0	63	63
n04074963_296.JPEG	35	7	63	62
n04074963_297.JPEG	34	4	63	47
n04074963_298.JPEG	19	14	51	49
n04074963_299.JPEG	28	1	48	61
n04074963_300.JPEG	23	0	47	63
n04074963_301.JPEG	4	0	61	63
n04074963_302.JPEG	22	29	46	41
n04074963_303.JPEG	8	0	53	63
n04074963_304.JPEG	2	10	63	58
n04074963_305.JPEG	12	20	57	46
n04074963_306.JPEG	0	36	63	63
n04074963_307.JPEG	25	8	58	63
n04074963_308.JPEG	0	6	63	63
n04074963_309.JPEG	13	8	30	45
n04074963_310.JPEG	43	13	63	57
n04074963_311.JPEG	20	0	35	48
n04074963_312.JPEG	25	6	39	51
n04074963_313.JPEG	13	0	63	63
n04074963_314.JPEG	0	26	42	63
n04074963_315.JPEG	0	5	63	61
n04074963_316.JPEG	0	0	63	63
n04074963_317.JPEG	0	0	63	63
n04074963_318.JPEG	60	33	63	44
n04074963_319.JPEG	10	42	39	63
n04074963_320.JPEG	25	6	40	62
n04074963_321.JPEG	31	41	48	46
n04074963_322.JPEG	22	35	61	59
n04074963_323.JPEG	0	7	63	59
n04074963_324.JPEG	0	7	63	63
n04074963_325.JPEG	19	36	36	41
n04074963_326.JPEG	16	0	43	63
n04074963_327.JPEG	10	34	48	47
n04074963_328.JPEG	6	22	18	53
n04074963_329.JPEG	11	10	52	56
n04074963_330.JPEG	0	13	63	54
n04074963_331.JPEG	0	18	48	40
n04074963_332.JPEG	0	0	63	49
n04074963_333.JPEG	0	0	63	63
n04074963_334.JPEG	0	14	55	37
n04074963_335.JPEG	5	12	54	57
n04074963_336.JPEG	47	14	59	54
n04074963_337.JPEG	0	30	27	43
n04074963_338.JPEG	0	6	63	58
n04074963_339.JPEG	18	4	46	59
n04074963_340.JPEG	0	1	63	63
n04074963_341.JPEG	14	1	63	63
n04074963_342.JPEG	13	9	63	58
n04074963_343.JPEG	32	12	63	62
n04074963_344.JPEG	0	20	38	47
n04074963_345.JPEG	62	46	63	49
n04074963_346.JPEG	1	0	63	63
n04074963_347.JPEG	0	0	63	63
n04074963_348.JPEG	0	0	63	63
n04074963_349.JPEG	9	0	62	63
n04074963_350.JPEG	2	0	63	63
n04074963_351.JPEG	0	0	38	63
n04074963_352.JPEG	4	3	63	63
n04074963_353.JPEG	0	29	59	49
n04074963_354.JPEG	16	6	61	63
n04074963_355.JPEG	6	0	43	63
n04074963_356.JPEG	0	2	63	63
n04074963_357.JPEG	0	11	63	61
n04074963_358.JPEG	22	9	43	46
n04074963_359.JPEG	0	9	63	63
n04074963_360.JPEG	0	1	63	63
n04074963_361.JPEG	5	7	58	63
n04074963_362.JPEG	25	34	54	62
n04074963_363.JPEG	0	9	63	63
n04074963_364.JPEG	9	21	55	63
n04074963_365.JPEG	10	7	27	34
n04074963_366.JPEG	36	34	59	54
n04074963_367.JPEG	19	0	45	63
n04074963_368.JPEG	0	35	33	50
n04074963_369.JPEG	1	17	63	63
n04074963_370.JPEG	16	6	47	47
n04074963_371.JPEG	23	38	49	63
n04074963_372.JPEG	0	16	63	63
n04074963_373.JPEG	10	0	52	63
n04074963_374.JPEG	0	0	63	63
n04074963_375.JPEG	4	0	28	62
n04074963_376.JPEG	0	1	63	63
n04074963_377.JPEG	0	15	63	59
n04074963_378.JPEG	11	0	54	63
n04074963_379.JPEG	20	0	43	63
n04074963_380.JPEG	0	10	63	45
n04074963_381.JPEG	15	11	44	63
n04074963_382.JPEG	13	36	62	52
n04074963_383.JPEG	13	9	35	53
n04074963_384.JPEG	6	39	61	63
n04074963_385.JPEG	16	22	30	56
n04074963_386.JPEG	9	49	57	63
n04074963_387.JPEG	12	0	46	63
n04074963_388.JPEG	4	0	61	55
n04074963_389.JPEG	3	11	58	59
n04074963_390.JPEG	11	0	55	63
n04074963_391.JPEG	7	12	60	62
n04074963_392.JPEG	24	40	31	44
n04074963_393.JPEG	31	17	44	63
n04074963_394.JPEG	15	30	45	63
n04074963_395.JPEG	10	0	51	63
n04074963_396.JPEG	0	17	45	63
n04074963_397.JPEG	18	16	26	44
n04074963_398.JPEG	0	6	63	62
n04074963_399.JPEG	8	6	58	63
n04074963_400.JPEG	16	0	63	63
n04074963_401.JPEG	21	0	63	63
n04074963_402.JPEG	34	17	63	63
n04074963_403.JPEG	17	6	51	63
n04074963_404.JPEG	0	15	63	63
n04074963_405.JPEG	0	15	63	63
n04074963_406.JPEG	0	1	63	63
n04074963_407.JPEG	5	0	54	63
n04074963_408.JPEG	2	11	61	63
n04074963_409.JPEG	1	33	43	63
n04074963_410.JPEG	0	0	63	63
n04074963_411.JPEG	41	49	63	61
n04074963_412.JPEG	0	24	59	63
n04074963_413.JPEG	0	1	63	61
n04074963_414.JPEG	0	4	63	63
n04074963_415.JPEG	22	1	54	63
n04074963_416.JPEG	3	0	30	63
n04074963_417.JPEG	0	0	63	63
n04074963_418.JPEG	0	0	61	63
n04074963_419.JPEG	0	1	63	63
n04074963_420.JPEG	15	16	35	56
n04074963_421.JPEG	23	3	40	41
n04074963_422.JPEG	2	2	41	48
n04074963_423.JPEG	3	0	62	63
n04074963_424.JPEG	9	21	63	63
n04074963_425.JPEG	14	27	63	63
n04074963_426.JPEG	0	17	10	51
n04074963_427.JPEG	0	3	63	62
n04074963_428.JPEG	21	30	63	38
n04074963_429.JPEG	9	38	55	63
n04074963_430.JPEG	0	9	63	56
n04074963_431.JPEG	0	39	56	61
n04074963_432.JPEG	61	42	63	47
n04074963_433.JPEG	35	37	46	61
n04074963_434.JPEG	0	26	54	63
n04074963_435.JPEG	1	28	63	63
n04074963_436.JPEG	0	1	63	63
n04074963_437.JPEG	11	0	57	63
n04074963_438.JPEG	0	36	56	63
n04074963_439.JPEG	11	0	52	63
n04074963_440.JPEG	17	34	52	63
n04074963_441.JPEG	2	40	49	63
n04074963_442.JPEG	49	15	53	20
n04074963_443.JPEG	0	26	63	61
n04074963_444.JPEG	15	28	63	44
n04074963_445.JPEG	6	34	47	45
n04074963_446.JPEG	14	19	63	63
n04074963_447.JPEG	20	4	63	21
n04074963_448.JPEG	20	8	46	55
n04074963_449.JPEG	0	2	55	63
n04074963_450.JPEG	0	48	10	62
n04074963_451.JPEG	19	0	59	63
n04074963_452.JPEG	0	0	63	63
n04074963_453.JPEG	32	55	36	62
n04074963_454.JPEG	7	1	57	42
n04074963_455.JPEG	31	5	63	35
n04074963_456.JPEG	0	8	63	63
n04074963_457.JPEG	18	32	35	63
n04074963_458.JPEG	14	0	59	63
n04074963_459.JPEG	3	18	34	48
n04074963_460.JPEG	18	0	47	63
n04074963_461.JPEG	0	1	63	63
n04074963_462.JPEG	0	1	63	63
n04074963_463.JPEG	0	0	63	63
n04074963_464.JPEG	29	7	42	53
n04074963_465.JPEG	23	0	42	60
n04074963_466.JPEG	0	14	63	63
n04074963_467.JPEG	0	3	54	63
n04074963_468.JPEG	5	9	62	58
n04074963_469.JPEG	0	11	63	63
n04074963_470.JPEG	7	10	63	63
n04074963_471.JPEG	0	4	63	63
n04074963_472.JPEG	0	0	19	63
n04074963_473.JPEG	6	9	63	63
n04074963_474.JPEG	0	0	63	63
n04074963_475.JPEG	17	1	43	63
n04074963_476.JPEG	21	0	41	63
n04074963_477.JPEG	0	1	52	56
n04074963_478.JPEG	0	2	63	61
n04074963_479.JPEG	42	23	63	59
n04074963_480.JPEG	47	8	63	63
n04074963_481.JPEG	0	6	47	63
n04074963_482.JPEG	0	3	40	63
n04074963_483.JPEG	3	2	63	39
n04074963_484.JPEG	0	1	63	63
n04074963_485.JPEG	25	18	37	53
n04074963_486.JPEG	12	2	59	58
n04074963_487.JPEG	7	1	62	63
n04074963_488.JPEG	2	28	46	62
n04074963_489.JPEG	0	8	63	59
n04074963_490.JPEG	0	0	61	63
n04074963_491.JPEG	17	11	46	45
n04074963_492.JPEG	0	35	1	54
n04074963_493.JPEG	17	23	44	41
n04074963_494.JPEG	5	41	18	63
n04074963_495.JPEG	1	0	63	63
n04074963_496.JPEG	0	21	53	63
n04074963_497.JPEG	4	28	24	44
n04074963_498.JPEG	14	1	49	63
n04074963_499.JPEG	2	1	63	63
