n02950826_0.JPEG	5	1	59	51
n02950826_1.JPEG	0	20	22	32
n02950826_2.JPEG	0	7	63	63
n02950826_3.JPEG	0	10	44	59
n02950826_4.JPEG	0	5	63	59
n02950826_5.JPEG	0	15	63	43
n02950826_6.JPEG	0	16	45	56
n02950826_7.JPEG	0	6	41	63
n02950826_8.JPEG	45	29	63	52
n02950826_9.JPEG	17	40	58	63
n02950826_10.JPEG	0	20	63	53
n02950826_11.JPEG	11	18	54	30
n02950826_12.JPEG	0	8	27	58
n02950826_13.JPEG	0	11	63	51
n02950826_14.JPEG	1	23	61	44
n02950826_15.JPEG	12	22	57	61
n02950826_16.JPEG	2	7	54	57
n02950826_17.JPEG	12	28	63	63
n02950826_18.JPEG	0	0	63	63
n02950826_19.JPEG	4	2	63	63
n02950826_20.JPEG	7	23	53	35
n02950826_21.JPEG	0	2	49	63
n02950826_22.JPEG	4	25	39	44
n02950826_23.JPEG	0	24	63	60
n02950826_24.JPEG	0	8	63	63
n02950826_25.JPEG	0	23	63	63
n02950826_26.JPEG	2	33	38	44
n02950826_27.JPEG	8	10	63	63
n02950826_28.JPEG	20	32	45	63
n02950826_29.JPEG	0	0	53	29
n02950826_30.JPEG	0	14	63	58
n02950826_31.JPEG	2	8	60	62
n02950826_32.JPEG	11	28	40	56
n02950826_33.JPEG	9	2	37	33
n02950826_34.JPEG	9	10	63	58
n02950826_35.JPEG	4	18	63	55
n02950826_36.JPEG	8	18	63	41
n02950826_37.JPEG	0	1	63	63
n02950826_38.JPEG	11	14	63	61
n02950826_39.JPEG	19	30	55	63
n02950826_40.JPEG	9	20	63	43
n02950826_41.JPEG	0	11	63	51
n02950826_42.JPEG	9	22	63	34
n02950826_43.JPEG	12	42	53	63
n02950826_44.JPEG	7	8	63	59
n02950826_45.JPEG	0	12	57	63
n02950826_46.JPEG	1	11	63	63
n02950826_47.JPEG	0	10	63	63
n02950826_48.JPEG	3	4	63	57
n02950826_49.JPEG	13	35	48	56
n02950826_50.JPEG	10	7	63	62
n02950826_51.JPEG	9	11	63	55
n02950826_52.JPEG	0	0	63	63
n02950826_53.JPEG	0	16	63	56
n02950826_54.JPEG	22	20	63	38
n02950826_55.JPEG	0	8	63	63
n02950826_56.JPEG	21	30	58	63
n02950826_57.JPEG	0	0	63	63
n02950826_58.JPEG	0	15	63	62
n02950826_59.JPEG	1	19	63	63
n02950826_60.JPEG	0	0	63	63
n02950826_61.JPEG	27	26	56	49
n02950826_62.JPEG	2	22	63	51
n02950826_63.JPEG	2	16	32	62
n02950826_64.JPEG	36	36	54	59
n02950826_65.JPEG	3	5	63	29
n02950826_66.JPEG	0	1	60	61
n02950826_67.JPEG	0	24	63	63
n02950826_68.JPEG	0	0	63	43
n02950826_69.JPEG	0	13	63	59
n02950826_70.JPEG	12	23	31	55
n02950826_71.JPEG	24	36	41	63
n02950826_72.JPEG	0	4	63	63
n02950826_73.JPEG	30	10	63	63
n02950826_74.JPEG	0	2	14	20
n02950826_75.JPEG	0	32	62	63
n02950826_76.JPEG	0	15	63	53
n02950826_77.JPEG	0	16	59	60
n02950826_78.JPEG	0	4	63	57
n02950826_79.JPEG	0	6	63	57
n02950826_80.JPEG	0	20	63	63
n02950826_81.JPEG	0	7	63	61
n02950826_82.JPEG	5	25	57	59
n02950826_83.JPEG	0	18	62	60
n02950826_84.JPEG	19	11	43	63
n02950826_85.JPEG	6	0	55	51
n02950826_86.JPEG	0	12	63	47
n02950826_87.JPEG	0	6	63	63
n02950826_88.JPEG	0	20	54	60
n02950826_89.JPEG	0	7	63	55
n02950826_90.JPEG	2	12	63	63
n02950826_91.JPEG	0	24	63	45
n02950826_92.JPEG	26	28	57	48
n02950826_93.JPEG	15	15	60	45
n02950826_94.JPEG	8	21	63	63
n02950826_95.JPEG	11	0	50	62
n02950826_96.JPEG	0	21	63	40
n02950826_97.JPEG	3	36	44	56
n02950826_98.JPEG	20	26	63	51
n02950826_99.JPEG	0	14	58	63
n02950826_100.JPEG	4	3	25	60
n02950826_101.JPEG	27	18	54	38
n02950826_102.JPEG	7	39	62	53
n02950826_103.JPEG	27	17	61	51
n02950826_104.JPEG	11	24	63	59
n02950826_105.JPEG	0	13	63	63
n02950826_106.JPEG	17	0	49	63
n02950826_107.JPEG	0	5	39	59
n02950826_108.JPEG	19	0	63	61
n02950826_109.JPEG	0	8	62	53
n02950826_110.JPEG	0	6	63	53
n02950826_111.JPEG	1	11	14	20
n02950826_112.JPEG	4	5	43	49
n02950826_113.JPEG	0	16	63	33
n02950826_114.JPEG	0	7	51	62
n02950826_115.JPEG	3	12	52	28
n02950826_116.JPEG	0	4	63	63
n02950826_117.JPEG	22	32	39	63
n02950826_118.JPEG	14	41	63	61
n02950826_119.JPEG	46	4	57	39
n02950826_120.JPEG	0	10	63	63
n02950826_121.JPEG	0	11	63	55
n02950826_122.JPEG	0	18	63	63
n02950826_123.JPEG	8	16	55	63
n02950826_124.JPEG	0	26	63	63
n02950826_125.JPEG	25	39	58	63
n02950826_126.JPEG	0	16	63	61
n02950826_127.JPEG	12	8	63	56
n02950826_128.JPEG	35	14	63	51
n02950826_129.JPEG	0	5	63	54
n02950826_130.JPEG	24	12	32	24
n02950826_131.JPEG	2	18	56	63
n02950826_132.JPEG	14	27	58	50
n02950826_133.JPEG	6	18	50	40
n02950826_134.JPEG	4	0	62	63
n02950826_135.JPEG	10	43	56	62
n02950826_136.JPEG	8	18	63	40
n02950826_137.JPEG	13	14	63	63
n02950826_138.JPEG	0	27	63	63
n02950826_139.JPEG	0	14	63	42
n02950826_140.JPEG	0	27	63	63
n02950826_141.JPEG	7	17	63	63
n02950826_142.JPEG	27	26	44	30
n02950826_143.JPEG	4	9	51	61
n02950826_144.JPEG	1	7	48	36
n02950826_145.JPEG	4	13	62	63
n02950826_146.JPEG	0	12	63	63
n02950826_147.JPEG	0	6	63	63
n02950826_148.JPEG	0	3	63	63
n02950826_149.JPEG	25	36	63	58
n02950826_150.JPEG	25	28	63	63
n02950826_151.JPEG	0	23	42	57
n02950826_152.JPEG	9	1	57	61
n02950826_153.JPEG	17	23	63	44
n02950826_154.JPEG	0	14	63	55
n02950826_155.JPEG	0	23	63	50
n02950826_156.JPEG	5	10	56	47
n02950826_157.JPEG	2	6	63	59
n02950826_158.JPEG	16	32	33	41
n02950826_159.JPEG	0	14	63	45
n02950826_160.JPEG	42	31	63	59
n02950826_161.JPEG	7	22	63	54
n02950826_162.JPEG	49	28	63	36
n02950826_163.JPEG	0	8	63	45
n02950826_164.JPEG	9	24	63	54
n02950826_165.JPEG	0	25	43	63
n02950826_166.JPEG	7	23	49	61
n02950826_167.JPEG	0	34	59	59
n02950826_168.JPEG	1	0	63	63
n02950826_169.JPEG	10	8	57	63
n02950826_170.JPEG	0	16	46	63
n02950826_171.JPEG	0	18	60	60
n02950826_172.JPEG	0	8	63	56
n02950826_173.JPEG	0	30	28	50
n02950826_174.JPEG	0	13	63	63
n02950826_175.JPEG	12	4	55	31
n02950826_176.JPEG	6	20	58	38
n02950826_177.JPEG	4	6	63	63
n02950826_178.JPEG	0	16	63	55
n02950826_179.JPEG	0	5	63	63
n02950826_180.JPEG	9	14	53	54
n02950826_181.JPEG	17	1	63	43
n02950826_182.JPEG	13	28	63	58
n02950826_183.JPEG	24	15	49	38
n02950826_184.JPEG	9	21	58	46
n02950826_185.JPEG	0	24	61	54
n02950826_186.JPEG	17	35	63	63
n02950826_187.JPEG	0	12	63	49
n02950826_188.JPEG	0	13	58	58
n02950826_189.JPEG	0	17	36	47
n02950826_190.JPEG	0	2	63	63
n02950826_191.JPEG	23	17	63	60
n02950826_192.JPEG	0	9	59	63
n02950826_193.JPEG	0	7	63	62
n02950826_194.JPEG	0	17	62	60
n02950826_195.JPEG	0	22	63	60
n02950826_196.JPEG	20	25	63	35
n02950826_197.JPEG	0	4	63	63
n02950826_198.JPEG	6	25	42	57
n02950826_199.JPEG	0	13	63	59
n02950826_200.JPEG	16	35	30	44
n02950826_201.JPEG	8	22	62	46
n02950826_202.JPEG	0	0	63	63
n02950826_203.JPEG	0	20	63	63
n02950826_204.JPEG	8	0	52	60
n02950826_205.JPEG	1	23	63	58
n02950826_206.JPEG	0	11	63	55
n02950826_207.JPEG	0	13	63	63
n02950826_208.JPEG	2	30	63	59
n02950826_209.JPEG	0	32	29	61
n02950826_210.JPEG	1	3	63	62
n02950826_211.JPEG	3	4	61	58
n02950826_212.JPEG	14	27	48	35
n02950826_213.JPEG	20	28	58	39
n02950826_214.JPEG	1	1	63	63
n02950826_215.JPEG	0	0	63	63
n02950826_216.JPEG	17	22	63	63
n02950826_217.JPEG	0	10	63	56
n02950826_218.JPEG	2	16	56	53
n02950826_219.JPEG	0	6	63	63
n02950826_220.JPEG	19	27	42	45
n02950826_221.JPEG	0	6	62	63
n02950826_222.JPEG	16	23	52	32
n02950826_223.JPEG	0	7	63	63
n02950826_224.JPEG	0	23	63	57
n02950826_225.JPEG	17	22	63	63
n02950826_226.JPEG	0	15	63	63
n02950826_227.JPEG	8	35	40	50
n02950826_228.JPEG	0	13	63	63
n02950826_229.JPEG	15	0	63	63
n02950826_230.JPEG	0	9	63	52
n02950826_231.JPEG	0	8	63	53
n02950826_232.JPEG	14	7	63	63
n02950826_233.JPEG	0	24	62	61
n02950826_234.JPEG	2	16	63	52
n02950826_235.JPEG	18	34	62	53
n02950826_236.JPEG	2	7	59	45
n02950826_237.JPEG	8	17	49	51
n02950826_238.JPEG	0	4	63	57
n02950826_239.JPEG	9	13	63	51
n02950826_240.JPEG	0	12	61	57
n02950826_241.JPEG	0	5	63	61
n02950826_242.JPEG	21	47	55	63
n02950826_243.JPEG	29	22	63	52
n02950826_244.JPEG	58	20	63	31
n02950826_245.JPEG	0	24	63	63
n02950826_246.JPEG	31	12	51	29
n02950826_247.JPEG	26	0	53	45
n02950826_248.JPEG	5	1	63	63
n02950826_249.JPEG	25	25	62	57
n02950826_250.JPEG	11	23	63	54
n02950826_251.JPEG	0	1	63	63
n02950826_252.JPEG	0	3	63	63
n02950826_253.JPEG	0	20	63	55
n02950826_254.JPEG	0	9	52	63
n02950826_255.JPEG	0	42	57	63
n02950826_256.JPEG	5	41	54	63
n02950826_257.JPEG	10	12	63	44
n02950826_258.JPEG	0	43	35	63
n02950826_259.JPEG	3	22	40	45
n02950826_260.JPEG	0	14	63	63
n02950826_261.JPEG	0	1	63	63
n02950826_262.JPEG	0	23	63	61
n02950826_263.JPEG	31	17	63	28
n02950826_264.JPEG	0	1	63	63
n02950826_265.JPEG	0	5	57	52
n02950826_266.JPEG	0	21	34	63
n02950826_267.JPEG	12	11	52	63
n02950826_268.JPEG	0	0	63	63
n02950826_269.JPEG	0	4	63	58
n02950826_270.JPEG	13	25	63	54
n02950826_271.JPEG	16	17	55	63
n02950826_272.JPEG	16	22	55	54
n02950826_273.JPEG	5	24	63	63
n02950826_274.JPEG	6	32	56	63
n02950826_275.JPEG	10	16	63	60
n02950826_276.JPEG	0	30	60	63
n02950826_277.JPEG	0	10	63	56
n02950826_278.JPEG	0	6	63	53
n02950826_279.JPEG	0	1	63	63
n02950826_280.JPEG	0	24	63	46
n02950826_281.JPEG	11	17	63	54
n02950826_282.JPEG	10	11	32	26
n02950826_283.JPEG	3	6	63	43
n02950826_284.JPEG	13	8	63	63
n02950826_285.JPEG	21	18	61	27
n02950826_286.JPEG	10	12	55	51
n02950826_287.JPEG	15	5	53	41
n02950826_288.JPEG	0	35	48	63
n02950826_289.JPEG	0	25	60	55
n02950826_290.JPEG	1	31	7	37
n02950826_291.JPEG	0	10	63	47
n02950826_292.JPEG	0	10	63	63
n02950826_293.JPEG	0	5	63	59
n02950826_294.JPEG	6	39	20	44
n02950826_295.JPEG	9	9	49	30
n02950826_296.JPEG	12	30	54	63
n02950826_297.JPEG	0	25	63	43
n02950826_298.JPEG	5	4	63	45
n02950826_299.JPEG	10	18	63	42
n02950826_300.JPEG	1	29	63	63
n02950826_301.JPEG	23	26	56	52
n02950826_302.JPEG	0	8	63	63
n02950826_303.JPEG	0	15	63	63
n02950826_304.JPEG	14	12	51	56
n02950826_305.JPEG	21	35	63	46
n02950826_306.JPEG	0	21	60	63
n02950826_307.JPEG	12	30	45	58
n02950826_308.JPEG	0	22	63	36
n02950826_309.JPEG	1	0	63	63
n02950826_310.JPEG	1	0	63	63
n02950826_311.JPEG	15	10	63	63
n02950826_312.JPEG	0	18	54	26
n02950826_313.JPEG	3	9	63	58
n02950826_314.JPEG	0	9	63	63
n02950826_315.JPEG	10	9	61	61
n02950826_316.JPEG	11	29	43	52
n02950826_317.JPEG	4	14	63	48
n02950826_318.JPEG	0	22	63	43
n02950826_319.JPEG	22	32	55	63
n02950826_320.JPEG	0	0	57	58
n02950826_321.JPEG	6	0	63	63
n02950826_322.JPEG	12	30	39	47
n02950826_323.JPEG	6	24	41	49
n02950826_324.JPEG	28	15	39	49
n02950826_325.JPEG	16	13	63	33
n02950826_326.JPEG	0	0	52	56
n02950826_327.JPEG	0	18	63	32
n02950826_328.JPEG	0	18	63	60
n02950826_329.JPEG	6	21	54	62
n02950826_330.JPEG	0	15	63	48
n02950826_331.JPEG	19	24	32	49
n02950826_332.JPEG	0	16	48	58
n02950826_333.JPEG	3	11	63	63
n02950826_334.JPEG	1	2	63	55
n02950826_335.JPEG	0	29	63	63
n02950826_336.JPEG	32	3	63	63
n02950826_337.JPEG	0	0	63	63
n02950826_338.JPEG	0	8	63	61
n02950826_339.JPEG	0	6	63	58
n02950826_340.JPEG	8	25	63	63
n02950826_341.JPEG	12	17	58	43
n02950826_342.JPEG	0	0	49	63
n02950826_343.JPEG	0	6	63	63
n02950826_344.JPEG	0	17	63	63
n02950826_345.JPEG	4	22	63	63
n02950826_346.JPEG	0	7	63	58
n02950826_347.JPEG	0	5	63	46
n02950826_348.JPEG	0	7	56	60
n02950826_349.JPEG	18	8	60	60
n02950826_350.JPEG	0	21	63	56
n02950826_351.JPEG	17	19	47	37
n02950826_352.JPEG	0	16	63	59
n02950826_353.JPEG	0	26	57	39
n02950826_354.JPEG	48	30	61	38
n02950826_355.JPEG	0	14	46	47
n02950826_356.JPEG	4	3	60	63
n02950826_357.JPEG	25	19	55	36
n02950826_358.JPEG	0	4	63	63
n02950826_359.JPEG	0	33	63	61
n02950826_360.JPEG	15	34	53	58
n02950826_361.JPEG	24	25	60	52
n02950826_362.JPEG	0	2	63	63
n02950826_363.JPEG	1	37	40	56
n02950826_364.JPEG	0	31	47	63
n02950826_365.JPEG	1	9	63	61
n02950826_366.JPEG	10	3	63	52
n02950826_367.JPEG	7	8	63	62
n02950826_368.JPEG	1	41	23	54
n02950826_369.JPEG	39	27	53	40
n02950826_370.JPEG	20	14	49	40
n02950826_371.JPEG	42	20	63	27
n02950826_372.JPEG	0	3	63	63
n02950826_373.JPEG	0	8	63	62
n02950826_374.JPEG	0	6	63	61
n02950826_375.JPEG	31	4	54	45
n02950826_376.JPEG	3	10	61	63
n02950826_377.JPEG	0	1	63	52
n02950826_378.JPEG	0	2	29	48
n02950826_379.JPEG	0	15	63	40
n02950826_380.JPEG	0	11	63	56
n02950826_381.JPEG	6	23	40	41
n02950826_382.JPEG	19	18	63	63
n02950826_383.JPEG	0	9	41	51
n02950826_384.JPEG	0	26	63	40
n02950826_385.JPEG	21	21	63	63
n02950826_386.JPEG	0	8	49	62
n02950826_387.JPEG	0	2	63	63
n02950826_388.JPEG	0	0	62	63
n02950826_389.JPEG	1	16	63	63
n02950826_390.JPEG	0	20	63	55
n02950826_391.JPEG	0	5	42	33
n02950826_392.JPEG	0	27	63	54
n02950826_393.JPEG	15	18	46	32
n02950826_394.JPEG	0	25	63	54
n02950826_395.JPEG	1	13	59	36
n02950826_396.JPEG	8	27	20	35
n02950826_397.JPEG	0	8	63	59
n02950826_398.JPEG	0	18	63	63
n02950826_399.JPEG	0	29	63	63
n02950826_400.JPEG	9	37	63	63
n02950826_401.JPEG	11	18	63	29
n02950826_402.JPEG	0	7	61	48
n02950826_403.JPEG	9	17	63	63
n02950826_404.JPEG	0	11	57	59
n02950826_405.JPEG	1	10	63	63
n02950826_406.JPEG	2	4	63	60
n02950826_407.JPEG	0	31	43	53
n02950826_408.JPEG	38	27	61	42
n02950826_409.JPEG	0	15	63	63
n02950826_410.JPEG	12	19	56	45
n02950826_411.JPEG	0	21	63	63
n02950826_412.JPEG	4	9	63	22
n02950826_413.JPEG	0	7	63	63
n02950826_414.JPEG	0	7	63	57
n02950826_415.JPEG	27	25	63	43
n02950826_416.JPEG	11	35	63	59
n02950826_417.JPEG	4	0	60	63
n02950826_418.JPEG	0	11	63	26
n02950826_419.JPEG	3	32	29	53
n02950826_420.JPEG	18	25	56	49
n02950826_421.JPEG	0	21	63	63
n02950826_422.JPEG	29	25	63	63
n02950826_423.JPEG	8	18	61	41
n02950826_424.JPEG	1	9	63	63
n02950826_425.JPEG	0	13	44	47
n02950826_426.JPEG	0	5	26	27
n02950826_427.JPEG	11	15	50	63
n02950826_428.JPEG	0	23	63	63
n02950826_429.JPEG	4	22	52	30
n02950826_430.JPEG	27	46	63	63
n02950826_431.JPEG	11	0	63	63
n02950826_432.JPEG	3	0	61	63
n02950826_433.JPEG	7	17	59	47
n02950826_434.JPEG	3	3	63	63
n02950826_435.JPEG	0	41	17	55
n02950826_436.JPEG	3	23	45	49
n02950826_437.JPEG	35	19	63	63
n02950826_438.JPEG	17	3	57	63
n02950826_439.JPEG	0	1	63	63
n02950826_440.JPEG	38	29	63	53
n02950826_441.JPEG	22	12	63	60
n02950826_442.JPEG	0	2	55	15
n02950826_443.JPEG	0	15	63	58
n02950826_444.JPEG	0	4	63	63
n02950826_445.JPEG	0	25	47	58
n02950826_446.JPEG	0	9	59	39
n02950826_447.JPEG	26	24	60	45
n02950826_448.JPEG	10	0	62	63
n02950826_449.JPEG	6	13	63	53
n02950826_450.JPEG	0	25	56	63
n02950826_451.JPEG	3	7	63	58
n02950826_452.JPEG	0	3	63	63
n02950826_453.JPEG	0	18	63	63
n02950826_454.JPEG	22	32	63	58
n02950826_455.JPEG	2	11	63	56
n02950826_456.JPEG	1	0	62	63
n02950826_457.JPEG	4	7	53	55
n02950826_458.JPEG	2	17	44	60
n02950826_459.JPEG	0	18	55	43
n02950826_460.JPEG	49	24	63	51
n02950826_461.JPEG	0	26	63	60
n02950826_462.JPEG	0	17	63	62
n02950826_463.JPEG	19	27	56	51
n02950826_464.JPEG	0	5	60	57
n02950826_465.JPEG	0	32	19	46
n02950826_466.JPEG	0	0	63	63
n02950826_467.JPEG	23	29	63	39
n02950826_468.JPEG	7	30	60	61
n02950826_469.JPEG	0	14	63	63
n02950826_470.JPEG	0	0	63	63
n02950826_471.JPEG	0	11	63	62
n02950826_472.JPEG	11	23	52	54
n02950826_473.JPEG	0	24	63	51
n02950826_474.JPEG	0	4	63	57
n02950826_475.JPEG	0	19	60	57
n02950826_476.JPEG	30	25	63	61
n02950826_477.JPEG	20	0	61	63
n02950826_478.JPEG	0	22	63	54
n02950826_479.JPEG	10	0	58	48
n02950826_480.JPEG	0	10	63	49
n02950826_481.JPEG	16	0	52	47
n02950826_482.JPEG	35	33	63	56
n02950826_483.JPEG	3	0	63	63
n02950826_484.JPEG	0	9	63	56
n02950826_485.JPEG	3	9	63	22
n02950826_486.JPEG	0	18	63	55
n02950826_487.JPEG	0	8	63	63
n02950826_488.JPEG	17	29	60	57
n02950826_489.JPEG	8	0	63	50
n02950826_490.JPEG	0	27	60	57
n02950826_491.JPEG	2	0	61	62
n02950826_492.JPEG	2	2	59	62
n02950826_493.JPEG	5	5	55	57
n02950826_494.JPEG	0	14	60	53
n02950826_495.JPEG	16	22	45	57
n02950826_496.JPEG	0	24	63	63
n02950826_497.JPEG	0	30	35	63
n02950826_498.JPEG	48	30	63	43
n02950826_499.JPEG	0	34	48	63
