n03763968_0.JPEG	1	0	57	63
n03763968_1.JPEG	12	9	63	63
n03763968_2.JPEG	2	0	63	63
n03763968_3.JPEG	12	0	36	34
n03763968_4.JPEG	63	9	63	40
n03763968_5.JPEG	5	1	53	63
n03763968_6.JPEG	19	0	51	63
n03763968_7.JPEG	0	3	53	63
n03763968_8.JPEG	24	19	63	61
n03763968_9.JPEG	0	16	63	63
n03763968_10.JPEG	24	0	50	63
n03763968_11.JPEG	0	35	63	63
n03763968_12.JPEG	10	6	61	63
n03763968_13.JPEG	0	0	60	63
n03763968_14.JPEG	56	19	63	62
n03763968_15.JPEG	0	0	63	63
n03763968_16.JPEG	0	15	10	58
n03763968_17.JPEG	6	0	56	63
n03763968_18.JPEG	15	10	54	57
n03763968_19.JPEG	1	1	34	63
n03763968_20.JPEG	20	34	59	63
n03763968_21.JPEG	0	5	16	63
n03763968_22.JPEG	11	29	51	63
n03763968_23.JPEG	0	14	62	63
n03763968_24.JPEG	32	12	50	63
n03763968_25.JPEG	24	27	44	57
n03763968_26.JPEG	7	0	62	63
n03763968_27.JPEG	1	0	63	63
n03763968_28.JPEG	0	0	44	63
n03763968_29.JPEG	30	5	63	63
n03763968_30.JPEG	17	7	39	63
n03763968_31.JPEG	19	26	60	63
n03763968_32.JPEG	39	18	63	63
n03763968_33.JPEG	0	6	21	55
n03763968_34.JPEG	31	20	47	39
n03763968_35.JPEG	9	12	62	63
n03763968_36.JPEG	17	29	60	63
n03763968_37.JPEG	16	0	59	63
n03763968_38.JPEG	21	0	48	63
n03763968_39.JPEG	14	0	52	63
n03763968_40.JPEG	2	5	63	63
n03763968_41.JPEG	0	2	47	63
n03763968_42.JPEG	21	7	47	63
n03763968_43.JPEG	3	0	62	63
n03763968_44.JPEG	21	28	39	63
n03763968_45.JPEG	19	0	47	63
n03763968_46.JPEG	0	0	32	63
n03763968_47.JPEG	22	9	51	63
n03763968_48.JPEG	8	1	48	63
n03763968_49.JPEG	33	0	63	34
n03763968_50.JPEG	33	15	50	39
n03763968_51.JPEG	44	21	63	63
n03763968_52.JPEG	10	21	51	63
n03763968_53.JPEG	1	0	63	63
n03763968_54.JPEG	14	24	43	62
n03763968_55.JPEG	13	0	63	63
n03763968_56.JPEG	22	16	44	63
n03763968_57.JPEG	0	0	59	63
n03763968_58.JPEG	19	1	39	63
n03763968_59.JPEG	7	1	63	63
n03763968_60.JPEG	8	0	57	63
n03763968_61.JPEG	3	0	63	63
n03763968_62.JPEG	3	32	63	63
n03763968_63.JPEG	24	32	63	63
n03763968_64.JPEG	4	0	63	63
n03763968_65.JPEG	5	0	50	63
n03763968_66.JPEG	48	39	63	63
n03763968_67.JPEG	1	0	63	63
n03763968_68.JPEG	8	0	61	63
n03763968_69.JPEG	0	31	63	63
n03763968_70.JPEG	19	0	49	63
n03763968_71.JPEG	0	3	19	63
n03763968_72.JPEG	26	26	38	63
n03763968_73.JPEG	10	0	63	63
n03763968_74.JPEG	9	0	61	63
n03763968_75.JPEG	17	3	43	63
n03763968_76.JPEG	0	0	63	63
n03763968_77.JPEG	1	36	63	63
n03763968_78.JPEG	52	18	63	63
n03763968_79.JPEG	18	6	63	63
n03763968_80.JPEG	4	0	61	63
n03763968_81.JPEG	0	0	63	63
n03763968_82.JPEG	19	7	63	63
n03763968_83.JPEG	0	34	63	63
n03763968_84.JPEG	1	0	63	63
n03763968_85.JPEG	4	0	63	63
n03763968_86.JPEG	5	1	33	63
n03763968_87.JPEG	0	41	52	63
n03763968_88.JPEG	22	20	59	62
n03763968_89.JPEG	3	1	63	59
n03763968_90.JPEG	19	0	53	63
n03763968_91.JPEG	8	0	63	63
n03763968_92.JPEG	22	7	63	63
n03763968_93.JPEG	0	1	42	63
n03763968_94.JPEG	0	2	63	63
n03763968_95.JPEG	23	30	48	58
n03763968_96.JPEG	52	16	63	58
n03763968_97.JPEG	0	1	8	63
n03763968_98.JPEG	0	10	60	63
n03763968_99.JPEG	0	37	18	63
n03763968_100.JPEG	12	0	50	63
n03763968_101.JPEG	5	0	56	63
n03763968_102.JPEG	0	34	63	63
n03763968_103.JPEG	0	12	2	63
n03763968_104.JPEG	20	1	45	63
n03763968_105.JPEG	0	0	63	63
n03763968_106.JPEG	22	27	34	48
n03763968_107.JPEG	0	15	43	63
n03763968_108.JPEG	15	14	57	63
n03763968_109.JPEG	0	17	4	61
n03763968_110.JPEG	23	1	39	63
n03763968_111.JPEG	14	5	60	63
n03763968_112.JPEG	9	0	49	63
n03763968_113.JPEG	39	1	63	63
n03763968_114.JPEG	11	0	55	62
n03763968_115.JPEG	0	0	63	63
n03763968_116.JPEG	0	0	63	63
n03763968_117.JPEG	45	62	50	63
n03763968_118.JPEG	10	31	57	63
n03763968_119.JPEG	0	6	32	56
n03763968_120.JPEG	16	15	30	56
n03763968_121.JPEG	13	0	54	63
n03763968_122.JPEG	5	13	49	63
n03763968_123.JPEG	19	0	49	63
n03763968_124.JPEG	0	4	35	63
n03763968_125.JPEG	15	0	32	50
n03763968_126.JPEG	0	25	63	63
n03763968_127.JPEG	6	26	63	63
n03763968_128.JPEG	0	0	11	61
n03763968_129.JPEG	1	0	63	63
n03763968_130.JPEG	29	1	63	63
n03763968_131.JPEG	34	0	45	62
n03763968_132.JPEG	0	5	54	63
n03763968_133.JPEG	0	40	63	63
n03763968_134.JPEG	28	36	39	61
n03763968_135.JPEG	1	3	63	63
n03763968_136.JPEG	1	0	61	63
n03763968_137.JPEG	39	21	59	60
n03763968_138.JPEG	4	0	43	63
n03763968_139.JPEG	46	22	63	63
n03763968_140.JPEG	3	0	63	63
n03763968_141.JPEG	9	7	24	62
n03763968_142.JPEG	0	37	63	63
n03763968_143.JPEG	8	31	63	63
n03763968_144.JPEG	0	0	63	63
n03763968_145.JPEG	19	0	62	63
n03763968_146.JPEG	20	8	46	54
n03763968_147.JPEG	10	12	53	63
n03763968_148.JPEG	8	35	63	63
n03763968_149.JPEG	17	25	63	63
n03763968_150.JPEG	45	5	63	63
n03763968_151.JPEG	1	0	63	63
n03763968_152.JPEG	0	2	42	59
n03763968_153.JPEG	41	6	62	56
n03763968_154.JPEG	0	1	63	63
n03763968_155.JPEG	5	3	50	63
n03763968_156.JPEG	0	0	63	63
n03763968_157.JPEG	4	38	63	63
n03763968_158.JPEG	24	13	41	58
n03763968_159.JPEG	9	26	63	63
n03763968_160.JPEG	33	24	52	54
n03763968_161.JPEG	27	0	63	63
n03763968_162.JPEG	32	24	63	54
n03763968_163.JPEG	35	9	63	63
n03763968_164.JPEG	30	0	63	63
n03763968_165.JPEG	10	5	63	63
n03763968_166.JPEG	0	0	63	63
n03763968_167.JPEG	1	13	40	63
n03763968_168.JPEG	54	11	63	63
n03763968_169.JPEG	3	28	62	63
n03763968_170.JPEG	0	0	58	63
n03763968_171.JPEG	21	8	44	29
n03763968_172.JPEG	39	12	55	58
n03763968_173.JPEG	0	23	43	63
n03763968_174.JPEG	0	0	63	63
n03763968_175.JPEG	0	2	62	63
n03763968_176.JPEG	0	0	63	63
n03763968_177.JPEG	0	0	63	63
n03763968_178.JPEG	5	0	56	63
n03763968_179.JPEG	61	24	63	63
n03763968_180.JPEG	25	3	63	63
n03763968_181.JPEG	55	15	63	41
n03763968_182.JPEG	5	0	59	63
n03763968_183.JPEG	34	8	57	63
n03763968_184.JPEG	42	15	63	63
n03763968_185.JPEG	20	4	40	63
n03763968_186.JPEG	29	0	51	52
n03763968_187.JPEG	0	11	63	63
n03763968_188.JPEG	12	0	46	63
n03763968_189.JPEG	32	2	62	63
n03763968_190.JPEG	38	2	63	60
n03763968_191.JPEG	0	5	9	61
n03763968_192.JPEG	0	7	0	47
n03763968_193.JPEG	0	1	62	63
n03763968_194.JPEG	1	36	63	63
n03763968_195.JPEG	0	34	63	63
n03763968_196.JPEG	23	0	63	63
n03763968_197.JPEG	0	5	46	63
n03763968_198.JPEG	6	0	52	63
n03763968_199.JPEG	12	0	57	51
n03763968_200.JPEG	0	17	11	63
n03763968_201.JPEG	32	3	55	63
n03763968_202.JPEG	33	18	54	57
n03763968_203.JPEG	24	22	41	63
n03763968_204.JPEG	7	0	63	63
n03763968_205.JPEG	6	12	63	54
n03763968_206.JPEG	0	5	0	63
n03763968_207.JPEG	0	12	7	63
n03763968_208.JPEG	0	5	63	63
n03763968_209.JPEG	1	0	63	63
n03763968_210.JPEG	17	0	50	63
n03763968_211.JPEG	1	0	63	63
n03763968_212.JPEG	16	10	63	63
n03763968_213.JPEG	4	22	60	63
n03763968_214.JPEG	1	0	63	63
n03763968_215.JPEG	43	2	63	61
n03763968_216.JPEG	14	0	63	63
n03763968_217.JPEG	26	45	30	57
n03763968_218.JPEG	16	1	63	63
n03763968_219.JPEG	13	0	63	63
n03763968_220.JPEG	5	19	63	63
n03763968_221.JPEG	0	15	10	40
n03763968_222.JPEG	0	0	8	63
n03763968_223.JPEG	0	36	36	63
n03763968_224.JPEG	5	1	50	63
n03763968_225.JPEG	13	0	43	60
n03763968_226.JPEG	0	0	63	63
n03763968_227.JPEG	11	13	51	63
n03763968_228.JPEG	0	19	61	60
n03763968_229.JPEG	6	0	63	63
n03763968_230.JPEG	1	14	63	63
n03763968_231.JPEG	2	0	63	63
n03763968_232.JPEG	0	28	19	63
n03763968_233.JPEG	0	0	62	63
n03763968_234.JPEG	10	4	35	63
n03763968_235.JPEG	18	1	63	63
n03763968_236.JPEG	17	0	51	63
n03763968_237.JPEG	0	8	63	63
n03763968_238.JPEG	0	5	15	58
n03763968_239.JPEG	26	0	63	63
n03763968_240.JPEG	1	0	63	63
n03763968_241.JPEG	9	0	60	63
n03763968_242.JPEG	7	26	58	63
n03763968_243.JPEG	0	2	36	63
n03763968_244.JPEG	23	5	54	62
n03763968_245.JPEG	17	0	47	63
n03763968_246.JPEG	11	6	31	63
n03763968_247.JPEG	44	19	62	58
n03763968_248.JPEG	32	0	63	63
n03763968_249.JPEG	1	13	63	63
n03763968_250.JPEG	3	0	63	63
n03763968_251.JPEG	35	18	63	63
n03763968_252.JPEG	10	0	56	63
n03763968_253.JPEG	27	0	63	63
n03763968_254.JPEG	16	0	63	63
n03763968_255.JPEG	12	20	41	63
n03763968_256.JPEG	11	0	50	52
n03763968_257.JPEG	30	4	55	63
n03763968_258.JPEG	26	12	44	61
n03763968_259.JPEG	0	0	63	63
n03763968_260.JPEG	5	0	58	63
n03763968_261.JPEG	36	13	53	56
n03763968_262.JPEG	13	2	63	63
n03763968_263.JPEG	9	0	36	63
n03763968_264.JPEG	33	6	50	63
n03763968_265.JPEG	12	16	40	63
n03763968_266.JPEG	2	14	57	46
n03763968_267.JPEG	26	15	43	62
n03763968_268.JPEG	0	2	63	63
n03763968_269.JPEG	0	1	24	63
n03763968_270.JPEG	0	33	39	63
n03763968_271.JPEG	17	0	56	63
n03763968_272.JPEG	7	11	40	50
n03763968_273.JPEG	17	16	31	26
n03763968_274.JPEG	35	3	61	63
n03763968_275.JPEG	17	12	58	63
n03763968_276.JPEG	33	17	61	63
n03763968_277.JPEG	0	8	24	63
n03763968_278.JPEG	13	0	58	63
n03763968_279.JPEG	12	0	46	63
n03763968_280.JPEG	9	15	48	63
n03763968_281.JPEG	0	15	8	63
n03763968_282.JPEG	9	7	57	63
n03763968_283.JPEG	39	0	63	63
n03763968_284.JPEG	14	0	52	63
n03763968_285.JPEG	0	0	63	63
n03763968_286.JPEG	3	0	61	63
n03763968_287.JPEG	0	10	53	63
n03763968_288.JPEG	35	7	63	57
n03763968_289.JPEG	0	27	24	47
n03763968_290.JPEG	0	8	45	63
n03763968_291.JPEG	37	25	54	40
n03763968_292.JPEG	15	0	49	63
n03763968_293.JPEG	0	10	63	63
n03763968_294.JPEG	0	0	63	63
n03763968_295.JPEG	38	8	63	56
n03763968_296.JPEG	0	0	62	63
n03763968_297.JPEG	35	13	54	63
n03763968_298.JPEG	10	0	49	63
n03763968_299.JPEG	50	14	61	33
n03763968_300.JPEG	8	0	42	63
n03763968_301.JPEG	0	19	39	63
n03763968_302.JPEG	4	7	58	63
n03763968_303.JPEG	0	25	22	44
n03763968_304.JPEG	15	0	59	63
n03763968_305.JPEG	0	15	63	63
n03763968_306.JPEG	34	1	63	63
n03763968_307.JPEG	5	6	57	63
n03763968_308.JPEG	14	14	45	63
n03763968_309.JPEG	4	38	63	63
n03763968_310.JPEG	0	25	28	63
n03763968_311.JPEG	24	12	38	55
n03763968_312.JPEG	3	10	41	63
n03763968_313.JPEG	5	24	52	63
n03763968_314.JPEG	0	3	32	61
n03763968_315.JPEG	0	4	18	63
n03763968_316.JPEG	0	10	19	46
n03763968_317.JPEG	0	0	63	63
n03763968_318.JPEG	1	0	61	63
n03763968_319.JPEG	0	4	63	63
n03763968_320.JPEG	13	0	55	63
n03763968_321.JPEG	38	2	63	63
n03763968_322.JPEG	21	4	63	63
n03763968_323.JPEG	0	28	33	63
n03763968_324.JPEG	11	0	63	63
n03763968_325.JPEG	0	31	31	63
n03763968_326.JPEG	7	6	51	63
n03763968_327.JPEG	40	30	63	63
n03763968_328.JPEG	0	0	62	63
n03763968_329.JPEG	3	0	58	63
n03763968_330.JPEG	0	2	63	63
n03763968_331.JPEG	5	0	61	63
n03763968_332.JPEG	4	22	63	63
n03763968_333.JPEG	9	12	63	63
n03763968_334.JPEG	6	0	52	63
n03763968_335.JPEG	0	15	31	63
n03763968_336.JPEG	0	10	63	63
n03763968_337.JPEG	0	0	32	63
n03763968_338.JPEG	8	3	54	63
n03763968_339.JPEG	42	2	61	63
n03763968_340.JPEG	0	36	63	63
n03763968_341.JPEG	50	19	63	63
n03763968_342.JPEG	1	31	45	63
n03763968_343.JPEG	31	21	39	56
n03763968_344.JPEG	1	0	52	63
n03763968_345.JPEG	0	9	23	63
n03763968_346.JPEG	41	16	57	49
n03763968_347.JPEG	7	21	63	63
n03763968_348.JPEG	0	0	55	63
n03763968_349.JPEG	28	16	63	59
n03763968_350.JPEG	5	21	55	63
n03763968_351.JPEG	16	0	44	63
n03763968_352.JPEG	13	19	51	63
n03763968_353.JPEG	49	9	63	63
n03763968_354.JPEG	0	15	63	63
n03763968_355.JPEG	1	0	63	63
n03763968_356.JPEG	5	2	51	63
n03763968_357.JPEG	1	15	60	63
n03763968_358.JPEG	1	30	63	63
n03763968_359.JPEG	0	1	44	63
n03763968_360.JPEG	55	16	63	59
n03763968_361.JPEG	8	0	50	63
n03763968_362.JPEG	0	0	63	63
n03763968_363.JPEG	32	26	37	31
n03763968_364.JPEG	0	0	63	63
n03763968_365.JPEG	11	0	60	63
n03763968_366.JPEG	9	5	53	47
n03763968_367.JPEG	20	0	49	63
n03763968_368.JPEG	1	0	59	63
n03763968_369.JPEG	29	7	49	62
n03763968_370.JPEG	8	0	63	63
n03763968_371.JPEG	2	0	61	63
n03763968_372.JPEG	15	1	62	63
n03763968_373.JPEG	8	0	57	63
n03763968_374.JPEG	56	0	63	49
n03763968_375.JPEG	0	0	63	63
n03763968_376.JPEG	54	11	63	63
n03763968_377.JPEG	1	29	63	63
n03763968_378.JPEG	1	0	63	63
n03763968_379.JPEG	24	43	46	63
n03763968_380.JPEG	12	13	55	63
n03763968_381.JPEG	16	1	63	63
n03763968_382.JPEG	0	16	21	63
n03763968_383.JPEG	4	22	26	63
n03763968_384.JPEG	0	33	63	63
n03763968_385.JPEG	9	5	56	63
n03763968_386.JPEG	0	13	58	63
n03763968_387.JPEG	0	3	53	63
n03763968_388.JPEG	0	1	63	63
n03763968_389.JPEG	0	0	63	62
n03763968_390.JPEG	0	0	63	63
n03763968_391.JPEG	0	0	31	63
n03763968_392.JPEG	4	0	50	63
n03763968_393.JPEG	8	19	29	63
n03763968_394.JPEG	1	25	63	63
n03763968_395.JPEG	7	0	56	63
n03763968_396.JPEG	3	7	63	63
n03763968_397.JPEG	1	0	63	63
n03763968_398.JPEG	2	16	25	63
n03763968_399.JPEG	12	4	63	63
n03763968_400.JPEG	0	1	63	63
n03763968_401.JPEG	2	0	63	63
n03763968_402.JPEG	4	0	52	63
n03763968_403.JPEG	0	3	37	63
n03763968_404.JPEG	29	2	59	63
n03763968_405.JPEG	1	41	63	63
n03763968_406.JPEG	12	14	56	63
n03763968_407.JPEG	0	0	62	63
n03763968_408.JPEG	0	0	63	63
n03763968_409.JPEG	1	0	58	63
n03763968_410.JPEG	0	0	60	63
n03763968_411.JPEG	2	0	62	63
n03763968_412.JPEG	28	9	54	63
n03763968_413.JPEG	25	17	48	61
n03763968_414.JPEG	12	14	34	63
n03763968_415.JPEG	38	20	62	63
n03763968_416.JPEG	23	11	62	55
n03763968_417.JPEG	1	0	62	63
n03763968_418.JPEG	4	6	63	63
n03763968_419.JPEG	0	1	31	63
n03763968_420.JPEG	26	1	63	63
n03763968_421.JPEG	0	10	55	63
n03763968_422.JPEG	33	18	62	50
n03763968_423.JPEG	11	0	63	63
n03763968_424.JPEG	41	21	56	59
n03763968_425.JPEG	28	13	45	63
n03763968_426.JPEG	12	0	62	63
n03763968_427.JPEG	7	20	30	63
n03763968_428.JPEG	11	0	52	63
n03763968_429.JPEG	4	27	53	63
n03763968_430.JPEG	0	20	63	63
n03763968_431.JPEG	13	1	62	63
n03763968_432.JPEG	1	0	63	63
n03763968_433.JPEG	0	10	63	57
n03763968_434.JPEG	10	0	52	63
n03763968_435.JPEG	18	4	47	63
n03763968_436.JPEG	3	0	55	63
n03763968_437.JPEG	3	0	63	63
n03763968_438.JPEG	7	0	60	63
n03763968_439.JPEG	0	24	44	63
n03763968_440.JPEG	47	10	63	60
n03763968_441.JPEG	3	0	40	63
n03763968_442.JPEG	32	0	61	63
n03763968_443.JPEG	0	5	56	63
n03763968_444.JPEG	0	24	32	63
n03763968_445.JPEG	34	21	63	63
n03763968_446.JPEG	47	4	63	58
n03763968_447.JPEG	0	5	23	63
n03763968_448.JPEG	11	2	63	63
n03763968_449.JPEG	1	0	63	63
n03763968_450.JPEG	6	0	63	63
n03763968_451.JPEG	0	14	4	63
n03763968_452.JPEG	31	9	54	63
n03763968_453.JPEG	17	5	42	63
n03763968_454.JPEG	7	30	30	57
n03763968_455.JPEG	4	32	63	63
n03763968_456.JPEG	10	19	63	62
n03763968_457.JPEG	3	0	63	63
n03763968_458.JPEG	18	29	37	63
n03763968_459.JPEG	5	0	61	63
n03763968_460.JPEG	0	1	63	63
n03763968_461.JPEG	0	2	51	63
n03763968_462.JPEG	7	0	63	63
n03763968_463.JPEG	56	11	63	56
n03763968_464.JPEG	31	11	49	63
n03763968_465.JPEG	25	0	53	63
n03763968_466.JPEG	0	18	25	59
n03763968_467.JPEG	0	0	63	63
n03763968_468.JPEG	5	25	39	63
n03763968_469.JPEG	5	2	55	63
n03763968_470.JPEG	15	0	42	63
n03763968_471.JPEG	15	0	63	63
n03763968_472.JPEG	21	1	63	63
n03763968_473.JPEG	0	0	44	63
n03763968_474.JPEG	59	7	63	56
n03763968_475.JPEG	58	27	63	54
n03763968_476.JPEG	19	0	43	63
n03763968_477.JPEG	4	23	23	63
n03763968_478.JPEG	30	0	63	63
n03763968_479.JPEG	1	0	63	63
n03763968_480.JPEG	7	4	39	63
n03763968_481.JPEG	16	16	62	63
n03763968_482.JPEG	0	15	63	56
n03763968_483.JPEG	1	29	56	63
n03763968_484.JPEG	20	0	44	63
n03763968_485.JPEG	0	9	30	59
n03763968_486.JPEG	0	17	15	63
n03763968_487.JPEG	2	16	60	63
n03763968_488.JPEG	28	0	52	63
n03763968_489.JPEG	0	0	63	63
n03763968_490.JPEG	10	27	31	57
n03763968_491.JPEG	3	11	23	63
n03763968_492.JPEG	31	17	55	63
n03763968_493.JPEG	0	1	63	63
n03763968_494.JPEG	2	0	27	63
n03763968_495.JPEG	0	0	43	63
n03763968_496.JPEG	0	3	63	63
n03763968_497.JPEG	19	30	47	63
n03763968_498.JPEG	30	13	47	62
n03763968_499.JPEG	0	0	58	63
