n03983396_0.JPEG	22	0	43	63
n03983396_1.JPEG	20	0	42	63
n03983396_2.JPEG	10	0	50	63
n03983396_3.JPEG	24	0	42	59
n03983396_4.JPEG	8	0	56	63
n03983396_5.JPEG	0	0	10	16
n03983396_6.JPEG	24	24	47	39
n03983396_7.JPEG	21	0	48	63
n03983396_8.JPEG	45	0	61	44
n03983396_9.JPEG	44	2	63	59
n03983396_10.JPEG	7	0	43	63
n03983396_11.JPEG	21	16	43	37
n03983396_12.JPEG	7	4	28	63
n03983396_13.JPEG	19	12	43	63
n03983396_14.JPEG	47	0	63	63
n03983396_15.JPEG	15	0	48	39
n03983396_16.JPEG	1	0	42	63
n03983396_17.JPEG	5	0	57	63
n03983396_18.JPEG	17	0	42	23
n03983396_19.JPEG	28	21	38	53
n03983396_20.JPEG	30	0	49	43
n03983396_21.JPEG	10	0	32	63
n03983396_22.JPEG	20	0	42	63
n03983396_23.JPEG	31	2	50	53
n03983396_24.JPEG	7	36	20	63
n03983396_25.JPEG	20	0	40	63
n03983396_26.JPEG	20	7	40	63
n03983396_27.JPEG	9	1	47	61
n03983396_28.JPEG	41	51	51	63
n03983396_29.JPEG	16	41	53	52
n03983396_30.JPEG	21	0	43	63
n03983396_31.JPEG	7	0	30	63
n03983396_32.JPEG	18	0	52	63
n03983396_33.JPEG	31	0	63	63
n03983396_34.JPEG	20	17	52	43
n03983396_35.JPEG	19	0	63	63
n03983396_36.JPEG	11	0	57	63
n03983396_37.JPEG	3	1	33	61
n03983396_38.JPEG	18	0	51	63
n03983396_39.JPEG	23	26	36	63
n03983396_40.JPEG	14	14	30	60
n03983396_41.JPEG	13	0	51	63
n03983396_42.JPEG	32	0	63	63
n03983396_43.JPEG	11	0	40	63
n03983396_44.JPEG	10	0	59	63
n03983396_45.JPEG	16	6	33	62
n03983396_46.JPEG	22	11	59	50
n03983396_47.JPEG	5	0	45	63
n03983396_48.JPEG	32	1	61	63
n03983396_49.JPEG	7	0	61	63
n03983396_50.JPEG	0	1	50	63
n03983396_51.JPEG	3	7	25	63
n03983396_52.JPEG	23	0	44	63
n03983396_53.JPEG	21	0	63	59
n03983396_54.JPEG	4	0	50	63
n03983396_55.JPEG	7	0	54	63
n03983396_56.JPEG	7	0	27	63
n03983396_57.JPEG	19	0	58	63
n03983396_58.JPEG	36	0	63	63
n03983396_59.JPEG	19	3	34	53
n03983396_60.JPEG	20	0	43	63
n03983396_61.JPEG	12	0	35	63
n03983396_62.JPEG	24	38	38	63
n03983396_63.JPEG	16	0	42	63
n03983396_64.JPEG	21	0	45	63
n03983396_65.JPEG	42	10	54	24
n03983396_66.JPEG	25	5	40	63
n03983396_67.JPEG	1	0	63	63
n03983396_68.JPEG	16	0	47	61
n03983396_69.JPEG	10	7	57	57
n03983396_70.JPEG	6	31	13	48
n03983396_71.JPEG	25	0	53	63
n03983396_72.JPEG	17	1	41	63
n03983396_73.JPEG	38	10	52	61
n03983396_74.JPEG	23	0	43	63
n03983396_75.JPEG	22	0	49	63
n03983396_76.JPEG	17	0	55	63
n03983396_77.JPEG	17	0	63	63
n03983396_78.JPEG	37	17	52	58
n03983396_79.JPEG	40	0	60	63
n03983396_80.JPEG	0	12	63	63
n03983396_81.JPEG	0	0	25	63
n03983396_82.JPEG	19	0	46	63
n03983396_83.JPEG	34	38	53	48
n03983396_84.JPEG	22	0	45	63
n03983396_85.JPEG	1	0	49	63
n03983396_86.JPEG	0	0	24	63
n03983396_87.JPEG	18	9	44	63
n03983396_88.JPEG	13	0	37	63
n03983396_89.JPEG	7	0	52	63
n03983396_90.JPEG	19	6	29	48
n03983396_91.JPEG	0	0	46	63
n03983396_92.JPEG	21	0	41	63
n03983396_93.JPEG	18	35	29	61
n03983396_94.JPEG	1	0	62	63
n03983396_95.JPEG	0	1	63	63
n03983396_96.JPEG	0	43	0	57
n03983396_97.JPEG	8	0	34	63
n03983396_98.JPEG	1	13	47	40
n03983396_99.JPEG	0	9	60	58
n03983396_100.JPEG	2	0	27	63
n03983396_101.JPEG	19	0	43	63
n03983396_102.JPEG	18	0	44	63
n03983396_103.JPEG	19	23	28	46
n03983396_104.JPEG	26	5	40	58
n03983396_105.JPEG	21	0	44	63
n03983396_106.JPEG	42	1	55	52
n03983396_107.JPEG	44	0	63	35
n03983396_108.JPEG	0	0	63	63
n03983396_109.JPEG	0	1	12	63
n03983396_110.JPEG	0	0	59	63
n03983396_111.JPEG	19	0	49	63
n03983396_112.JPEG	22	0	40	49
n03983396_113.JPEG	48	7	63	63
n03983396_114.JPEG	20	0	63	63
n03983396_115.JPEG	4	0	30	63
n03983396_116.JPEG	23	0	41	63
n03983396_117.JPEG	17	0	43	63
n03983396_118.JPEG	17	5	44	58
n03983396_119.JPEG	16	26	47	36
n03983396_120.JPEG	26	0	46	63
n03983396_121.JPEG	45	4	60	59
n03983396_122.JPEG	11	13	28	60
n03983396_123.JPEG	33	0	51	63
n03983396_124.JPEG	0	1	33	63
n03983396_125.JPEG	25	0	47	63
n03983396_126.JPEG	42	25	53	41
n03983396_127.JPEG	30	44	61	63
n03983396_128.JPEG	2	0	41	63
n03983396_129.JPEG	6	0	59	63
n03983396_130.JPEG	29	6	46	59
n03983396_131.JPEG	20	14	46	60
n03983396_132.JPEG	16	0	57	61
n03983396_133.JPEG	24	0	43	63
n03983396_134.JPEG	22	0	41	63
n03983396_135.JPEG	0	24	33	49
n03983396_136.JPEG	24	1	45	63
n03983396_137.JPEG	26	0	45	63
n03983396_138.JPEG	26	2	42	59
n03983396_139.JPEG	36	1	63	63
n03983396_140.JPEG	10	0	54	63
n03983396_141.JPEG	3	0	26	63
n03983396_142.JPEG	0	28	33	54
n03983396_143.JPEG	26	2	43	63
n03983396_144.JPEG	0	0	63	63
n03983396_145.JPEG	0	16	13	30
n03983396_146.JPEG	12	3	19	52
n03983396_147.JPEG	33	0	54	62
n03983396_148.JPEG	14	0	31	61
n03983396_149.JPEG	1	0	63	63
n03983396_150.JPEG	17	0	47	63
n03983396_151.JPEG	26	1	48	44
n03983396_152.JPEG	10	0	59	63
n03983396_153.JPEG	63	3	63	28
n03983396_154.JPEG	7	7	63	63
n03983396_155.JPEG	3	0	61	63
n03983396_156.JPEG	15	1	51	63
n03983396_157.JPEG	9	0	49	63
n03983396_158.JPEG	17	0	48	62
n03983396_159.JPEG	26	0	51	63
n03983396_160.JPEG	16	0	51	63
n03983396_161.JPEG	19	0	42	63
n03983396_162.JPEG	19	0	44	63
n03983396_163.JPEG	28	1	47	61
n03983396_164.JPEG	28	4	42	58
n03983396_165.JPEG	31	0	59	63
n03983396_166.JPEG	4	1	63	63
n03983396_167.JPEG	28	2	45	61
n03983396_168.JPEG	26	0	41	49
n03983396_169.JPEG	13	13	42	31
n03983396_170.JPEG	13	0	50	63
n03983396_171.JPEG	21	0	44	63
n03983396_172.JPEG	37	4	63	58
n03983396_173.JPEG	23	2	44	62
n03983396_174.JPEG	8	15	12	27
n03983396_175.JPEG	21	0	49	63
n03983396_176.JPEG	21	0	43	63
n03983396_177.JPEG	37	7	53	62
n03983396_178.JPEG	0	0	54	63
n03983396_179.JPEG	38	34	44	56
n03983396_180.JPEG	21	0	47	63
n03983396_181.JPEG	12	0	53	63
n03983396_182.JPEG	15	1	63	63
n03983396_183.JPEG	31	0	53	63
n03983396_184.JPEG	48	36	53	54
n03983396_185.JPEG	1	5	18	57
n03983396_186.JPEG	15	31	54	63
n03983396_187.JPEG	8	0	48	63
n03983396_188.JPEG	36	0	58	62
n03983396_189.JPEG	7	0	59	63
n03983396_190.JPEG	37	0	59	63
n03983396_191.JPEG	15	0	63	63
n03983396_192.JPEG	22	0	44	63
n03983396_193.JPEG	33	0	57	63
n03983396_194.JPEG	31	7	63	50
n03983396_195.JPEG	0	0	52	63
n03983396_196.JPEG	33	0	52	58
n03983396_197.JPEG	23	0	44	63
n03983396_198.JPEG	18	0	42	63
n03983396_199.JPEG	25	21	31	43
n03983396_200.JPEG	7	0	30	63
n03983396_201.JPEG	6	0	55	63
n03983396_202.JPEG	24	0	45	63
n03983396_203.JPEG	16	0	46	63
n03983396_204.JPEG	0	6	29	51
n03983396_205.JPEG	23	21	30	43
n03983396_206.JPEG	13	0	50	63
n03983396_207.JPEG	55	27	60	48
n03983396_208.JPEG	7	2	17	54
n03983396_209.JPEG	50	3	63	39
n03983396_210.JPEG	27	0	49	63
n03983396_211.JPEG	4	0	62	63
n03983396_212.JPEG	21	0	42	63
n03983396_213.JPEG	7	0	24	59
n03983396_214.JPEG	0	0	63	63
n03983396_215.JPEG	17	23	26	57
n03983396_216.JPEG	18	0	50	63
n03983396_217.JPEG	5	0	35	63
n03983396_218.JPEG	4	0	40	63
n03983396_219.JPEG	11	3	62	63
n03983396_220.JPEG	7	0	59	63
n03983396_221.JPEG	1	0	22	63
n03983396_222.JPEG	25	0	52	63
n03983396_223.JPEG	22	0	43	63
n03983396_224.JPEG	0	3	17	60
n03983396_225.JPEG	1	0	30	63
n03983396_226.JPEG	0	0	63	63
n03983396_227.JPEG	50	22	58	48
n03983396_228.JPEG	32	0	48	63
n03983396_229.JPEG	19	0	47	63
n03983396_230.JPEG	11	11	20	54
n03983396_231.JPEG	15	0	50	60
n03983396_232.JPEG	0	0	54	63
n03983396_233.JPEG	2	0	63	63
n03983396_234.JPEG	0	1	48	40
n03983396_235.JPEG	3	0	47	60
n03983396_236.JPEG	42	0	61	63
n03983396_237.JPEG	13	6	31	58
n03983396_238.JPEG	12	0	29	63
n03983396_239.JPEG	8	0	57	63
n03983396_240.JPEG	0	14	9	52
n03983396_241.JPEG	18	16	27	55
n03983396_242.JPEG	6	0	59	63
n03983396_243.JPEG	3	0	59	63
n03983396_244.JPEG	23	4	45	63
n03983396_245.JPEG	0	0	55	63
n03983396_246.JPEG	23	0	48	63
n03983396_247.JPEG	29	0	46	45
n03983396_248.JPEG	6	0	31	63
n03983396_249.JPEG	44	2	61	62
n03983396_250.JPEG	16	6	49	60
n03983396_251.JPEG	18	0	44	63
n03983396_252.JPEG	34	0	56	53
n03983396_253.JPEG	17	0	36	63
n03983396_254.JPEG	0	0	42	63
n03983396_255.JPEG	31	3	47	60
n03983396_256.JPEG	0	26	63	55
n03983396_257.JPEG	2	0	30	63
n03983396_258.JPEG	28	27	38	47
n03983396_259.JPEG	15	0	57	63
n03983396_260.JPEG	16	0	48	63
n03983396_261.JPEG	20	0	40	63
n03983396_262.JPEG	0	25	54	49
n03983396_263.JPEG	1	0	63	63
n03983396_264.JPEG	17	0	48	63
n03983396_265.JPEG	8	7	53	53
n03983396_266.JPEG	12	4	34	63
n03983396_267.JPEG	20	0	45	63
n03983396_268.JPEG	12	0	52	63
n03983396_269.JPEG	21	0	46	63
n03983396_270.JPEG	14	1	47	63
n03983396_271.JPEG	16	10	33	54
n03983396_272.JPEG	1	0	41	63
n03983396_273.JPEG	28	10	47	63
n03983396_274.JPEG	14	1	50	63
n03983396_275.JPEG	22	20	27	37
n03983396_276.JPEG	0	9	11	51
n03983396_277.JPEG	15	1	30	57
n03983396_278.JPEG	26	7	42	59
n03983396_279.JPEG	3	0	63	63
n03983396_280.JPEG	0	0	36	63
n03983396_281.JPEG	34	0	62	63
n03983396_282.JPEG	21	0	42	63
n03983396_283.JPEG	3	3	21	60
n03983396_284.JPEG	17	3	40	59
n03983396_285.JPEG	33	28	42	48
n03983396_286.JPEG	8	0	48	63
n03983396_287.JPEG	7	0	53	63
n03983396_288.JPEG	30	24	45	62
n03983396_289.JPEG	23	0	41	61
n03983396_290.JPEG	0	0	63	63
n03983396_291.JPEG	10	0	56	63
n03983396_292.JPEG	0	0	30	63
n03983396_293.JPEG	12	0	58	63
n03983396_294.JPEG	22	0	41	63
n03983396_295.JPEG	20	0	43	63
n03983396_296.JPEG	19	34	31	63
n03983396_297.JPEG	48	11	63	63
n03983396_298.JPEG	2	18	24	63
n03983396_299.JPEG	0	0	63	57
n03983396_300.JPEG	44	8	63	63
n03983396_301.JPEG	19	0	42	63
n03983396_302.JPEG	28	16	36	46
n03983396_303.JPEG	12	0	52	63
n03983396_304.JPEG	27	0	58	32
n03983396_305.JPEG	0	0	63	63
n03983396_306.JPEG	24	2	44	58
n03983396_307.JPEG	23	0	54	48
n03983396_308.JPEG	17	0	45	63
n03983396_309.JPEG	12	0	53	63
n03983396_310.JPEG	17	0	46	63
n03983396_311.JPEG	23	0	42	63
n03983396_312.JPEG	17	0	43	63
n03983396_313.JPEG	2	0	63	63
n03983396_314.JPEG	17	1	54	63
n03983396_315.JPEG	63	38	63	50
n03983396_316.JPEG	0	29	36	63
n03983396_317.JPEG	24	10	41	53
n03983396_318.JPEG	10	0	58	63
n03983396_319.JPEG	12	3	26	45
n03983396_320.JPEG	0	11	21	63
n03983396_321.JPEG	50	0	63	63
n03983396_322.JPEG	26	0	59	63
n03983396_323.JPEG	19	0	42	63
n03983396_324.JPEG	7	0	54	63
n03983396_325.JPEG	0	31	63	52
n03983396_326.JPEG	0	0	63	63
n03983396_327.JPEG	13	0	38	63
n03983396_328.JPEG	2	22	24	63
n03983396_329.JPEG	20	20	63	41
n03983396_330.JPEG	21	0	45	63
n03983396_331.JPEG	31	3	38	30
n03983396_332.JPEG	8	28	16	49
n03983396_333.JPEG	8	0	55	63
n03983396_334.JPEG	5	2	22	36
n03983396_335.JPEG	24	0	44	63
n03983396_336.JPEG	22	0	63	63
n03983396_337.JPEG	21	3	38	63
n03983396_338.JPEG	17	4	62	63
n03983396_339.JPEG	24	9	38	58
n03983396_340.JPEG	3	0	63	63
n03983396_341.JPEG	27	0	46	56
n03983396_342.JPEG	1	0	57	63
n03983396_343.JPEG	21	0	47	63
n03983396_344.JPEG	7	0	60	63
n03983396_345.JPEG	2	0	58	63
n03983396_346.JPEG	5	2	26	63
n03983396_347.JPEG	0	1	34	60
n03983396_348.JPEG	21	0	48	63
n03983396_349.JPEG	25	0	33	18
n03983396_350.JPEG	26	0	63	59
n03983396_351.JPEG	29	14	38	43
n03983396_352.JPEG	24	16	44	63
n03983396_353.JPEG	0	1	31	60
n03983396_354.JPEG	7	1	41	56
n03983396_355.JPEG	34	0	57	63
n03983396_356.JPEG	17	0	50	63
n03983396_357.JPEG	17	0	53	63
n03983396_358.JPEG	5	8	63	51
n03983396_359.JPEG	6	0	59	63
n03983396_360.JPEG	0	19	37	63
n03983396_361.JPEG	27	0	49	63
n03983396_362.JPEG	19	0	42	63
n03983396_363.JPEG	29	0	47	62
n03983396_364.JPEG	15	0	37	63
n03983396_365.JPEG	14	46	23	63
n03983396_366.JPEG	0	0	52	56
n03983396_367.JPEG	1	0	62	63
n03983396_368.JPEG	3	17	31	63
n03983396_369.JPEG	0	0	58	63
n03983396_370.JPEG	13	0	48	63
n03983396_371.JPEG	16	0	44	63
n03983396_372.JPEG	30	6	58	63
n03983396_373.JPEG	0	0	63	63
n03983396_374.JPEG	35	14	51	61
n03983396_375.JPEG	22	35	27	49
n03983396_376.JPEG	20	0	47	63
n03983396_377.JPEG	21	0	41	63
n03983396_378.JPEG	23	0	41	58
n03983396_379.JPEG	21	0	44	63
n03983396_380.JPEG	21	0	45	63
n03983396_381.JPEG	21	0	43	63
n03983396_382.JPEG	19	2	44	63
n03983396_383.JPEG	33	0	53	63
n03983396_384.JPEG	18	0	52	63
n03983396_385.JPEG	21	0	41	63
n03983396_386.JPEG	22	1	44	63
n03983396_387.JPEG	48	40	53	45
n03983396_388.JPEG	43	9	61	59
n03983396_389.JPEG	6	0	57	63
n03983396_390.JPEG	23	0	42	63
n03983396_391.JPEG	15	8	38	49
n03983396_392.JPEG	13	0	53	63
n03983396_393.JPEG	22	0	44	63
n03983396_394.JPEG	22	0	53	63
n03983396_395.JPEG	4	0	29	63
n03983396_396.JPEG	0	0	11	52
n03983396_397.JPEG	6	0	55	63
n03983396_398.JPEG	22	8	37	63
n03983396_399.JPEG	24	25	36	61
n03983396_400.JPEG	3	0	62	63
n03983396_401.JPEG	20	14	44	63
n03983396_402.JPEG	22	0	46	63
n03983396_403.JPEG	16	0	47	63
n03983396_404.JPEG	21	0	42	63
n03983396_405.JPEG	15	0	36	63
n03983396_406.JPEG	37	0	56	57
n03983396_407.JPEG	20	15	34	62
n03983396_408.JPEG	12	34	48	63
n03983396_409.JPEG	15	0	35	61
n03983396_410.JPEG	10	0	61	63
n03983396_411.JPEG	3	0	61	63
n03983396_412.JPEG	35	0	55	62
n03983396_413.JPEG	20	0	40	63
n03983396_414.JPEG	51	0	63	63
n03983396_415.JPEG	27	1	46	44
n03983396_416.JPEG	24	7	39	58
n03983396_417.JPEG	25	0	33	15
n03983396_418.JPEG	29	18	44	51
n03983396_419.JPEG	0	16	63	42
n03983396_420.JPEG	25	1	42	60
n03983396_421.JPEG	0	0	49	63
n03983396_422.JPEG	9	0	58	63
n03983396_423.JPEG	3	0	63	63
n03983396_424.JPEG	19	0	51	63
n03983396_425.JPEG	14	0	53	63
n03983396_426.JPEG	19	0	34	48
n03983396_427.JPEG	0	12	63	49
n03983396_428.JPEG	37	34	53	63
n03983396_429.JPEG	0	6	51	63
n03983396_430.JPEG	0	9	63	54
n03983396_431.JPEG	36	2	43	19
n03983396_432.JPEG	23	0	44	61
n03983396_433.JPEG	20	0	46	63
n03983396_434.JPEG	16	0	42	63
n03983396_435.JPEG	24	0	41	63
n03983396_436.JPEG	1	4	63	58
n03983396_437.JPEG	0	2	20	61
n03983396_438.JPEG	1	0	63	61
n03983396_439.JPEG	38	16	57	63
n03983396_440.JPEG	21	9	42	63
n03983396_441.JPEG	20	0	43	63
n03983396_442.JPEG	56	1	63	63
n03983396_443.JPEG	23	0	43	63
n03983396_444.JPEG	0	0	63	63
n03983396_445.JPEG	9	0	55	63
n03983396_446.JPEG	0	33	38	63
n03983396_447.JPEG	3	9	19	39
n03983396_448.JPEG	6	3	22	39
n03983396_449.JPEG	16	0	44	63
n03983396_450.JPEG	34	0	54	63
n03983396_451.JPEG	20	0	48	63
n03983396_452.JPEG	24	27	63	55
n03983396_453.JPEG	27	0	43	63
n03983396_454.JPEG	0	0	15	51
n03983396_455.JPEG	0	0	42	63
n03983396_456.JPEG	24	0	43	63
n03983396_457.JPEG	19	1	47	63
n03983396_458.JPEG	0	1	63	63
n03983396_459.JPEG	44	2	63	56
n03983396_460.JPEG	45	5	58	50
n03983396_461.JPEG	20	5	42	61
n03983396_462.JPEG	30	10	37	30
n03983396_463.JPEG	27	0	61	20
n03983396_464.JPEG	18	6	36	63
n03983396_465.JPEG	34	0	63	62
n03983396_466.JPEG	15	0	48	63
n03983396_467.JPEG	23	0	43	61
n03983396_468.JPEG	27	8	43	63
n03983396_469.JPEG	37	4	63	58
n03983396_470.JPEG	14	0	51	63
n03983396_471.JPEG	17	0	52	63
n03983396_472.JPEG	18	0	38	63
n03983396_473.JPEG	20	1	45	63
n03983396_474.JPEG	28	28	39	52
n03983396_475.JPEG	26	23	34	40
n03983396_476.JPEG	9	0	55	63
n03983396_477.JPEG	0	0	63	63
n03983396_478.JPEG	2	0	51	63
n03983396_479.JPEG	21	0	45	63
n03983396_480.JPEG	25	0	63	63
n03983396_481.JPEG	16	7	31	58
n03983396_482.JPEG	15	9	49	63
n03983396_483.JPEG	0	0	49	63
n03983396_484.JPEG	0	0	63	63
n03983396_485.JPEG	30	35	55	46
n03983396_486.JPEG	4	0	51	63
n03983396_487.JPEG	24	0	42	63
n03983396_488.JPEG	25	4	40	60
n03983396_489.JPEG	0	18	5	41
n03983396_490.JPEG	21	0	45	63
n03983396_491.JPEG	5	0	57	63
n03983396_492.JPEG	23	0	47	63
n03983396_493.JPEG	18	0	52	63
n03983396_494.JPEG	7	0	63	63
n03983396_495.JPEG	20	0	49	63
n03983396_496.JPEG	17	0	35	53
n03983396_497.JPEG	36	3	52	60
n03983396_498.JPEG	25	17	44	53
n03983396_499.JPEG	19	0	54	63
