n04008634_0.JPEG	17	3	25	18
n04008634_1.JPEG	9	8	61	63
n04008634_2.JPEG	0	17	56	33
n04008634_3.JPEG	29	6	35	33
n04008634_4.JPEG	40	7	45	41
n04008634_5.JPEG	28	0	37	41
n04008634_6.JPEG	31	6	37	23
n04008634_7.JPEG	39	9	55	26
n04008634_8.JPEG	0	2	62	59
n04008634_9.JPEG	0	0	39	19
n04008634_10.JPEG	0	22	63	54
n04008634_11.JPEG	21	0	40	63
n04008634_12.JPEG	36	8	63	32
n04008634_13.JPEG	0	11	63	59
n04008634_14.JPEG	30	3	37	44
n04008634_15.JPEG	0	35	41	50
n04008634_16.JPEG	0	0	63	63
n04008634_17.JPEG	0	14	55	62
n04008634_18.JPEG	1	10	63	63
n04008634_19.JPEG	1	10	54	34
n04008634_20.JPEG	32	17	34	21
n04008634_21.JPEG	38	0	56	26
n04008634_22.JPEG	15	17	43	45
n04008634_23.JPEG	0	29	63	56
n04008634_24.JPEG	0	27	63	40
n04008634_25.JPEG	0	21	63	63
n04008634_26.JPEG	20	24	47	60
n04008634_27.JPEG	1	14	63	56
n04008634_28.JPEG	63	9	63	52
n04008634_29.JPEG	0	5	63	50
n04008634_30.JPEG	46	16	63	63
n04008634_31.JPEG	20	4	43	61
n04008634_32.JPEG	2	0	52	23
n04008634_33.JPEG	21	8	42	63
n04008634_34.JPEG	17	3	49	63
n04008634_35.JPEG	0	19	62	42
n04008634_36.JPEG	0	20	63	56
n04008634_37.JPEG	0	6	63	56
n04008634_38.JPEG	6	36	12	38
n04008634_39.JPEG	0	33	63	47
n04008634_40.JPEG	27	0	37	36
n04008634_41.JPEG	0	10	63	47
n04008634_42.JPEG	28	19	33	29
n04008634_43.JPEG	23	5	26	12
n04008634_44.JPEG	3	16	53	63
n04008634_45.JPEG	15	19	26	63
n04008634_46.JPEG	40	30	63	63
n04008634_47.JPEG	7	30	10	55
n04008634_48.JPEG	0	2	63	63
n04008634_49.JPEG	9	7	59	63
n04008634_50.JPEG	4	3	45	51
n04008634_51.JPEG	3	0	63	63
n04008634_52.JPEG	12	23	63	50
n04008634_53.JPEG	4	17	63	38
n04008634_54.JPEG	19	0	39	63
n04008634_55.JPEG	24	0	40	63
n04008634_56.JPEG	26	10	33	18
n04008634_57.JPEG	27	9	31	26
n04008634_58.JPEG	1	12	63	54
n04008634_59.JPEG	0	25	63	42
n04008634_60.JPEG	0	20	63	42
n04008634_61.JPEG	33	5	38	48
n04008634_62.JPEG	0	14	63	37
n04008634_63.JPEG	2	6	63	59
n04008634_64.JPEG	0	17	63	34
n04008634_65.JPEG	0	15	49	38
n04008634_66.JPEG	0	1	63	63
n04008634_67.JPEG	34	8	63	63
n04008634_68.JPEG	16	1	51	55
n04008634_69.JPEG	23	0	63	63
n04008634_70.JPEG	0	2	61	39
n04008634_71.JPEG	6	25	63	43
n04008634_72.JPEG	23	2	31	43
n04008634_73.JPEG	28	0	46	63
n04008634_74.JPEG	6	0	62	63
n04008634_75.JPEG	3	6	63	63
n04008634_76.JPEG	31	1	63	17
n04008634_77.JPEG	0	2	61	47
n04008634_78.JPEG	47	0	57	45
n04008634_79.JPEG	0	15	63	56
n04008634_80.JPEG	0	12	63	46
n04008634_81.JPEG	22	15	46	46
n04008634_82.JPEG	17	6	23	29
n04008634_83.JPEG	0	12	63	51
n04008634_84.JPEG	1	30	21	37
n04008634_85.JPEG	0	7	53	23
n04008634_86.JPEG	6	1	14	10
n04008634_87.JPEG	18	0	43	63
n04008634_88.JPEG	0	8	35	31
n04008634_89.JPEG	2	15	36	32
n04008634_90.JPEG	21	17	27	35
n04008634_91.JPEG	31	0	37	11
n04008634_92.JPEG	1	0	63	63
n04008634_93.JPEG	14	0	42	63
n04008634_94.JPEG	21	0	23	0
n04008634_95.JPEG	0	12	63	45
n04008634_96.JPEG	0	12	63	49
n04008634_97.JPEG	3	15	63	37
n04008634_98.JPEG	0	0	63	63
n04008634_99.JPEG	0	0	62	63
n04008634_100.JPEG	27	20	33	44
n04008634_101.JPEG	0	30	23	41
n04008634_102.JPEG	14	0	43	63
n04008634_103.JPEG	23	4	35	21
n04008634_104.JPEG	22	20	30	26
n04008634_105.JPEG	19	2	39	13
n04008634_106.JPEG	0	19	63	49
n04008634_107.JPEG	0	27	62	38
n04008634_108.JPEG	22	0	43	63
n04008634_109.JPEG	44	34	57	37
n04008634_110.JPEG	24	25	44	63
n04008634_111.JPEG	0	21	63	49
n04008634_112.JPEG	9	0	43	63
n04008634_113.JPEG	36	10	42	59
n04008634_114.JPEG	30	6	35	28
n04008634_115.JPEG	31	3	35	22
n04008634_116.JPEG	26	3	28	6
n04008634_117.JPEG	20	0	47	63
n04008634_118.JPEG	18	0	50	63
n04008634_119.JPEG	0	6	13	51
n04008634_120.JPEG	36	8	58	23
n04008634_121.JPEG	0	33	20	44
n04008634_122.JPEG	22	25	50	61
n04008634_123.JPEG	0	8	60	23
n04008634_124.JPEG	0	1	23	63
n04008634_125.JPEG	13	6	31	30
n04008634_126.JPEG	28	0	40	63
n04008634_127.JPEG	0	3	63	39
n04008634_128.JPEG	0	0	63	51
n04008634_129.JPEG	40	5	50	19
n04008634_130.JPEG	0	1	63	40
n04008634_131.JPEG	0	18	63	36
n04008634_132.JPEG	7	0	62	63
n04008634_133.JPEG	0	9	5	63
n04008634_134.JPEG	29	3	34	46
n04008634_135.JPEG	17	1	44	56
n04008634_136.JPEG	0	0	63	63
n04008634_137.JPEG	23	0	38	58
n04008634_138.JPEG	28	1	44	50
n04008634_139.JPEG	30	2	37	30
n04008634_140.JPEG	39	0	55	52
n04008634_141.JPEG	0	2	47	42
n04008634_142.JPEG	0	3	63	32
n04008634_143.JPEG	0	18	63	39
n04008634_144.JPEG	0	6	63	59
n04008634_145.JPEG	0	16	63	63
n04008634_146.JPEG	0	20	63	36
n04008634_147.JPEG	25	5	40	63
n04008634_148.JPEG	22	0	48	63
n04008634_149.JPEG	43	7	47	11
n04008634_150.JPEG	19	0	63	57
n04008634_151.JPEG	0	7	63	53
n04008634_152.JPEG	1	7	63	58
n04008634_153.JPEG	0	2	63	62
n04008634_154.JPEG	0	19	63	58
n04008634_155.JPEG	9	0	47	60
n04008634_156.JPEG	0	30	41	51
n04008634_157.JPEG	0	11	63	54
n04008634_158.JPEG	0	20	63	57
n04008634_159.JPEG	4	19	51	31
n04008634_160.JPEG	31	7	32	18
n04008634_161.JPEG	11	0	52	63
n04008634_162.JPEG	0	19	63	48
n04008634_163.JPEG	33	0	37	13
n04008634_164.JPEG	49	20	63	29
n04008634_165.JPEG	0	10	63	61
n04008634_166.JPEG	27	14	33	20
n04008634_167.JPEG	0	1	63	51
n04008634_168.JPEG	0	26	63	42
n04008634_169.JPEG	0	20	63	63
n04008634_170.JPEG	14	0	53	63
n04008634_171.JPEG	0	17	63	49
n04008634_172.JPEG	22	31	60	63
n04008634_173.JPEG	0	20	63	46
n04008634_174.JPEG	27	0	38	57
n04008634_175.JPEG	32	1	39	35
n04008634_176.JPEG	4	23	24	32
n04008634_177.JPEG	0	15	63	63
n04008634_178.JPEG	0	26	63	48
n04008634_179.JPEG	0	9	7	16
n04008634_180.JPEG	12	0	50	63
n04008634_181.JPEG	30	0	36	9
n04008634_182.JPEG	9	2	17	11
n04008634_183.JPEG	0	18	63	29
n04008634_184.JPEG	0	11	63	49
n04008634_185.JPEG	0	1	63	63
n04008634_186.JPEG	24	2	33	13
n04008634_187.JPEG	19	0	46	63
n04008634_188.JPEG	0	6	63	60
n04008634_189.JPEG	0	1	47	63
n04008634_190.JPEG	36	0	42	14
n04008634_191.JPEG	0	8	43	39
n04008634_192.JPEG	8	3	61	63
n04008634_193.JPEG	0	5	63	61
n04008634_194.JPEG	19	27	61	55
n04008634_195.JPEG	2	0	20	63
n04008634_196.JPEG	0	19	63	41
n04008634_197.JPEG	0	36	63	55
n04008634_198.JPEG	16	0	28	63
n04008634_199.JPEG	31	0	43	63
n04008634_200.JPEG	16	2	45	63
n04008634_201.JPEG	2	2	11	12
n04008634_202.JPEG	0	0	63	63
n04008634_203.JPEG	1	3	61	62
n04008634_204.JPEG	25	1	37	63
n04008634_205.JPEG	28	0	37	62
n04008634_206.JPEG	13	17	28	63
n04008634_207.JPEG	19	0	45	63
n04008634_208.JPEG	2	10	57	45
n04008634_209.JPEG	30	43	63	56
n04008634_210.JPEG	11	4	63	50
n04008634_211.JPEG	43	8	47	29
n04008634_212.JPEG	16	20	53	50
n04008634_213.JPEG	0	18	28	33
n04008634_214.JPEG	26	0	45	63
n04008634_215.JPEG	15	15	22	31
n04008634_216.JPEG	6	0	55	63
n04008634_217.JPEG	30	7	37	43
n04008634_218.JPEG	9	9	55	47
n04008634_219.JPEG	19	19	31	25
n04008634_220.JPEG	58	1	63	23
n04008634_221.JPEG	33	24	63	41
n04008634_222.JPEG	15	11	34	63
n04008634_223.JPEG	0	4	63	31
n04008634_224.JPEG	1	0	63	63
n04008634_225.JPEG	0	23	63	42
n04008634_226.JPEG	0	33	63	54
n04008634_227.JPEG	19	1	43	63
n04008634_228.JPEG	1	20	63	40
n04008634_229.JPEG	0	28	63	42
n04008634_230.JPEG	10	33	21	37
n04008634_231.JPEG	29	1	34	37
n04008634_232.JPEG	23	63	26	63
n04008634_233.JPEG	0	22	57	40
n04008634_234.JPEG	47	10	55	50
n04008634_235.JPEG	0	10	63	43
n04008634_236.JPEG	7	16	63	49
n04008634_237.JPEG	0	0	63	63
n04008634_238.JPEG	12	0	63	63
n04008634_239.JPEG	0	29	45	63
n04008634_240.JPEG	0	42	63	63
n04008634_241.JPEG	0	12	63	56
n04008634_242.JPEG	0	17	63	51
n04008634_243.JPEG	24	0	41	63
n04008634_244.JPEG	0	0	63	58
n04008634_245.JPEG	34	21	37	25
n04008634_246.JPEG	0	37	3	40
n04008634_247.JPEG	0	7	39	48
n04008634_248.JPEG	1	0	53	63
n04008634_249.JPEG	38	0	45	31
n04008634_250.JPEG	0	4	63	63
n04008634_251.JPEG	0	9	63	49
n04008634_252.JPEG	20	11	27	59
n04008634_253.JPEG	22	0	42	35
n04008634_254.JPEG	0	17	63	47
n04008634_255.JPEG	20	0	48	63
n04008634_256.JPEG	0	14	38	41
n04008634_257.JPEG	14	8	22	18
n04008634_258.JPEG	0	16	60	33
n04008634_259.JPEG	26	21	54	23
n04008634_260.JPEG	37	8	63	63
n04008634_261.JPEG	0	19	63	35
n04008634_262.JPEG	18	32	42	47
n04008634_263.JPEG	0	1	22	23
n04008634_264.JPEG	9	28	58	40
n04008634_265.JPEG	0	8	63	41
n04008634_266.JPEG	6	4	17	58
n04008634_267.JPEG	26	0	51	63
n04008634_268.JPEG	24	9	34	43
n04008634_269.JPEG	0	0	63	45
n04008634_270.JPEG	2	11	63	62
n04008634_271.JPEG	5	0	52	63
n04008634_272.JPEG	20	13	49	52
n04008634_273.JPEG	0	19	63	63
n04008634_274.JPEG	36	18	58	48
n04008634_275.JPEG	29	8	38	45
n04008634_276.JPEG	25	3	39	63
n04008634_277.JPEG	0	7	63	41
n04008634_278.JPEG	26	24	33	39
n04008634_279.JPEG	0	10	62	63
n04008634_280.JPEG	0	0	17	16
n04008634_281.JPEG	25	5	57	30
n04008634_282.JPEG	24	6	48	48
n04008634_283.JPEG	0	0	21	63
n04008634_284.JPEG	26	0	36	35
n04008634_285.JPEG	2	7	29	24
n04008634_286.JPEG	19	0	52	54
n04008634_287.JPEG	0	25	63	51
n04008634_288.JPEG	0	20	63	50
n04008634_289.JPEG	20	0	43	63
n04008634_290.JPEG	13	0	50	63
n04008634_291.JPEG	14	25	19	30
n04008634_292.JPEG	16	0	58	59
n04008634_293.JPEG	23	0	40	62
n04008634_294.JPEG	5	13	41	63
n04008634_295.JPEG	0	11	63	49
n04008634_296.JPEG	8	5	63	56
n04008634_297.JPEG	0	18	63	45
n04008634_298.JPEG	16	0	40	63
n04008634_299.JPEG	0	31	32	50
n04008634_300.JPEG	2	7	30	20
n04008634_301.JPEG	44	26	52	39
n04008634_302.JPEG	0	2	63	63
n04008634_303.JPEG	30	0	58	44
n04008634_304.JPEG	18	27	63	48
n04008634_305.JPEG	8	9	24	63
n04008634_306.JPEG	25	0	35	38
n04008634_307.JPEG	36	16	45	63
n04008634_308.JPEG	0	3	63	63
n04008634_309.JPEG	28	1	32	20
n04008634_310.JPEG	27	0	36	14
n04008634_311.JPEG	8	0	43	63
n04008634_312.JPEG	22	0	50	63
n04008634_313.JPEG	0	17	63	46
n04008634_314.JPEG	4	2	18	13
n04008634_315.JPEG	26	0	32	9
n04008634_316.JPEG	15	0	55	63
n04008634_317.JPEG	21	16	44	38
n04008634_318.JPEG	2	10	63	51
n04008634_319.JPEG	6	0	61	63
n04008634_320.JPEG	24	0	63	63
n04008634_321.JPEG	22	0	40	46
n04008634_322.JPEG	0	21	63	36
n04008634_323.JPEG	19	4	63	63
n04008634_324.JPEG	0	24	63	29
n04008634_325.JPEG	33	11	63	63
n04008634_326.JPEG	4	6	63	42
n04008634_327.JPEG	35	17	58	33
n04008634_328.JPEG	5	0	30	63
n04008634_329.JPEG	3	6	62	58
n04008634_330.JPEG	0	15	63	39
n04008634_331.JPEG	33	7	51	57
n04008634_332.JPEG	1	9	63	55
n04008634_333.JPEG	35	0	42	12
n04008634_334.JPEG	0	16	62	63
n04008634_335.JPEG	45	0	48	0
n04008634_336.JPEG	16	37	63	50
n04008634_337.JPEG	0	3	38	30
n04008634_338.JPEG	30	9	33	23
n04008634_339.JPEG	17	0	43	63
n04008634_340.JPEG	33	6	39	60
n04008634_341.JPEG	1	13	39	42
n04008634_342.JPEG	0	10	63	42
n04008634_343.JPEG	0	29	63	58
n04008634_344.JPEG	15	24	63	63
n04008634_345.JPEG	11	5	63	28
n04008634_346.JPEG	0	22	63	41
n04008634_347.JPEG	0	21	12	63
n04008634_348.JPEG	17	4	49	60
n04008634_349.JPEG	33	0	46	57
n04008634_350.JPEG	0	17	63	33
n04008634_351.JPEG	2	13	44	32
n04008634_352.JPEG	20	13	29	29
n04008634_353.JPEG	24	0	45	59
n04008634_354.JPEG	25	0	37	63
n04008634_355.JPEG	15	0	44	63
n04008634_356.JPEG	0	27	63	45
n04008634_357.JPEG	19	0	40	37
n04008634_358.JPEG	27	0	34	35
n04008634_359.JPEG	25	1	32	34
n04008634_360.JPEG	38	4	59	59
n04008634_361.JPEG	0	17	60	63
n04008634_362.JPEG	24	0	26	2
n04008634_363.JPEG	7	24	13	63
n04008634_364.JPEG	5	15	47	63
n04008634_365.JPEG	3	10	41	28
n04008634_366.JPEG	28	0	49	63
n04008634_367.JPEG	21	0	43	63
n04008634_368.JPEG	0	5	63	54
n04008634_369.JPEG	11	3	39	63
n04008634_370.JPEG	23	5	45	48
n04008634_371.JPEG	0	10	63	54
n04008634_372.JPEG	2	0	59	63
n04008634_373.JPEG	0	36	3	38
n04008634_374.JPEG	0	15	63	55
n04008634_375.JPEG	0	3	63	63
n04008634_376.JPEG	63	14	63	19
n04008634_377.JPEG	3	12	56	45
n04008634_378.JPEG	28	0	31	0
n04008634_379.JPEG	29	0	39	36
n04008634_380.JPEG	0	1	58	60
n04008634_381.JPEG	0	17	63	63
n04008634_382.JPEG	0	11	63	63
n04008634_383.JPEG	20	0	47	63
n04008634_384.JPEG	0	17	63	38
n04008634_385.JPEG	0	20	63	48
n04008634_386.JPEG	0	25	63	43
n04008634_387.JPEG	26	2	36	61
n04008634_388.JPEG	5	0	63	63
n04008634_389.JPEG	0	6	59	59
n04008634_390.JPEG	19	6	48	63
n04008634_391.JPEG	0	3	14	30
n04008634_392.JPEG	0	8	63	57
n04008634_393.JPEG	36	0	51	15
n04008634_394.JPEG	18	0	33	63
n04008634_395.JPEG	0	13	63	54
n04008634_396.JPEG	0	13	63	32
n04008634_397.JPEG	0	0	63	63
n04008634_398.JPEG	0	0	63	63
n04008634_399.JPEG	30	0	38	27
n04008634_400.JPEG	0	7	63	47
n04008634_401.JPEG	7	12	55	46
n04008634_402.JPEG	0	1	63	43
n04008634_403.JPEG	5	0	33	63
n04008634_404.JPEG	35	6	40	63
n04008634_405.JPEG	30	3	51	35
n04008634_406.JPEG	0	9	19	22
n04008634_407.JPEG	21	7	29	62
n04008634_408.JPEG	21	0	45	63
n04008634_409.JPEG	1	11	49	51
n04008634_410.JPEG	0	3	61	61
n04008634_411.JPEG	31	4	34	9
n04008634_412.JPEG	0	38	2	40
n04008634_413.JPEG	0	8	63	51
n04008634_414.JPEG	44	8	63	24
n04008634_415.JPEG	30	0	46	63
n04008634_416.JPEG	0	12	63	60
n04008634_417.JPEG	0	11	9	23
n04008634_418.JPEG	0	5	63	56
n04008634_419.JPEG	0	0	57	22
n04008634_420.JPEG	0	28	63	53
n04008634_421.JPEG	17	1	63	54
n04008634_422.JPEG	0	0	63	63
n04008634_423.JPEG	0	1	63	42
n04008634_424.JPEG	0	13	61	40
n04008634_425.JPEG	0	27	11	59
n04008634_426.JPEG	0	9	63	52
n04008634_427.JPEG	53	19	61	31
n04008634_428.JPEG	3	0	33	63
n04008634_429.JPEG	24	20	63	63
n04008634_430.JPEG	0	2	63	61
n04008634_431.JPEG	57	15	63	39
n04008634_432.JPEG	4	26	51	47
n04008634_433.JPEG	5	5	52	57
n04008634_434.JPEG	26	0	34	47
n04008634_435.JPEG	0	7	49	44
n04008634_436.JPEG	0	20	63	53
n04008634_437.JPEG	10	5	24	63
n04008634_438.JPEG	0	11	14	29
n04008634_439.JPEG	59	7	63	8
n04008634_440.JPEG	26	0	39	63
n04008634_441.JPEG	22	1	40	36
n04008634_442.JPEG	0	34	24	49
n04008634_443.JPEG	31	4	39	19
n04008634_444.JPEG	5	0	44	56
n04008634_445.JPEG	0	6	18	63
n04008634_446.JPEG	0	30	63	59
n04008634_447.JPEG	0	15	63	28
n04008634_448.JPEG	28	7	43	38
n04008634_449.JPEG	0	28	63	61
n04008634_450.JPEG	0	13	63	39
n04008634_451.JPEG	24	0	41	31
n04008634_452.JPEG	0	2	63	50
n04008634_453.JPEG	30	3	37	58
n04008634_454.JPEG	3	13	63	58
n04008634_455.JPEG	7	16	63	50
n04008634_456.JPEG	43	0	55	26
n04008634_457.JPEG	18	0	51	63
n04008634_458.JPEG	27	0	36	63
n04008634_459.JPEG	0	16	56	34
n04008634_460.JPEG	0	14	63	47
n04008634_461.JPEG	25	0	37	48
n04008634_462.JPEG	2	25	63	42
n04008634_463.JPEG	24	0	47	63
n04008634_464.JPEG	0	23	63	61
n04008634_465.JPEG	0	15	63	56
n04008634_466.JPEG	28	5	43	22
n04008634_467.JPEG	27	10	40	63
n04008634_468.JPEG	27	3	63	18
n04008634_469.JPEG	0	3	63	63
n04008634_470.JPEG	0	7	63	35
n04008634_471.JPEG	19	3	30	63
n04008634_472.JPEG	40	26	46	38
n04008634_473.JPEG	0	0	31	63
n04008634_474.JPEG	30	6	34	26
n04008634_475.JPEG	4	16	55	51
n04008634_476.JPEG	0	8	63	46
n04008634_477.JPEG	0	15	63	48
n04008634_478.JPEG	0	7	63	56
n04008634_479.JPEG	29	4	35	60
n04008634_480.JPEG	1	1	63	55
n04008634_481.JPEG	31	0	45	63
n04008634_482.JPEG	14	45	63	63
n04008634_483.JPEG	0	21	63	63
n04008634_484.JPEG	11	2	56	57
n04008634_485.JPEG	0	17	63	40
n04008634_486.JPEG	12	41	21	57
n04008634_487.JPEG	27	0	33	63
n04008634_488.JPEG	50	2	59	15
n04008634_489.JPEG	2	1	63	63
n04008634_490.JPEG	13	0	51	63
n04008634_491.JPEG	32	2	34	9
n04008634_492.JPEG	0	0	63	63
n04008634_493.JPEG	0	13	63	35
n04008634_494.JPEG	0	25	60	44
n04008634_495.JPEG	0	18	63	41
n04008634_496.JPEG	4	9	32	35
n04008634_497.JPEG	0	5	63	56
n04008634_498.JPEG	0	1	63	63
n04008634_499.JPEG	13	0	60	63
