n09256479_0.JPEG	1	18	51	63
n09256479_1.JPEG	0	0	63	63
n09256479_2.JPEG	0	11	63	63
n09256479_3.JPEG	53	18	63	37
n09256479_4.JPEG	0	0	63	63
n09256479_5.JPEG	0	17	63	63
n09256479_6.JPEG	0	3	27	35
n09256479_7.JPEG	0	0	63	63
n09256479_8.JPEG	4	5	61	62
n09256479_9.JPEG	0	0	63	63
n09256479_10.JPEG	0	1	63	63
n09256479_11.JPEG	62	34	63	46
n09256479_12.JPEG	0	2	62	55
n09256479_13.JPEG	0	0	63	63
n09256479_14.JPEG	36	23	45	36
n09256479_15.JPEG	0	1	63	63
n09256479_16.JPEG	3	5	63	63
n09256479_17.JPEG	0	23	0	46
n09256479_18.JPEG	40	28	63	58
n09256479_19.JPEG	0	3	63	63
n09256479_20.JPEG	23	34	63	63
n09256479_21.JPEG	0	21	63	63
n09256479_22.JPEG	0	0	63	63
n09256479_23.JPEG	4	14	63	63
n09256479_24.JPEG	1	4	63	63
n09256479_25.JPEG	29	41	63	63
n09256479_26.JPEG	0	0	63	63
n09256479_27.JPEG	0	0	63	63
n09256479_28.JPEG	6	38	24	60
n09256479_29.JPEG	0	18	51	63
n09256479_30.JPEG	0	1	63	63
n09256479_31.JPEG	0	9	32	49
n09256479_32.JPEG	0	0	51	63
n09256479_33.JPEG	0	0	63	63
n09256479_34.JPEG	0	0	63	63
n09256479_35.JPEG	0	3	63	63
n09256479_36.JPEG	1	6	62	60
n09256479_37.JPEG	0	0	63	63
n09256479_38.JPEG	10	63	19	63
n09256479_39.JPEG	0	0	63	63
n09256479_40.JPEG	26	17	59	61
n09256479_41.JPEG	0	0	63	63
n09256479_42.JPEG	26	27	40	43
n09256479_43.JPEG	0	1	63	63
n09256479_44.JPEG	35	25	63	63
n09256479_45.JPEG	0	32	63	63
n09256479_46.JPEG	17	0	63	63
n09256479_47.JPEG	0	21	63	63
n09256479_48.JPEG	0	2	63	63
n09256479_49.JPEG	0	7	37	63
n09256479_50.JPEG	0	0	63	63
n09256479_51.JPEG	1	9	63	63
n09256479_52.JPEG	0	0	63	63
n09256479_53.JPEG	0	0	63	63
n09256479_54.JPEG	0	0	63	63
n09256479_55.JPEG	30	45	54	63
n09256479_56.JPEG	0	0	63	63
n09256479_57.JPEG	0	0	63	63
n09256479_58.JPEG	0	1	63	63
n09256479_59.JPEG	0	30	63	63
n09256479_60.JPEG	0	0	63	63
n09256479_61.JPEG	11	55	16	62
n09256479_62.JPEG	0	23	63	63
n09256479_63.JPEG	0	0	63	63
n09256479_64.JPEG	0	1	63	63
n09256479_65.JPEG	0	1	63	63
n09256479_66.JPEG	0	33	9	62
n09256479_67.JPEG	0	1	63	63
n09256479_68.JPEG	61	40	63	58
n09256479_69.JPEG	0	4	63	63
n09256479_70.JPEG	18	23	63	63
n09256479_71.JPEG	2	19	54	56
n09256479_72.JPEG	57	23	63	39
n09256479_73.JPEG	0	1	63	63
n09256479_74.JPEG	46	43	63	63
n09256479_75.JPEG	0	11	33	32
n09256479_76.JPEG	0	1	63	63
n09256479_77.JPEG	0	36	56	63
n09256479_78.JPEG	0	0	63	63
n09256479_79.JPEG	0	0	63	63
n09256479_80.JPEG	6	0	57	52
n09256479_81.JPEG	47	34	61	40
n09256479_82.JPEG	0	20	63	63
n09256479_83.JPEG	0	11	37	63
n09256479_84.JPEG	0	2	63	63
n09256479_85.JPEG	0	1	63	63
n09256479_86.JPEG	22	0	63	63
n09256479_87.JPEG	0	0	63	63
n09256479_88.JPEG	0	0	63	63
n09256479_89.JPEG	7	18	60	59
n09256479_90.JPEG	0	5	63	45
n09256479_91.JPEG	8	0	63	63
n09256479_92.JPEG	0	1	57	63
n09256479_93.JPEG	0	7	63	63
n09256479_94.JPEG	40	21	58	35
n09256479_95.JPEG	0	0	63	63
n09256479_96.JPEG	1	0	63	63
n09256479_97.JPEG	20	39	63	63
n09256479_98.JPEG	0	20	63	63
n09256479_99.JPEG	5	28	59	63
n09256479_100.JPEG	23	9	52	39
n09256479_101.JPEG	35	44	63	63
n09256479_102.JPEG	0	0	63	63
n09256479_103.JPEG	0	27	30	51
n09256479_104.JPEG	47	15	63	63
n09256479_105.JPEG	0	1	63	63
n09256479_106.JPEG	0	0	63	63
n09256479_107.JPEG	0	1	63	63
n09256479_108.JPEG	0	1	63	63
n09256479_109.JPEG	20	0	63	60
n09256479_110.JPEG	0	1	63	63
n09256479_111.JPEG	0	1	63	63
n09256479_112.JPEG	0	14	63	63
n09256479_113.JPEG	59	39	63	54
n09256479_114.JPEG	3	29	23	38
n09256479_115.JPEG	0	7	63	63
n09256479_116.JPEG	0	1	63	63
n09256479_117.JPEG	40	0	63	30
n09256479_118.JPEG	20	41	63	63
n09256479_119.JPEG	0	0	63	63
n09256479_120.JPEG	5	0	63	63
n09256479_121.JPEG	0	25	21	63
n09256479_122.JPEG	0	7	63	63
n09256479_123.JPEG	0	0	42	63
n09256479_124.JPEG	0	1	63	63
n09256479_125.JPEG	0	25	51	63
n09256479_126.JPEG	2	7	24	39
n09256479_127.JPEG	0	17	63	63
n09256479_128.JPEG	0	0	63	63
n09256479_129.JPEG	0	12	0	40
n09256479_130.JPEG	43	38	59	49
n09256479_131.JPEG	0	0	63	63
n09256479_132.JPEG	0	11	63	63
n09256479_133.JPEG	0	0	63	63
n09256479_134.JPEG	31	9	48	20
n09256479_135.JPEG	53	48	63	63
n09256479_136.JPEG	42	36	63	63
n09256479_137.JPEG	7	24	63	63
n09256479_138.JPEG	1	0	63	63
n09256479_139.JPEG	0	1	63	63
n09256479_140.JPEG	7	20	11	22
n09256479_141.JPEG	0	0	63	63
n09256479_142.JPEG	0	0	63	63
n09256479_143.JPEG	0	0	63	63
n09256479_144.JPEG	0	0	63	63
n09256479_145.JPEG	0	8	63	63
n09256479_146.JPEG	0	1	63	63
n09256479_147.JPEG	0	33	10	55
n09256479_148.JPEG	1	0	52	63
n09256479_149.JPEG	30	17	63	48
n09256479_150.JPEG	0	0	63	63
n09256479_151.JPEG	17	5	63	50
n09256479_152.JPEG	1	0	63	63
n09256479_153.JPEG	0	0	63	63
n09256479_154.JPEG	4	44	54	63
n09256479_155.JPEG	0	22	63	63
n09256479_156.JPEG	0	0	63	63
n09256479_157.JPEG	0	1	63	63
n09256479_158.JPEG	0	0	63	63
n09256479_159.JPEG	45	47	60	63
n09256479_160.JPEG	0	9	18	44
n09256479_161.JPEG	0	1	63	63
n09256479_162.JPEG	18	38	39	47
n09256479_163.JPEG	0	36	63	63
n09256479_164.JPEG	1	0	63	63
n09256479_165.JPEG	0	33	63	63
n09256479_166.JPEG	32	48	63	61
n09256479_167.JPEG	0	1	63	63
n09256479_168.JPEG	0	0	46	43
n09256479_169.JPEG	0	36	63	63
n09256479_170.JPEG	44	46	61	61
n09256479_171.JPEG	0	1	63	63
n09256479_172.JPEG	30	9	63	63
n09256479_173.JPEG	13	18	43	46
n09256479_174.JPEG	1	10	61	38
n09256479_175.JPEG	0	0	63	63
n09256479_176.JPEG	0	0	63	63
n09256479_177.JPEG	0	1	63	63
n09256479_178.JPEG	9	29	28	43
n09256479_179.JPEG	7	4	59	57
n09256479_180.JPEG	0	36	63	63
n09256479_181.JPEG	0	1	63	63
n09256479_182.JPEG	0	1	63	63
n09256479_183.JPEG	0	19	63	63
n09256479_184.JPEG	0	1	63	63
n09256479_185.JPEG	0	0	63	63
n09256479_186.JPEG	57	39	63	50
n09256479_187.JPEG	0	0	63	63
n09256479_188.JPEG	0	11	63	63
n09256479_189.JPEG	0	1	63	63
n09256479_190.JPEG	6	24	31	41
n09256479_191.JPEG	0	0	41	45
n09256479_192.JPEG	63	2	63	31
n09256479_193.JPEG	0	0	63	63
n09256479_194.JPEG	0	0	63	63
n09256479_195.JPEG	0	31	63	63
n09256479_196.JPEG	0	20	63	63
n09256479_197.JPEG	51	46	63	63
n09256479_198.JPEG	25	37	35	44
n09256479_199.JPEG	0	0	63	63
n09256479_200.JPEG	0	2	63	63
n09256479_201.JPEG	0	0	63	61
n09256479_202.JPEG	0	1	52	49
n09256479_203.JPEG	0	1	63	63
n09256479_204.JPEG	0	4	63	59
n09256479_205.JPEG	45	38	63	63
n09256479_206.JPEG	0	19	63	63
n09256479_207.JPEG	0	0	63	63
n09256479_208.JPEG	18	19	42	40
n09256479_209.JPEG	0	6	63	63
n09256479_210.JPEG	0	1	63	63
n09256479_211.JPEG	11	63	14	63
n09256479_212.JPEG	0	32	24	53
n09256479_213.JPEG	0	0	63	63
n09256479_214.JPEG	0	1	63	48
n09256479_215.JPEG	0	4	63	63
n09256479_216.JPEG	0	1	63	63
n09256479_217.JPEG	0	0	63	63
n09256479_218.JPEG	18	7	55	45
n09256479_219.JPEG	0	1	63	63
n09256479_220.JPEG	10	36	63	63
n09256479_221.JPEG	0	0	63	52
n09256479_222.JPEG	0	18	63	51
n09256479_223.JPEG	0	4	63	63
n09256479_224.JPEG	12	23	31	56
n09256479_225.JPEG	0	48	4	63
n09256479_226.JPEG	0	1	63	63
n09256479_227.JPEG	0	1	63	63
n09256479_228.JPEG	0	0	63	63
n09256479_229.JPEG	0	21	63	63
n09256479_230.JPEG	0	1	63	63
n09256479_231.JPEG	0	0	63	63
n09256479_232.JPEG	6	18	63	55
n09256479_233.JPEG	6	6	62	59
n09256479_234.JPEG	48	12	63	20
n09256479_235.JPEG	0	0	63	63
n09256479_236.JPEG	0	0	63	63
n09256479_237.JPEG	20	32	63	53
n09256479_238.JPEG	34	63	49	63
n09256479_239.JPEG	0	28	37	61
n09256479_240.JPEG	0	1	59	32
n09256479_241.JPEG	30	54	62	63
n09256479_242.JPEG	1	25	63	63
n09256479_243.JPEG	0	28	63	63
n09256479_244.JPEG	50	1	63	12
n09256479_245.JPEG	0	4	63	62
n09256479_246.JPEG	0	1	63	63
n09256479_247.JPEG	0	1	63	63
n09256479_248.JPEG	46	1	60	22
n09256479_249.JPEG	0	0	63	63
n09256479_250.JPEG	18	22	49	44
n09256479_251.JPEG	0	1	63	63
n09256479_252.JPEG	0	33	63	63
n09256479_253.JPEG	1	0	63	63
n09256479_254.JPEG	0	0	63	63
n09256479_255.JPEG	29	57	34	61
n09256479_256.JPEG	38	10	50	17
n09256479_257.JPEG	56	49	63	63
n09256479_258.JPEG	0	1	63	63
n09256479_259.JPEG	0	1	63	63
n09256479_260.JPEG	38	51	63	63
n09256479_261.JPEG	36	63	53	63
n09256479_262.JPEG	0	6	63	63
n09256479_263.JPEG	0	15	63	63
n09256479_264.JPEG	28	1	63	62
n09256479_265.JPEG	0	1	63	63
n09256479_266.JPEG	0	0	63	63
n09256479_267.JPEG	0	22	9	43
n09256479_268.JPEG	0	2	63	63
n09256479_269.JPEG	0	0	63	63
n09256479_270.JPEG	0	12	63	63
n09256479_271.JPEG	0	9	63	63
n09256479_272.JPEG	1	0	63	63
n09256479_273.JPEG	2	0	63	63
n09256479_274.JPEG	0	0	63	63
n09256479_275.JPEG	0	1	63	63
n09256479_276.JPEG	0	0	63	63
n09256479_277.JPEG	31	48	42	58
n09256479_278.JPEG	0	12	63	61
n09256479_279.JPEG	22	16	56	51
n09256479_280.JPEG	0	0	63	63
n09256479_281.JPEG	0	5	63	63
n09256479_282.JPEG	0	7	63	63
n09256479_283.JPEG	0	0	26	15
n09256479_284.JPEG	16	9	63	63
n09256479_285.JPEG	0	1	63	63
n09256479_286.JPEG	0	31	63	63
n09256479_287.JPEG	0	7	58	60
n09256479_288.JPEG	0	12	63	63
n09256479_289.JPEG	0	40	0	50
n09256479_290.JPEG	0	1	63	63
n09256479_291.JPEG	0	0	63	63
n09256479_292.JPEG	0	13	63	63
n09256479_293.JPEG	0	25	63	44
n09256479_294.JPEG	0	32	62	63
n09256479_295.JPEG	0	0	63	63
n09256479_296.JPEG	0	1	63	63
n09256479_297.JPEG	0	7	63	63
n09256479_298.JPEG	0	0	63	63
n09256479_299.JPEG	0	0	63	63
n09256479_300.JPEG	0	16	63	63
n09256479_301.JPEG	0	48	21	63
n09256479_302.JPEG	23	34	44	45
n09256479_303.JPEG	12	8	63	63
n09256479_304.JPEG	0	16	63	63
n09256479_305.JPEG	0	3	63	63
n09256479_306.JPEG	0	1	63	63
n09256479_307.JPEG	0	38	63	63
n09256479_308.JPEG	0	0	63	63
n09256479_309.JPEG	29	10	63	63
n09256479_310.JPEG	0	0	63	63
n09256479_311.JPEG	0	17	63	63
n09256479_312.JPEG	5	22	19	33
n09256479_313.JPEG	54	42	62	50
n09256479_314.JPEG	52	11	63	21
n09256479_315.JPEG	0	13	63	63
n09256479_316.JPEG	0	1	63	61
n09256479_317.JPEG	13	1	22	12
n09256479_318.JPEG	1	0	63	63
n09256479_319.JPEG	24	1	47	32
n09256479_320.JPEG	0	16	61	59
n09256479_321.JPEG	54	11	63	41
n09256479_322.JPEG	0	8	63	63
n09256479_323.JPEG	0	2	63	63
n09256479_324.JPEG	0	1	63	63
n09256479_325.JPEG	0	0	63	63
n09256479_326.JPEG	11	0	63	63
n09256479_327.JPEG	0	1	58	42
n09256479_328.JPEG	1	4	63	63
n09256479_329.JPEG	0	5	62	60
n09256479_330.JPEG	0	0	63	63
n09256479_331.JPEG	0	0	63	63
n09256479_332.JPEG	32	3	63	32
n09256479_333.JPEG	0	29	63	63
n09256479_334.JPEG	63	57	63	63
n09256479_335.JPEG	30	47	63	63
n09256479_336.JPEG	0	35	63	63
n09256479_337.JPEG	0	2	63	61
n09256479_338.JPEG	0	1	50	26
n09256479_339.JPEG	0	18	63	61
n09256479_340.JPEG	0	16	41	48
n09256479_341.JPEG	2	2	62	54
n09256479_342.JPEG	0	6	35	63
n09256479_343.JPEG	0	16	63	63
n09256479_344.JPEG	0	1	63	63
n09256479_345.JPEG	0	0	63	63
n09256479_346.JPEG	0	0	63	63
n09256479_347.JPEG	0	0	63	63
n09256479_348.JPEG	18	3	61	40
n09256479_349.JPEG	0	0	63	63
n09256479_350.JPEG	0	0	63	63
n09256479_351.JPEG	0	0	63	63
n09256479_352.JPEG	0	48	31	63
n09256479_353.JPEG	0	0	63	63
n09256479_354.JPEG	0	0	63	63
n09256479_355.JPEG	0	0	63	39
n09256479_356.JPEG	1	0	63	63
n09256479_357.JPEG	0	52	11	63
n09256479_358.JPEG	22	21	34	31
n09256479_359.JPEG	0	1	63	63
n09256479_360.JPEG	0	1	55	63
n09256479_361.JPEG	0	0	63	63
n09256479_362.JPEG	0	30	56	63
n09256479_363.JPEG	0	1	63	63
n09256479_364.JPEG	0	1	14	42
n09256479_365.JPEG	63	35	63	42
n09256479_366.JPEG	34	0	63	31
n09256479_367.JPEG	2	2	63	63
n09256479_368.JPEG	0	17	63	63
n09256479_369.JPEG	7	7	59	57
n09256479_370.JPEG	0	18	56	63
n09256479_371.JPEG	0	0	63	63
n09256479_372.JPEG	0	0	37	63
n09256479_373.JPEG	0	0	63	63
n09256479_374.JPEG	0	0	63	63
n09256479_375.JPEG	0	14	63	48
n09256479_376.JPEG	0	0	63	63
n09256479_377.JPEG	17	0	63	63
n09256479_378.JPEG	0	0	63	63
n09256479_379.JPEG	0	0	63	63
n09256479_380.JPEG	14	17	63	60
n09256479_381.JPEG	0	13	63	63
n09256479_382.JPEG	0	0	63	63
n09256479_383.JPEG	48	21	63	63
n09256479_384.JPEG	0	0	63	63
n09256479_385.JPEG	0	8	63	63
n09256479_386.JPEG	0	0	63	63
n09256479_387.JPEG	0	7	63	63
n09256479_388.JPEG	0	8	63	63
n09256479_389.JPEG	0	1	63	63
n09256479_390.JPEG	0	34	63	63
n09256479_391.JPEG	0	1	63	63
n09256479_392.JPEG	0	1	63	63
n09256479_393.JPEG	0	23	21	33
n09256479_394.JPEG	1	0	63	63
n09256479_395.JPEG	0	1	63	63
n09256479_396.JPEG	10	10	52	56
n09256479_397.JPEG	0	0	63	63
n09256479_398.JPEG	0	17	63	63
n09256479_399.JPEG	0	32	12	60
n09256479_400.JPEG	11	47	53	63
n09256479_401.JPEG	0	0	63	63
n09256479_402.JPEG	0	0	63	63
n09256479_403.JPEG	0	17	63	47
n09256479_404.JPEG	0	0	63	63
n09256479_405.JPEG	0	13	63	63
n09256479_406.JPEG	0	0	63	63
n09256479_407.JPEG	0	0	63	63
n09256479_408.JPEG	0	1	29	21
n09256479_409.JPEG	42	55	55	63
n09256479_410.JPEG	0	40	5	63
n09256479_411.JPEG	1	0	63	63
n09256479_412.JPEG	0	1	63	63
n09256479_413.JPEG	0	25	18	63
n09256479_414.JPEG	2	0	44	63
n09256479_415.JPEG	0	25	63	63
n09256479_416.JPEG	0	14	63	63
n09256479_417.JPEG	7	32	63	63
n09256479_418.JPEG	0	13	63	63
n09256479_419.JPEG	22	0	63	63
n09256479_420.JPEG	0	1	63	63
n09256479_421.JPEG	1	0	63	63
n09256479_422.JPEG	0	16	63	63
n09256479_423.JPEG	13	1	63	63
n09256479_424.JPEG	0	1	63	63
n09256479_425.JPEG	0	0	63	63
n09256479_426.JPEG	0	18	63	63
n09256479_427.JPEG	0	1	63	63
n09256479_428.JPEG	0	1	63	63
n09256479_429.JPEG	0	13	63	63
n09256479_430.JPEG	31	62	37	63
n09256479_431.JPEG	0	1	34	18
n09256479_432.JPEG	12	45	41	60
n09256479_433.JPEG	0	1	63	63
n09256479_434.JPEG	4	17	63	60
n09256479_435.JPEG	0	39	24	63
n09256479_436.JPEG	0	0	35	63
n09256479_437.JPEG	0	0	63	63
n09256479_438.JPEG	0	1	63	63
n09256479_439.JPEG	0	0	63	63
n09256479_440.JPEG	1	0	63	63
n09256479_441.JPEG	0	33	0	60
n09256479_442.JPEG	0	3	63	63
n09256479_443.JPEG	1	24	63	63
n09256479_444.JPEG	0	0	63	63
n09256479_445.JPEG	0	1	63	63
n09256479_446.JPEG	42	31	45	35
n09256479_447.JPEG	0	1	63	63
n09256479_448.JPEG	0	6	63	63
n09256479_449.JPEG	0	1	63	63
n09256479_450.JPEG	0	1	63	63
n09256479_451.JPEG	0	28	63	63
n09256479_452.JPEG	0	0	63	63
n09256479_453.JPEG	0	0	63	63
n09256479_454.JPEG	0	28	63	60
n09256479_455.JPEG	1	14	63	53
n09256479_456.JPEG	0	1	63	63
n09256479_457.JPEG	21	8	54	51
n09256479_458.JPEG	19	39	40	60
n09256479_459.JPEG	15	0	63	63
n09256479_460.JPEG	0	0	63	63
n09256479_461.JPEG	4	5	63	62
n09256479_462.JPEG	0	19	63	63
n09256479_463.JPEG	0	0	63	63
n09256479_464.JPEG	33	5	63	63
n09256479_465.JPEG	17	11	60	55
n09256479_466.JPEG	0	1	63	63
n09256479_467.JPEG	1	35	63	63
n09256479_468.JPEG	0	0	63	58
n09256479_469.JPEG	0	0	63	63
n09256479_470.JPEG	0	1	60	62
n09256479_471.JPEG	0	12	63	48
n09256479_472.JPEG	12	9	63	63
n09256479_473.JPEG	0	0	63	63
n09256479_474.JPEG	1	0	63	63
n09256479_475.JPEG	0	1	63	63
n09256479_476.JPEG	21	27	50	52
n09256479_477.JPEG	0	33	59	63
n09256479_478.JPEG	11	2	63	63
n09256479_479.JPEG	12	1	63	63
n09256479_480.JPEG	0	0	63	63
n09256479_481.JPEG	0	10	63	63
n09256479_482.JPEG	57	23	63	43
n09256479_483.JPEG	0	0	63	63
n09256479_484.JPEG	1	0	59	63
n09256479_485.JPEG	12	15	21	25
n09256479_486.JPEG	0	1	63	62
n09256479_487.JPEG	0	1	63	63
n09256479_488.JPEG	0	1	63	63
n09256479_489.JPEG	0	1	63	63
n09256479_490.JPEG	0	0	63	63
n09256479_491.JPEG	1	0	59	63
n09256479_492.JPEG	0	22	63	63
n09256479_493.JPEG	0	4	63	63
n09256479_494.JPEG	7	4	60	56
n09256479_495.JPEG	0	45	8	56
n09256479_496.JPEG	0	0	63	63
n09256479_497.JPEG	42	41	56	54
n09256479_498.JPEG	0	40	63	63
n09256479_499.JPEG	0	0	63	63
