n03404251_0.JPEG	6	2	57	57
n03404251_1.JPEG	20	5	63	63
n03404251_2.JPEG	17	15	52	63
n03404251_3.JPEG	8	24	37	63
n03404251_4.JPEG	0	0	63	63
n03404251_5.JPEG	5	0	49	63
n03404251_6.JPEG	2	0	35	63
n03404251_7.JPEG	1	0	63	63
n03404251_8.JPEG	14	20	46	53
n03404251_9.JPEG	12	10	54	63
n03404251_10.JPEG	7	16	55	63
n03404251_11.JPEG	23	5	57	53
n03404251_12.JPEG	0	0	63	63
n03404251_13.JPEG	10	0	56	62
n03404251_14.JPEG	0	0	63	63
n03404251_15.JPEG	2	19	50	62
n03404251_16.JPEG	6	0	60	63
n03404251_17.JPEG	21	0	48	48
n03404251_18.JPEG	14	11	57	63
n03404251_19.JPEG	6	13	59	63
n03404251_20.JPEG	4	8	55	63
n03404251_21.JPEG	2	27	63	63
n03404251_22.JPEG	10	11	63	63
n03404251_23.JPEG	12	0	50	63
n03404251_24.JPEG	17	0	62	63
n03404251_25.JPEG	2	0	63	47
n03404251_26.JPEG	1	0	52	63
n03404251_27.JPEG	9	2	58	63
n03404251_28.JPEG	0	5	54	63
n03404251_29.JPEG	18	8	48	61
n03404251_30.JPEG	15	4	62	63
n03404251_31.JPEG	1	7	38	57
n03404251_32.JPEG	0	2	63	63
n03404251_33.JPEG	0	20	39	63
n03404251_34.JPEG	28	16	50	62
n03404251_35.JPEG	20	7	55	63
n03404251_36.JPEG	22	0	43	29
n03404251_37.JPEG	9	0	53	63
n03404251_38.JPEG	7	5	58	63
n03404251_39.JPEG	0	25	42	63
n03404251_40.JPEG	25	20	63	63
n03404251_41.JPEG	1	0	50	63
n03404251_42.JPEG	7	3	63	63
n03404251_43.JPEG	8	12	54	63
n03404251_44.JPEG	1	2	50	63
n03404251_45.JPEG	3	0	57	63
n03404251_46.JPEG	18	7	43	50
n03404251_47.JPEG	5	25	59	63
n03404251_48.JPEG	0	27	63	63
n03404251_49.JPEG	14	0	50	34
n03404251_50.JPEG	11	12	61	61
n03404251_51.JPEG	0	18	63	63
n03404251_52.JPEG	14	0	52	42
n03404251_53.JPEG	17	0	61	63
n03404251_54.JPEG	14	20	38	52
n03404251_55.JPEG	18	3	48	42
n03404251_56.JPEG	0	26	63	63
n03404251_57.JPEG	12	0	58	63
n03404251_58.JPEG	9	0	60	61
n03404251_59.JPEG	17	29	62	63
n03404251_60.JPEG	7	11	62	63
n03404251_61.JPEG	10	0	40	53
n03404251_62.JPEG	2	0	63	63
n03404251_63.JPEG	5	3	52	59
n03404251_64.JPEG	1	20	54	63
n03404251_65.JPEG	10	10	42	63
n03404251_66.JPEG	42	13	63	63
n03404251_67.JPEG	12	0	57	41
n03404251_68.JPEG	1	0	60	63
n03404251_69.JPEG	17	0	49	63
n03404251_70.JPEG	13	0	61	63
n03404251_71.JPEG	6	8	56	49
n03404251_72.JPEG	14	0	55	63
n03404251_73.JPEG	18	28	58	63
n03404251_74.JPEG	21	0	53	54
n03404251_75.JPEG	0	0	63	63
n03404251_76.JPEG	5	0	63	63
n03404251_77.JPEG	0	0	63	63
n03404251_78.JPEG	0	35	25	63
n03404251_79.JPEG	9	5	49	63
n03404251_80.JPEG	18	12	63	63
n03404251_81.JPEG	1	4	63	63
n03404251_82.JPEG	15	7	56	63
n03404251_83.JPEG	1	0	62	63
n03404251_84.JPEG	10	0	59	63
n03404251_85.JPEG	0	0	63	63
n03404251_86.JPEG	0	2	63	63
n03404251_87.JPEG	0	10	63	63
n03404251_88.JPEG	0	29	63	63
n03404251_89.JPEG	6	1	34	63
n03404251_90.JPEG	7	20	49	63
n03404251_91.JPEG	0	20	60	63
n03404251_92.JPEG	10	2	59	51
n03404251_93.JPEG	0	29	51	63
n03404251_94.JPEG	3	23	63	63
n03404251_95.JPEG	14	28	52	63
n03404251_96.JPEG	23	12	46	63
n03404251_97.JPEG	20	16	54	63
n03404251_98.JPEG	11	19	49	44
n03404251_99.JPEG	27	4	53	46
n03404251_100.JPEG	0	0	63	63
n03404251_101.JPEG	0	0	63	63
n03404251_102.JPEG	0	16	28	63
n03404251_103.JPEG	0	31	63	63
n03404251_104.JPEG	3	31	62	63
n03404251_105.JPEG	0	0	63	42
n03404251_106.JPEG	8	5	58	63
n03404251_107.JPEG	17	8	63	63
n03404251_108.JPEG	0	26	52	63
n03404251_109.JPEG	17	12	49	63
n03404251_110.JPEG	0	0	56	63
n03404251_111.JPEG	4	36	61	63
n03404251_112.JPEG	18	25	52	63
n03404251_113.JPEG	1	6	59	63
n03404251_114.JPEG	16	0	58	63
n03404251_115.JPEG	12	12	57	63
n03404251_116.JPEG	10	7	61	63
n03404251_117.JPEG	5	0	60	63
n03404251_118.JPEG	37	18	63	63
n03404251_119.JPEG	18	16	53	60
n03404251_120.JPEG	4	0	61	63
n03404251_121.JPEG	0	0	63	63
n03404251_122.JPEG	19	0	38	35
n03404251_123.JPEG	11	0	52	63
n03404251_124.JPEG	0	3	31	63
n03404251_125.JPEG	3	2	61	62
n03404251_126.JPEG	3	0	60	62
n03404251_127.JPEG	23	14	40	46
n03404251_128.JPEG	0	6	61	63
n03404251_129.JPEG	5	30	57	63
n03404251_130.JPEG	11	1	52	63
n03404251_131.JPEG	23	4	39	41
n03404251_132.JPEG	0	19	33	63
n03404251_133.JPEG	0	39	36	63
n03404251_134.JPEG	5	0	57	63
n03404251_135.JPEG	25	25	63	63
n03404251_136.JPEG	15	7	38	46
n03404251_137.JPEG	39	15	63	63
n03404251_138.JPEG	3	0	63	63
n03404251_139.JPEG	2	0	51	52
n03404251_140.JPEG	14	2	60	63
n03404251_141.JPEG	8	28	54	63
n03404251_142.JPEG	0	19	22	55
n03404251_143.JPEG	3	11	44	60
n03404251_144.JPEG	26	16	63	63
n03404251_145.JPEG	14	5	41	49
n03404251_146.JPEG	0	0	63	51
n03404251_147.JPEG	1	0	63	50
n03404251_148.JPEG	16	3	46	38
n03404251_149.JPEG	0	0	63	63
n03404251_150.JPEG	21	1	47	32
n03404251_151.JPEG	17	0	51	63
n03404251_152.JPEG	24	7	63	63
n03404251_153.JPEG	23	11	45	48
n03404251_154.JPEG	10	4	62	63
n03404251_155.JPEG	0	0	59	63
n03404251_156.JPEG	1	0	63	63
n03404251_157.JPEG	14	1	49	63
n03404251_158.JPEG	23	9	50	41
n03404251_159.JPEG	10	24	36	63
n03404251_160.JPEG	5	0	59	63
n03404251_161.JPEG	9	8	59	63
n03404251_162.JPEG	1	9	55	63
n03404251_163.JPEG	1	36	63	63
n03404251_164.JPEG	20	8	54	63
n03404251_165.JPEG	2	0	61	63
n03404251_166.JPEG	6	0	56	63
n03404251_167.JPEG	5	0	60	63
n03404251_168.JPEG	6	12	63	63
n03404251_169.JPEG	0	0	63	60
n03404251_170.JPEG	16	14	50	48
n03404251_171.JPEG	10	2	38	63
n03404251_172.JPEG	0	13	63	63
n03404251_173.JPEG	4	11	63	63
n03404251_174.JPEG	17	33	38	63
n03404251_175.JPEG	14	0	48	40
n03404251_176.JPEG	3	0	63	63
n03404251_177.JPEG	1	12	52	63
n03404251_178.JPEG	3	1	45	57
n03404251_179.JPEG	31	20	61	63
n03404251_180.JPEG	0	0	63	63
n03404251_181.JPEG	11	12	63	63
n03404251_182.JPEG	14	14	58	63
n03404251_183.JPEG	3	30	63	63
n03404251_184.JPEG	3	23	63	63
n03404251_185.JPEG	26	10	47	29
n03404251_186.JPEG	19	0	57	38
n03404251_187.JPEG	2	0	62	63
n03404251_188.JPEG	5	0	60	63
n03404251_189.JPEG	16	5	49	61
n03404251_190.JPEG	0	30	63	63
n03404251_191.JPEG	19	0	56	35
n03404251_192.JPEG	0	12	59	63
n03404251_193.JPEG	15	14	60	63
n03404251_194.JPEG	1	21	63	63
n03404251_195.JPEG	4	0	57	56
n03404251_196.JPEG	7	7	36	63
n03404251_197.JPEG	21	13	48	58
n03404251_198.JPEG	1	0	54	63
n03404251_199.JPEG	0	15	63	63
n03404251_200.JPEG	17	11	54	63
n03404251_201.JPEG	3	18	63	63
n03404251_202.JPEG	22	0	42	40
n03404251_203.JPEG	0	34	63	63
n03404251_204.JPEG	11	0	59	63
n03404251_205.JPEG	18	27	44	56
n03404251_206.JPEG	0	0	63	63
n03404251_207.JPEG	4	5	56	63
n03404251_208.JPEG	1	17	57	63
n03404251_209.JPEG	6	20	49	63
n03404251_210.JPEG	16	1	55	56
n03404251_211.JPEG	3	22	63	63
n03404251_212.JPEG	14	6	41	53
n03404251_213.JPEG	8	8	49	63
n03404251_214.JPEG	12	0	36	48
n03404251_215.JPEG	20	15	51	54
n03404251_216.JPEG	18	2	63	63
n03404251_217.JPEG	19	3	57	45
n03404251_218.JPEG	6	10	63	62
n03404251_219.JPEG	2	14	59	63
n03404251_220.JPEG	6	31	57	63
n03404251_221.JPEG	0	10	57	63
n03404251_222.JPEG	0	9	37	63
n03404251_223.JPEG	0	0	63	63
n03404251_224.JPEG	23	7	45	54
n03404251_225.JPEG	1	0	30	59
n03404251_226.JPEG	3	0	40	63
n03404251_227.JPEG	1	7	63	63
n03404251_228.JPEG	8	0	63	63
n03404251_229.JPEG	8	3	62	63
n03404251_230.JPEG	24	3	53	56
n03404251_231.JPEG	25	0	56	43
n03404251_232.JPEG	52	21	63	51
n03404251_233.JPEG	0	30	54	63
n03404251_234.JPEG	12	0	55	43
n03404251_235.JPEG	2	6	59	63
n03404251_236.JPEG	4	0	54	63
n03404251_237.JPEG	0	12	46	63
n03404251_238.JPEG	2	0	63	63
n03404251_239.JPEG	0	0	63	63
n03404251_240.JPEG	0	27	63	63
n03404251_241.JPEG	8	0	63	63
n03404251_242.JPEG	13	1	44	63
n03404251_243.JPEG	3	11	54	63
n03404251_244.JPEG	0	0	63	63
n03404251_245.JPEG	1	23	63	63
n03404251_246.JPEG	0	26	63	63
n03404251_247.JPEG	9	9	57	62
n03404251_248.JPEG	6	0	62	41
n03404251_249.JPEG	9	2	49	49
n03404251_250.JPEG	0	28	63	63
n03404251_251.JPEG	1	0	58	63
n03404251_252.JPEG	0	13	15	60
n03404251_253.JPEG	6	2	57	58
n03404251_254.JPEG	17	8	37	50
n03404251_255.JPEG	15	1	49	63
n03404251_256.JPEG	0	0	63	63
n03404251_257.JPEG	8	0	52	63
n03404251_258.JPEG	0	0	63	63
n03404251_259.JPEG	23	9	54	63
n03404251_260.JPEG	6	0	60	63
n03404251_261.JPEG	26	15	41	52
n03404251_262.JPEG	19	0	49	62
n03404251_263.JPEG	1	16	26	63
n03404251_264.JPEG	26	13	42	51
n03404251_265.JPEG	12	0	57	63
n03404251_266.JPEG	21	17	63	63
n03404251_267.JPEG	0	36	34	63
n03404251_268.JPEG	17	4	55	55
n03404251_269.JPEG	25	9	43	39
n03404251_270.JPEG	12	5	42	63
n03404251_271.JPEG	0	0	63	63
n03404251_272.JPEG	9	23	29	53
n03404251_273.JPEG	0	1	32	63
n03404251_274.JPEG	13	0	58	63
n03404251_275.JPEG	0	6	63	63
n03404251_276.JPEG	7	0	52	44
n03404251_277.JPEG	0	2	63	63
n03404251_278.JPEG	0	26	63	63
n03404251_279.JPEG	0	2	63	63
n03404251_280.JPEG	27	23	52	61
n03404251_281.JPEG	17	9	56	58
n03404251_282.JPEG	5	0	62	63
n03404251_283.JPEG	0	0	63	63
n03404251_284.JPEG	17	23	56	63
n03404251_285.JPEG	34	12	63	63
n03404251_286.JPEG	5	0	63	63
n03404251_287.JPEG	5	18	63	63
n03404251_288.JPEG	18	0	50	63
n03404251_289.JPEG	20	6	49	39
n03404251_290.JPEG	13	19	63	63
n03404251_291.JPEG	0	1	63	63
n03404251_292.JPEG	15	3	60	63
n03404251_293.JPEG	12	7	36	57
n03404251_294.JPEG	26	12	61	55
n03404251_295.JPEG	3	19	58	63
n03404251_296.JPEG	8	0	53	63
n03404251_297.JPEG	1	17	63	63
n03404251_298.JPEG	14	1	63	62
n03404251_299.JPEG	0	18	34	63
n03404251_300.JPEG	19	12	38	46
n03404251_301.JPEG	1	14	57	58
n03404251_302.JPEG	1	0	37	63
n03404251_303.JPEG	5	7	29	63
n03404251_304.JPEG	14	2	44	46
n03404251_305.JPEG	1	8	63	63
n03404251_306.JPEG	2	0	61	63
n03404251_307.JPEG	16	6	41	28
n03404251_308.JPEG	21	8	60	63
n03404251_309.JPEG	11	20	49	63
n03404251_310.JPEG	17	0	59	56
n03404251_311.JPEG	9	3	54	63
n03404251_312.JPEG	17	10	52	59
n03404251_313.JPEG	13	4	61	63
n03404251_314.JPEG	0	17	63	63
n03404251_315.JPEG	2	20	63	63
n03404251_316.JPEG	7	0	59	63
n03404251_317.JPEG	7	13	53	63
n03404251_318.JPEG	18	0	63	63
n03404251_319.JPEG	7	0	57	63
n03404251_320.JPEG	14	14	63	63
n03404251_321.JPEG	0	9	34	63
n03404251_322.JPEG	9	0	61	63
n03404251_323.JPEG	9	24	63	63
n03404251_324.JPEG	3	0	59	63
n03404251_325.JPEG	29	26	63	63
n03404251_326.JPEG	0	12	47	63
n03404251_327.JPEG	36	29	63	63
n03404251_328.JPEG	17	6	57	46
n03404251_329.JPEG	7	0	55	63
n03404251_330.JPEG	12	9	56	63
n03404251_331.JPEG	1	0	63	63
n03404251_332.JPEG	12	12	29	45
n03404251_333.JPEG	21	29	63	63
n03404251_334.JPEG	3	0	43	48
n03404251_335.JPEG	0	8	53	63
n03404251_336.JPEG	26	6	56	63
n03404251_337.JPEG	8	12	41	53
n03404251_338.JPEG	0	1	63	63
n03404251_339.JPEG	16	1	56	60
n03404251_340.JPEG	8	9	55	63
n03404251_341.JPEG	22	3	48	63
n03404251_342.JPEG	5	0	58	63
n03404251_343.JPEG	1	15	63	63
n03404251_344.JPEG	2	4	47	55
n03404251_345.JPEG	0	35	29	63
n03404251_346.JPEG	14	0	47	63
n03404251_347.JPEG	20	14	43	41
n03404251_348.JPEG	27	16	63	63
n03404251_349.JPEG	0	29	63	63
n03404251_350.JPEG	12	8	41	63
n03404251_351.JPEG	17	17	62	63
n03404251_352.JPEG	7	1	58	56
n03404251_353.JPEG	0	0	63	63
n03404251_354.JPEG	3	0	54	63
n03404251_355.JPEG	0	1	63	63
n03404251_356.JPEG	3	10	63	63
n03404251_357.JPEG	14	6	55	63
n03404251_358.JPEG	13	5	42	63
n03404251_359.JPEG	7	17	55	63
n03404251_360.JPEG	29	0	50	28
n03404251_361.JPEG	11	0	63	63
n03404251_362.JPEG	0	8	63	63
n03404251_363.JPEG	20	0	52	63
n03404251_364.JPEG	23	1	63	59
n03404251_365.JPEG	3	6	48	63
n03404251_366.JPEG	4	15	63	63
n03404251_367.JPEG	3	0	62	63
n03404251_368.JPEG	10	5	56	63
n03404251_369.JPEG	10	8	52	63
n03404251_370.JPEG	0	26	63	63
n03404251_371.JPEG	5	11	56	62
n03404251_372.JPEG	9	0	58	63
n03404251_373.JPEG	3	8	60	63
n03404251_374.JPEG	8	2	61	63
n03404251_375.JPEG	1	14	63	63
n03404251_376.JPEG	20	3	49	60
n03404251_377.JPEG	14	3	58	44
n03404251_378.JPEG	17	3	52	63
n03404251_379.JPEG	0	0	63	63
n03404251_380.JPEG	0	10	63	63
n03404251_381.JPEG	0	32	63	63
n03404251_382.JPEG	0	26	63	63
n03404251_383.JPEG	27	34	63	63
n03404251_384.JPEG	40	11	63	55
n03404251_385.JPEG	15	9	63	63
n03404251_386.JPEG	2	0	63	63
n03404251_387.JPEG	0	4	63	63
n03404251_388.JPEG	13	9	63	63
n03404251_389.JPEG	0	21	60	63
n03404251_390.JPEG	6	0	51	63
n03404251_391.JPEG	6	9	58	58
n03404251_392.JPEG	5	23	63	63
n03404251_393.JPEG	4	11	63	63
n03404251_394.JPEG	0	19	49	63
n03404251_395.JPEG	5	6	58	63
n03404251_396.JPEG	0	8	63	63
n03404251_397.JPEG	7	0	34	41
n03404251_398.JPEG	10	17	50	63
n03404251_399.JPEG	8	18	28	47
n03404251_400.JPEG	8	0	63	63
n03404251_401.JPEG	3	0	63	63
n03404251_402.JPEG	2	0	63	63
n03404251_403.JPEG	8	8	58	63
n03404251_404.JPEG	36	19	52	40
n03404251_405.JPEG	0	14	62	63
n03404251_406.JPEG	35	13	53	47
n03404251_407.JPEG	1	7	63	63
n03404251_408.JPEG	12	7	52	63
n03404251_409.JPEG	1	4	62	59
n03404251_410.JPEG	21	16	43	46
n03404251_411.JPEG	11	0	62	36
n03404251_412.JPEG	3	12	30	52
n03404251_413.JPEG	19	0	48	32
n03404251_414.JPEG	2	0	62	63
n03404251_415.JPEG	37	20	63	63
n03404251_416.JPEG	10	0	56	43
n03404251_417.JPEG	12	17	54	63
n03404251_418.JPEG	0	30	63	63
n03404251_419.JPEG	0	18	63	63
n03404251_420.JPEG	0	3	12	63
n03404251_421.JPEG	0	19	63	63
n03404251_422.JPEG	27	6	51	60
n03404251_423.JPEG	27	6	52	32
n03404251_424.JPEG	1	34	63	63
n03404251_425.JPEG	0	6	59	63
n03404251_426.JPEG	0	3	63	63
n03404251_427.JPEG	0	1	63	63
n03404251_428.JPEG	13	0	54	63
n03404251_429.JPEG	11	12	57	63
n03404251_430.JPEG	2	0	63	63
n03404251_431.JPEG	2	0	62	63
n03404251_432.JPEG	0	0	63	63
n03404251_433.JPEG	11	4	42	63
n03404251_434.JPEG	7	0	55	63
n03404251_435.JPEG	0	9	63	63
n03404251_436.JPEG	3	18	63	63
n03404251_437.JPEG	0	10	63	63
n03404251_438.JPEG	2	15	44	63
n03404251_439.JPEG	1	11	41	44
n03404251_440.JPEG	13	19	46	62
n03404251_441.JPEG	2	13	63	63
n03404251_442.JPEG	28	23	63	63
n03404251_443.JPEG	15	11	53	63
n03404251_444.JPEG	20	10	49	63
n03404251_445.JPEG	1	3	58	63
n03404251_446.JPEG	0	21	63	63
n03404251_447.JPEG	17	9	41	42
n03404251_448.JPEG	0	19	50	63
n03404251_449.JPEG	1	0	63	63
n03404251_450.JPEG	3	11	47	63
n03404251_451.JPEG	16	1	46	63
n03404251_452.JPEG	6	5	63	63
n03404251_453.JPEG	36	22	60	37
n03404251_454.JPEG	10	3	48	63
n03404251_455.JPEG	1	16	60	63
n03404251_456.JPEG	12	0	63	63
n03404251_457.JPEG	10	10	49	63
n03404251_458.JPEG	1	18	63	63
n03404251_459.JPEG	52	7	63	36
n03404251_460.JPEG	33	6	63	63
n03404251_461.JPEG	4	0	61	63
n03404251_462.JPEG	0	27	59	63
n03404251_463.JPEG	11	0	58	61
n03404251_464.JPEG	14	0	57	61
n03404251_465.JPEG	0	27	63	63
n03404251_466.JPEG	7	8	59	63
n03404251_467.JPEG	2	16	33	63
n03404251_468.JPEG	29	1	63	63
n03404251_469.JPEG	21	0	62	63
n03404251_470.JPEG	0	13	63	63
n03404251_471.JPEG	3	0	63	56
n03404251_472.JPEG	13	0	43	49
n03404251_473.JPEG	19	44	63	63
n03404251_474.JPEG	0	0	63	63
n03404251_475.JPEG	23	2	58	52
n03404251_476.JPEG	42	17	63	42
n03404251_477.JPEG	48	40	57	52
n03404251_478.JPEG	5	25	56	63
n03404251_479.JPEG	17	7	51	63
n03404251_480.JPEG	0	0	62	44
n03404251_481.JPEG	11	7	63	63
n03404251_482.JPEG	10	16	58	63
n03404251_483.JPEG	0	24	63	63
n03404251_484.JPEG	21	13	44	39
n03404251_485.JPEG	15	18	51	63
n03404251_486.JPEG	3	11	62	63
n03404251_487.JPEG	0	40	63	63
n03404251_488.JPEG	7	18	63	51
n03404251_489.JPEG	7	20	36	63
n03404251_490.JPEG	19	0	50	63
n03404251_491.JPEG	0	11	63	63
n03404251_492.JPEG	11	0	50	63
n03404251_493.JPEG	0	35	63	63
n03404251_494.JPEG	4	0	63	63
n03404251_495.JPEG	27	11	52	41
n03404251_496.JPEG	9	1	56	49
n03404251_497.JPEG	8	8	37	63
n03404251_498.JPEG	7	0	56	63
n03404251_499.JPEG	15	4	63	61
