n07871810_0.JPEG	8	6	63	53
n07871810_1.JPEG	0	22	34	58
n07871810_2.JPEG	0	3	62	63
n07871810_3.JPEG	1	0	60	63
n07871810_4.JPEG	31	13	63	63
n07871810_5.JPEG	0	17	63	55
n07871810_6.JPEG	2	8	63	53
n07871810_7.JPEG	0	3	45	53
n07871810_8.JPEG	0	17	38	58
n07871810_9.JPEG	6	19	61	48
n07871810_10.JPEG	26	29	63	57
n07871810_11.JPEG	11	14	50	43
n07871810_12.JPEG	5	14	63	47
n07871810_13.JPEG	13	22	58	57
n07871810_14.JPEG	15	10	49	44
n07871810_15.JPEG	0	15	28	63
n07871810_16.JPEG	0	11	61	50
n07871810_17.JPEG	0	15	25	61
n07871810_18.JPEG	7	31	40	63
n07871810_19.JPEG	2	13	59	59
n07871810_20.JPEG	0	10	63	49
n07871810_21.JPEG	13	33	38	50
n07871810_22.JPEG	2	37	61	63
n07871810_23.JPEG	5	1	63	63
n07871810_24.JPEG	0	32	63	62
n07871810_25.JPEG	9	1	58	58
n07871810_26.JPEG	5	13	48	58
n07871810_27.JPEG	2	9	57	55
n07871810_28.JPEG	0	3	63	63
n07871810_29.JPEG	5	15	47	47
n07871810_30.JPEG	2	6	32	38
n07871810_31.JPEG	0	4	63	44
n07871810_32.JPEG	0	11	63	56
n07871810_33.JPEG	32	36	63	56
n07871810_34.JPEG	5	1	54	37
n07871810_35.JPEG	24	15	43	30
n07871810_36.JPEG	17	12	63	61
n07871810_37.JPEG	13	25	48	58
n07871810_38.JPEG	0	0	63	47
n07871810_39.JPEG	9	17	54	44
n07871810_40.JPEG	0	3	63	63
n07871810_41.JPEG	10	21	37	44
n07871810_42.JPEG	8	28	36	49
n07871810_43.JPEG	0	14	63	56
n07871810_44.JPEG	2	27	26	51
n07871810_45.JPEG	0	9	63	53
n07871810_46.JPEG	0	17	63	63
n07871810_47.JPEG	1	7	63	50
n07871810_48.JPEG	0	13	63	56
n07871810_49.JPEG	22	11	63	32
n07871810_50.JPEG	10	36	53	52
n07871810_51.JPEG	14	3	48	41
n07871810_52.JPEG	5	5	58	53
n07871810_53.JPEG	0	0	63	63
n07871810_54.JPEG	7	9	60	51
n07871810_55.JPEG	2	5	58	54
n07871810_56.JPEG	14	8	63	52
n07871810_57.JPEG	24	13	56	46
n07871810_58.JPEG	26	16	32	22
n07871810_59.JPEG	18	7	63	58
n07871810_60.JPEG	0	14	40	57
n07871810_61.JPEG	2	14	63	48
n07871810_62.JPEG	38	28	54	47
n07871810_63.JPEG	0	5	63	55
n07871810_64.JPEG	0	3	58	63
n07871810_65.JPEG	5	21	63	54
n07871810_66.JPEG	7	20	63	53
n07871810_67.JPEG	0	31	34	60
n07871810_68.JPEG	0	8	63	45
n07871810_69.JPEG	16	33	60	63
n07871810_70.JPEG	0	7	63	62
n07871810_71.JPEG	0	0	63	63
n07871810_72.JPEG	0	5	48	38
n07871810_73.JPEG	0	1	63	62
n07871810_74.JPEG	0	62	35	63
n07871810_75.JPEG	0	25	36	50
n07871810_76.JPEG	1	0	63	63
n07871810_77.JPEG	1	26	59	63
n07871810_78.JPEG	1	33	42	56
n07871810_79.JPEG	0	1	63	63
n07871810_80.JPEG	1	12	63	63
n07871810_81.JPEG	0	17	22	37
n07871810_82.JPEG	0	14	41	46
n07871810_83.JPEG	0	19	63	54
n07871810_84.JPEG	18	6	61	38
n07871810_85.JPEG	0	1	45	44
n07871810_86.JPEG	0	2	61	62
n07871810_87.JPEG	0	16	63	57
n07871810_88.JPEG	0	11	63	63
n07871810_89.JPEG	0	31	38	55
n07871810_90.JPEG	0	7	55	63
n07871810_91.JPEG	4	21	61	47
n07871810_92.JPEG	0	20	39	41
n07871810_93.JPEG	0	8	23	43
n07871810_94.JPEG	13	3	53	63
n07871810_95.JPEG	25	45	39	57
n07871810_96.JPEG	28	11	63	47
n07871810_97.JPEG	0	8	33	55
n07871810_98.JPEG	24	17	60	44
n07871810_99.JPEG	0	4	63	63
n07871810_100.JPEG	29	19	63	63
n07871810_101.JPEG	33	19	53	40
n07871810_102.JPEG	0	1	63	63
n07871810_103.JPEG	0	8	56	60
n07871810_104.JPEG	2	31	59	44
n07871810_105.JPEG	8	28	38	48
n07871810_106.JPEG	7	7	39	47
n07871810_107.JPEG	42	23	63	43
n07871810_108.JPEG	0	0	63	63
n07871810_109.JPEG	0	13	34	53
n07871810_110.JPEG	15	12	45	30
n07871810_111.JPEG	0	0	63	60
n07871810_112.JPEG	6	10	63	56
n07871810_113.JPEG	0	0	63	60
n07871810_114.JPEG	0	13	61	63
n07871810_115.JPEG	27	16	63	44
n07871810_116.JPEG	0	2	63	52
n07871810_117.JPEG	0	3	63	61
n07871810_118.JPEG	0	34	63	56
n07871810_119.JPEG	0	17	43	61
n07871810_120.JPEG	2	3	62	60
n07871810_121.JPEG	0	4	63	63
n07871810_122.JPEG	0	10	63	60
n07871810_123.JPEG	0	25	37	60
n07871810_124.JPEG	0	4	63	46
n07871810_125.JPEG	6	9	61	46
n07871810_126.JPEG	0	0	63	55
n07871810_127.JPEG	15	24	43	38
n07871810_128.JPEG	5	31	22	46
n07871810_129.JPEG	10	18	51	46
n07871810_130.JPEG	11	24	29	36
n07871810_131.JPEG	16	16	44	60
n07871810_132.JPEG	16	21	55	48
n07871810_133.JPEG	16	20	52	56
n07871810_134.JPEG	1	13	63	60
n07871810_135.JPEG	0	6	63	63
n07871810_136.JPEG	0	3	63	55
n07871810_137.JPEG	0	11	63	59
n07871810_138.JPEG	1	19	63	45
n07871810_139.JPEG	6	0	56	63
n07871810_140.JPEG	0	9	63	51
n07871810_141.JPEG	2	5	63	50
n07871810_142.JPEG	32	21	54	42
n07871810_143.JPEG	0	0	41	56
n07871810_144.JPEG	14	41	54	60
n07871810_145.JPEG	20	33	62	61
n07871810_146.JPEG	18	29	39	58
n07871810_147.JPEG	6	29	36	47
n07871810_148.JPEG	0	4	63	45
n07871810_149.JPEG	13	34	41	57
n07871810_150.JPEG	0	17	48	63
n07871810_151.JPEG	0	0	43	63
n07871810_152.JPEG	0	1	63	63
n07871810_153.JPEG	0	1	63	63
n07871810_154.JPEG	36	0	63	28
n07871810_155.JPEG	18	18	51	54
n07871810_156.JPEG	0	14	63	48
n07871810_157.JPEG	36	17	63	53
n07871810_158.JPEG	0	24	63	62
n07871810_159.JPEG	19	23	52	50
n07871810_160.JPEG	5	37	29	61
n07871810_161.JPEG	13	3	55	62
n07871810_162.JPEG	5	7	63	50
n07871810_163.JPEG	14	9	63	57
n07871810_164.JPEG	31	24	63	54
n07871810_165.JPEG	14	20	45	57
n07871810_166.JPEG	15	11	55	46
n07871810_167.JPEG	16	8	49	37
n07871810_168.JPEG	0	5	63	55
n07871810_169.JPEG	11	30	53	55
n07871810_170.JPEG	0	7	63	55
n07871810_171.JPEG	9	19	62	59
n07871810_172.JPEG	28	17	63	47
n07871810_173.JPEG	8	33	57	62
n07871810_174.JPEG	0	0	63	58
n07871810_175.JPEG	27	5	63	53
n07871810_176.JPEG	0	7	63	53
n07871810_177.JPEG	7	39	36	57
n07871810_178.JPEG	2	19	26	51
n07871810_179.JPEG	0	24	63	63
n07871810_180.JPEG	44	27	63	49
n07871810_181.JPEG	3	30	43	63
n07871810_182.JPEG	0	19	63	61
n07871810_183.JPEG	0	15	63	54
n07871810_184.JPEG	4	30	61	51
n07871810_185.JPEG	0	0	63	63
n07871810_186.JPEG	40	24	63	57
n07871810_187.JPEG	0	31	63	51
n07871810_188.JPEG	0	7	63	63
n07871810_189.JPEG	9	10	55	51
n07871810_190.JPEG	0	0	63	63
n07871810_191.JPEG	0	2	63	63
n07871810_192.JPEG	5	0	63	38
n07871810_193.JPEG	0	18	63	51
n07871810_194.JPEG	4	22	47	47
n07871810_195.JPEG	23	25	54	46
n07871810_196.JPEG	7	11	30	57
n07871810_197.JPEG	0	15	63	56
n07871810_198.JPEG	12	10	51	44
n07871810_199.JPEG	0	20	51	63
n07871810_200.JPEG	0	14	63	56
n07871810_201.JPEG	0	4	63	62
n07871810_202.JPEG	2	8	58	40
n07871810_203.JPEG	9	10	61	53
n07871810_204.JPEG	0	8	26	49
n07871810_205.JPEG	0	16	55	60
n07871810_206.JPEG	0	12	63	60
n07871810_207.JPEG	10	29	49	58
n07871810_208.JPEG	6	24	61	63
n07871810_209.JPEG	35	15	63	63
n07871810_210.JPEG	0	3	63	58
n07871810_211.JPEG	23	19	63	63
n07871810_212.JPEG	2	16	63	52
n07871810_213.JPEG	6	0	58	63
n07871810_214.JPEG	0	26	55	60
n07871810_215.JPEG	0	0	63	61
n07871810_216.JPEG	0	24	63	61
n07871810_217.JPEG	0	19	29	46
n07871810_218.JPEG	2	29	30	50
n07871810_219.JPEG	21	5	59	26
n07871810_220.JPEG	19	12	63	62
n07871810_221.JPEG	13	0	58	63
n07871810_222.JPEG	0	10	63	63
n07871810_223.JPEG	0	12	63	52
n07871810_224.JPEG	19	21	60	45
n07871810_225.JPEG	32	15	63	48
n07871810_226.JPEG	4	30	41	57
n07871810_227.JPEG	0	3	63	61
n07871810_228.JPEG	4	4	62	58
n07871810_229.JPEG	39	17	63	52
n07871810_230.JPEG	0	0	63	47
n07871810_231.JPEG	0	9	39	33
n07871810_232.JPEG	9	20	63	43
n07871810_233.JPEG	0	11	63	56
n07871810_234.JPEG	16	29	54	55
n07871810_235.JPEG	0	22	54	63
n07871810_236.JPEG	1	8	63	60
n07871810_237.JPEG	10	0	53	63
n07871810_238.JPEG	2	10	60	54
n07871810_239.JPEG	40	11	58	35
n07871810_240.JPEG	0	1	63	62
n07871810_241.JPEG	0	21	41	61
n07871810_242.JPEG	19	5	63	47
n07871810_243.JPEG	0	8	63	62
n07871810_244.JPEG	17	16	61	48
n07871810_245.JPEG	3	5	63	48
n07871810_246.JPEG	0	0	63	63
n07871810_247.JPEG	0	3	63	59
n07871810_248.JPEG	0	0	63	63
n07871810_249.JPEG	14	17	62	41
n07871810_250.JPEG	0	11	63	52
n07871810_251.JPEG	0	7	63	56
n07871810_252.JPEG	26	16	63	43
n07871810_253.JPEG	0	1	63	59
n07871810_254.JPEG	7	34	55	63
n07871810_255.JPEG	0	9	63	63
n07871810_256.JPEG	5	6	57	50
n07871810_257.JPEG	0	5	63	56
n07871810_258.JPEG	0	11	63	63
n07871810_259.JPEG	0	9	47	40
n07871810_260.JPEG	9	0	63	49
n07871810_261.JPEG	0	5	45	43
n07871810_262.JPEG	12	17	55	53
n07871810_263.JPEG	6	12	63	43
n07871810_264.JPEG	6	15	53	50
n07871810_265.JPEG	0	3	63	62
n07871810_266.JPEG	33	15	63	52
n07871810_267.JPEG	34	0	63	62
n07871810_268.JPEG	2	1	61	63
n07871810_269.JPEG	6	13	63	49
n07871810_270.JPEG	0	27	45	63
n07871810_271.JPEG	0	26	48	63
n07871810_272.JPEG	0	7	27	35
n07871810_273.JPEG	0	1	62	63
n07871810_274.JPEG	11	40	35	57
n07871810_275.JPEG	0	10	63	61
n07871810_276.JPEG	0	0	63	59
n07871810_277.JPEG	24	4	49	23
n07871810_278.JPEG	0	2	63	63
n07871810_279.JPEG	13	18	44	38
n07871810_280.JPEG	0	1	63	63
n07871810_281.JPEG	25	30	49	52
n07871810_282.JPEG	4	7	24	29
n07871810_283.JPEG	0	1	45	62
n07871810_284.JPEG	0	19	63	62
n07871810_285.JPEG	0	24	59	63
n07871810_286.JPEG	0	28	61	63
n07871810_287.JPEG	24	38	49	57
n07871810_288.JPEG	0	6	63	53
n07871810_289.JPEG	0	8	63	53
n07871810_290.JPEG	0	16	63	40
n07871810_291.JPEG	0	44	55	63
n07871810_292.JPEG	0	2	63	63
n07871810_293.JPEG	16	17	59	53
n07871810_294.JPEG	0	7	63	63
n07871810_295.JPEG	0	44	56	63
n07871810_296.JPEG	0	12	63	51
n07871810_297.JPEG	0	15	40	63
n07871810_298.JPEG	0	1	63	60
n07871810_299.JPEG	11	10	53	61
n07871810_300.JPEG	0	1	26	35
n07871810_301.JPEG	0	9	63	52
n07871810_302.JPEG	33	16	63	58
n07871810_303.JPEG	1	0	45	22
n07871810_304.JPEG	2	19	55	50
n07871810_305.JPEG	6	43	56	63
n07871810_306.JPEG	0	5	63	57
n07871810_307.JPEG	0	6	63	63
n07871810_308.JPEG	0	26	49	63
n07871810_309.JPEG	0	6	53	52
n07871810_310.JPEG	0	36	42	62
n07871810_311.JPEG	0	4	63	54
n07871810_312.JPEG	0	6	56	57
n07871810_313.JPEG	7	27	40	52
n07871810_314.JPEG	2	24	63	59
n07871810_315.JPEG	0	15	9	32
n07871810_316.JPEG	2	11	63	44
n07871810_317.JPEG	21	18	63	54
n07871810_318.JPEG	2	13	63	62
n07871810_319.JPEG	0	11	63	50
n07871810_320.JPEG	20	32	63	63
n07871810_321.JPEG	10	18	63	51
n07871810_322.JPEG	8	20	56	48
n07871810_323.JPEG	23	9	56	29
n07871810_324.JPEG	0	0	63	63
n07871810_325.JPEG	10	29	58	62
n07871810_326.JPEG	37	34	63	61
n07871810_327.JPEG	35	31	59	59
n07871810_328.JPEG	2	15	47	56
n07871810_329.JPEG	0	9	63	55
n07871810_330.JPEG	0	24	54	61
n07871810_331.JPEG	0	14	63	53
n07871810_332.JPEG	16	14	49	41
n07871810_333.JPEG	28	1	60	33
n07871810_334.JPEG	0	5	55	63
n07871810_335.JPEG	12	2	63	45
n07871810_336.JPEG	0	11	63	55
n07871810_337.JPEG	0	3	58	61
n07871810_338.JPEG	0	6	63	50
n07871810_339.JPEG	11	15	58	49
n07871810_340.JPEG	17	35	57	55
n07871810_341.JPEG	0	1	63	63
n07871810_342.JPEG	8	0	63	50
n07871810_343.JPEG	1	7	61	62
n07871810_344.JPEG	0	32	63	53
n07871810_345.JPEG	0	1	63	52
n07871810_346.JPEG	53	15	63	41
n07871810_347.JPEG	0	17	55	50
n07871810_348.JPEG	1	1	63	63
n07871810_349.JPEG	1	1	63	62
n07871810_350.JPEG	11	20	61	55
n07871810_351.JPEG	18	14	63	62
n07871810_352.JPEG	0	30	25	63
n07871810_353.JPEG	10	16	53	56
n07871810_354.JPEG	0	10	60	54
n07871810_355.JPEG	0	0	33	50
n07871810_356.JPEG	0	1	63	63
n07871810_357.JPEG	0	0	63	63
n07871810_358.JPEG	21	59	40	63
n07871810_359.JPEG	27	24	61	56
n07871810_360.JPEG	12	12	63	62
n07871810_361.JPEG	9	2	44	43
n07871810_362.JPEG	4	13	34	44
n07871810_363.JPEG	14	12	47	41
n07871810_364.JPEG	0	8	53	58
n07871810_365.JPEG	0	20	31	63
n07871810_366.JPEG	20	0	63	51
n07871810_367.JPEG	0	3	63	60
n07871810_368.JPEG	0	6	61	52
n07871810_369.JPEG	2	3	43	36
n07871810_370.JPEG	0	0	63	63
n07871810_371.JPEG	5	18	63	63
n07871810_372.JPEG	29	20	63	60
n07871810_373.JPEG	0	0	63	63
n07871810_374.JPEG	0	15	63	54
n07871810_375.JPEG	11	0	55	63
n07871810_376.JPEG	0	6	44	41
n07871810_377.JPEG	14	24	47	45
n07871810_378.JPEG	1	0	63	63
n07871810_379.JPEG	17	16	63	56
n07871810_380.JPEG	18	10	47	31
n07871810_381.JPEG	3	3	53	55
n07871810_382.JPEG	38	14	63	60
n07871810_383.JPEG	11	11	56	38
n07871810_384.JPEG	33	33	63	63
n07871810_385.JPEG	33	17	47	49
n07871810_386.JPEG	0	7	63	63
n07871810_387.JPEG	0	30	37	51
n07871810_388.JPEG	0	7	63	58
n07871810_389.JPEG	0	9	62	53
n07871810_390.JPEG	0	34	63	63
n07871810_391.JPEG	0	17	33	42
n07871810_392.JPEG	0	5	63	63
n07871810_393.JPEG	4	11	51	42
n07871810_394.JPEG	0	12	63	53
n07871810_395.JPEG	5	8	63	31
n07871810_396.JPEG	19	16	49	46
n07871810_397.JPEG	5	23	54	44
n07871810_398.JPEG	37	17	58	51
n07871810_399.JPEG	1	43	62	63
n07871810_400.JPEG	9	2	63	42
n07871810_401.JPEG	0	0	63	51
n07871810_402.JPEG	0	27	41	63
n07871810_403.JPEG	37	26	51	48
n07871810_404.JPEG	31	5	45	30
n07871810_405.JPEG	0	1	63	63
n07871810_406.JPEG	2	27	49	59
n07871810_407.JPEG	37	35	63	58
n07871810_408.JPEG	5	6	63	50
n07871810_409.JPEG	0	1	63	56
n07871810_410.JPEG	13	5	53	62
n07871810_411.JPEG	0	5	63	63
n07871810_412.JPEG	0	12	39	34
n07871810_413.JPEG	4	15	31	55
n07871810_414.JPEG	15	32	56	62
n07871810_415.JPEG	2	4	50	39
n07871810_416.JPEG	1	0	62	61
n07871810_417.JPEG	0	23	59	61
n07871810_418.JPEG	0	35	55	59
n07871810_419.JPEG	12	20	63	55
n07871810_420.JPEG	0	6	63	44
n07871810_421.JPEG	0	0	63	52
n07871810_422.JPEG	0	2	63	62
n07871810_423.JPEG	0	0	63	63
n07871810_424.JPEG	37	8	63	54
n07871810_425.JPEG	0	1	63	63
n07871810_426.JPEG	0	0	37	60
n07871810_427.JPEG	0	3	63	60
n07871810_428.JPEG	0	17	36	48
n07871810_429.JPEG	0	37	37	63
n07871810_430.JPEG	0	0	63	61
n07871810_431.JPEG	0	1	63	60
n07871810_432.JPEG	10	19	53	53
n07871810_433.JPEG	0	11	63	57
n07871810_434.JPEG	1	4	63	38
n07871810_435.JPEG	35	35	63	63
n07871810_436.JPEG	0	4	55	63
n07871810_437.JPEG	3	22	45	51
n07871810_438.JPEG	28	2	63	58
n07871810_439.JPEG	0	9	59	50
n07871810_440.JPEG	13	27	46	63
n07871810_441.JPEG	4	21	54	52
n07871810_442.JPEG	0	18	27	46
n07871810_443.JPEG	15	11	39	29
n07871810_444.JPEG	0	1	63	56
n07871810_445.JPEG	10	11	63	59
n07871810_446.JPEG	1	0	63	42
n07871810_447.JPEG	4	6	63	62
n07871810_448.JPEG	8	19	63	41
n07871810_449.JPEG	0	25	28	63
n07871810_450.JPEG	1	17	54	60
n07871810_451.JPEG	15	17	63	63
n07871810_452.JPEG	0	15	38	63
n07871810_453.JPEG	37	10	63	54
n07871810_454.JPEG	41	18	63	57
n07871810_455.JPEG	0	2	63	63
n07871810_456.JPEG	0	1	63	63
n07871810_457.JPEG	0	7	63	62
n07871810_458.JPEG	0	2	63	63
n07871810_459.JPEG	0	3	63	50
n07871810_460.JPEG	0	13	57	52
n07871810_461.JPEG	28	24	61	61
n07871810_462.JPEG	1	12	30	43
n07871810_463.JPEG	4	16	36	33
n07871810_464.JPEG	3	17	57	39
n07871810_465.JPEG	0	0	63	63
n07871810_466.JPEG	36	5	53	26
n07871810_467.JPEG	0	3	63	63
n07871810_468.JPEG	2	12	26	31
n07871810_469.JPEG	18	45	39	63
n07871810_470.JPEG	25	9	63	63
n07871810_471.JPEG	0	0	57	63
n07871810_472.JPEG	3	17	49	61
n07871810_473.JPEG	8	43	38	60
n07871810_474.JPEG	4	27	63	50
n07871810_475.JPEG	0	0	63	63
n07871810_476.JPEG	1	0	48	49
n07871810_477.JPEG	7	15	55	38
n07871810_478.JPEG	0	0	63	63
n07871810_479.JPEG	40	2	63	51
n07871810_480.JPEG	5	0	54	52
n07871810_481.JPEG	3	12	62	45
n07871810_482.JPEG	7	6	63	63
n07871810_483.JPEG	0	12	63	53
n07871810_484.JPEG	0	1	63	62
n07871810_485.JPEG	2	20	62	56
n07871810_486.JPEG	0	4	63	61
n07871810_487.JPEG	16	36	63	63
n07871810_488.JPEG	16	4	61	53
n07871810_489.JPEG	25	42	49	63
n07871810_490.JPEG	12	7	51	63
n07871810_491.JPEG	0	1	63	51
n07871810_492.JPEG	6	14	63	63
n07871810_493.JPEG	0	5	63	63
n07871810_494.JPEG	7	9	63	56
n07871810_495.JPEG	22	10	58	63
n07871810_496.JPEG	3	10	63	60
n07871810_497.JPEG	2	9	62	54
n07871810_498.JPEG	5	10	63	32
n07871810_499.JPEG	1	2	63	62
