n03201208_0.JPEG	15	35	40	53
n03201208_1.JPEG	0	34	63	63
n03201208_2.JPEG	5	18	63	63
n03201208_3.JPEG	0	19	63	63
n03201208_4.JPEG	10	13	63	44
n03201208_5.JPEG	2	10	63	63
n03201208_6.JPEG	3	18	58	58
n03201208_7.JPEG	12	32	63	63
n03201208_8.JPEG	16	39	53	63
n03201208_9.JPEG	0	17	63	57
n03201208_10.JPEG	0	18	63	36
n03201208_11.JPEG	0	29	62	63
n03201208_12.JPEG	0	7	60	58
n03201208_13.JPEG	0	10	63	63
n03201208_14.JPEG	0	11	63	63
n03201208_15.JPEG	0	15	63	27
n03201208_16.JPEG	12	17	50	57
n03201208_17.JPEG	0	5	63	63
n03201208_18.JPEG	0	14	63	63
n03201208_19.JPEG	0	20	61	55
n03201208_20.JPEG	9	23	63	44
n03201208_21.JPEG	5	18	44	61
n03201208_22.JPEG	0	31	63	63
n03201208_23.JPEG	3	9	63	56
n03201208_24.JPEG	0	41	63	63
n03201208_25.JPEG	3	27	63	63
n03201208_26.JPEG	1	40	63	63
n03201208_27.JPEG	2	17	62	63
n03201208_28.JPEG	0	2	63	63
n03201208_29.JPEG	0	11	63	63
n03201208_30.JPEG	2	17	63	53
n03201208_31.JPEG	7	38	57	60
n03201208_32.JPEG	0	15	63	63
n03201208_33.JPEG	5	7	63	58
n03201208_34.JPEG	0	3	63	63
n03201208_35.JPEG	13	32	51	63
n03201208_36.JPEG	17	17	62	61
n03201208_37.JPEG	23	25	54	57
n03201208_38.JPEG	3	15	62	41
n03201208_39.JPEG	1	0	62	63
n03201208_40.JPEG	0	6	63	60
n03201208_41.JPEG	11	31	53	63
n03201208_42.JPEG	0	2	63	63
n03201208_43.JPEG	7	17	58	56
n03201208_44.JPEG	3	12	61	57
n03201208_45.JPEG	3	6	62	60
n03201208_46.JPEG	0	23	63	63
n03201208_47.JPEG	0	29	63	61
n03201208_48.JPEG	0	33	57	63
n03201208_49.JPEG	1	4	63	59
n03201208_50.JPEG	0	1	63	62
n03201208_51.JPEG	9	31	63	63
n03201208_52.JPEG	18	37	54	63
n03201208_53.JPEG	18	13	58	53
n03201208_54.JPEG	0	11	63	37
n03201208_55.JPEG	0	38	45	59
n03201208_56.JPEG	6	40	52	51
n03201208_57.JPEG	7	18	51	56
n03201208_58.JPEG	0	2	63	63
n03201208_59.JPEG	0	20	63	36
n03201208_60.JPEG	7	9	60	53
n03201208_61.JPEG	0	22	63	63
n03201208_62.JPEG	17	40	47	63
n03201208_63.JPEG	23	41	55	58
n03201208_64.JPEG	2	23	58	63
n03201208_65.JPEG	1	19	60	52
n03201208_66.JPEG	0	2	63	62
n03201208_67.JPEG	15	19	57	60
n03201208_68.JPEG	0	33	63	63
n03201208_69.JPEG	1	21	54	63
n03201208_70.JPEG	0	23	52	63
n03201208_71.JPEG	0	25	50	63
n03201208_72.JPEG	0	20	63	47
n03201208_73.JPEG	3	15	60	56
n03201208_74.JPEG	0	12	63	63
n03201208_75.JPEG	11	23	63	63
n03201208_76.JPEG	21	31	55	48
n03201208_77.JPEG	8	22	56	63
n03201208_78.JPEG	6	29	59	63
n03201208_79.JPEG	3	40	63	63
n03201208_80.JPEG	7	18	63	63
n03201208_81.JPEG	10	13	56	58
n03201208_82.JPEG	0	15	63	63
n03201208_83.JPEG	12	17	60	63
n03201208_84.JPEG	15	23	47	63
n03201208_85.JPEG	11	22	52	60
n03201208_86.JPEG	0	13	63	63
n03201208_87.JPEG	6	39	63	63
n03201208_88.JPEG	0	13	63	63
n03201208_89.JPEG	11	42	63	63
n03201208_90.JPEG	11	46	63	62
n03201208_91.JPEG	0	17	63	63
n03201208_92.JPEG	0	0	63	63
n03201208_93.JPEG	12	32	53	60
n03201208_94.JPEG	0	20	63	63
n03201208_95.JPEG	0	14	63	63
n03201208_96.JPEG	0	15	63	61
n03201208_97.JPEG	4	40	49	63
n03201208_98.JPEG	0	13	63	63
n03201208_99.JPEG	0	11	63	62
n03201208_100.JPEG	5	13	54	63
n03201208_101.JPEG	21	29	63	55
n03201208_102.JPEG	16	19	57	55
n03201208_103.JPEG	8	23	50	55
n03201208_104.JPEG	24	27	62	54
n03201208_105.JPEG	0	15	63	63
n03201208_106.JPEG	0	4	63	42
n03201208_107.JPEG	0	18	63	54
n03201208_108.JPEG	0	16	63	31
n03201208_109.JPEG	10	25	62	63
n03201208_110.JPEG	5	30	63	39
n03201208_111.JPEG	0	6	62	61
n03201208_112.JPEG	1	0	63	63
n03201208_113.JPEG	0	7	63	46
n03201208_114.JPEG	12	9	55	56
n03201208_115.JPEG	13	43	49	63
n03201208_116.JPEG	0	30	63	63
n03201208_117.JPEG	4	20	47	54
n03201208_118.JPEG	9	20	60	63
n03201208_119.JPEG	2	23	58	63
n03201208_120.JPEG	2	28	46	63
n03201208_121.JPEG	14	16	50	54
n03201208_122.JPEG	4	22	62	56
n03201208_123.JPEG	12	16	48	48
n03201208_124.JPEG	1	22	51	63
n03201208_125.JPEG	0	20	63	63
n03201208_126.JPEG	5	35	63	42
n03201208_127.JPEG	2	23	63	63
n03201208_128.JPEG	1	0	63	63
n03201208_129.JPEG	0	22	63	58
n03201208_130.JPEG	0	30	63	52
n03201208_131.JPEG	0	11	63	53
n03201208_132.JPEG	34	39	63	63
n03201208_133.JPEG	1	6	63	63
n03201208_134.JPEG	0	37	63	63
n03201208_135.JPEG	0	0	63	63
n03201208_136.JPEG	19	30	53	63
n03201208_137.JPEG	5	37	57	63
n03201208_138.JPEG	0	11	63	63
n03201208_139.JPEG	2	36	30	60
n03201208_140.JPEG	1	19	63	51
n03201208_141.JPEG	28	39	48	51
n03201208_142.JPEG	0	10	63	63
n03201208_143.JPEG	0	23	63	63
n03201208_144.JPEG	23	31	63	57
n03201208_145.JPEG	0	9	63	56
n03201208_146.JPEG	13	39	53	55
n03201208_147.JPEG	0	44	63	63
n03201208_148.JPEG	2	8	61	59
n03201208_149.JPEG	8	18	61	56
n03201208_150.JPEG	13	28	47	40
n03201208_151.JPEG	9	34	63	59
n03201208_152.JPEG	1	0	63	34
n03201208_153.JPEG	0	29	41	63
n03201208_154.JPEG	0	22	63	63
n03201208_155.JPEG	5	18	56	55
n03201208_156.JPEG	0	18	63	47
n03201208_157.JPEG	3	21	63	58
n03201208_158.JPEG	0	23	63	63
n03201208_159.JPEG	11	19	54	34
n03201208_160.JPEG	0	6	63	63
n03201208_161.JPEG	8	22	57	63
n03201208_162.JPEG	13	33	43	63
n03201208_163.JPEG	0	21	63	53
n03201208_164.JPEG	6	20	61	58
n03201208_165.JPEG	19	38	59	63
n03201208_166.JPEG	34	30	63	63
n03201208_167.JPEG	1	23	63	63
n03201208_168.JPEG	0	21	63	63
n03201208_169.JPEG	14	33	61	56
n03201208_170.JPEG	0	26	63	57
n03201208_171.JPEG	6	7	63	60
n03201208_172.JPEG	0	15	63	63
n03201208_173.JPEG	19	52	44	63
n03201208_174.JPEG	1	16	60	52
n03201208_175.JPEG	0	13	63	54
n03201208_176.JPEG	8	35	57	63
n03201208_177.JPEG	0	21	63	55
n03201208_178.JPEG	3	26	62	63
n03201208_179.JPEG	2	13	61	51
n03201208_180.JPEG	6	13	54	63
n03201208_181.JPEG	0	15	63	63
n03201208_182.JPEG	0	43	61	63
n03201208_183.JPEG	12	31	51	54
n03201208_184.JPEG	19	33	60	63
n03201208_185.JPEG	0	32	58	63
n03201208_186.JPEG	0	0	63	63
n03201208_187.JPEG	0	14	63	63
n03201208_188.JPEG	2	32	61	63
n03201208_189.JPEG	0	11	63	56
n03201208_190.JPEG	0	28	63	63
n03201208_191.JPEG	0	16	60	57
n03201208_192.JPEG	1	27	63	59
n03201208_193.JPEG	17	33	62	56
n03201208_194.JPEG	0	8	55	63
n03201208_195.JPEG	0	1	63	59
n03201208_196.JPEG	0	3	63	60
n03201208_197.JPEG	13	37	50	45
n03201208_198.JPEG	0	19	63	63
n03201208_199.JPEG	5	17	56	51
n03201208_200.JPEG	14	35	57	59
n03201208_201.JPEG	8	22	60	63
n03201208_202.JPEG	2	31	48	63
n03201208_203.JPEG	0	9	63	62
n03201208_204.JPEG	0	21	63	53
n03201208_205.JPEG	5	29	55	56
n03201208_206.JPEG	4	37	44	63
n03201208_207.JPEG	0	11	63	63
n03201208_208.JPEG	0	48	54	63
n03201208_209.JPEG	1	38	63	63
n03201208_210.JPEG	15	30	55	57
n03201208_211.JPEG	0	26	63	63
n03201208_212.JPEG	0	29	63	61
n03201208_213.JPEG	9	19	61	30
n03201208_214.JPEG	7	41	63	63
n03201208_215.JPEG	0	29	63	63
n03201208_216.JPEG	0	32	63	63
n03201208_217.JPEG	12	34	63	63
n03201208_218.JPEG	23	34	62	55
n03201208_219.JPEG	13	38	62	63
n03201208_220.JPEG	0	13	63	63
n03201208_221.JPEG	0	18	63	51
n03201208_222.JPEG	0	21	63	63
n03201208_223.JPEG	9	31	56	63
n03201208_224.JPEG	7	17	63	59
n03201208_225.JPEG	0	44	41	63
n03201208_226.JPEG	0	24	63	58
n03201208_227.JPEG	0	20	63	63
n03201208_228.JPEG	32	11	63	48
n03201208_229.JPEG	7	26	63	55
n03201208_230.JPEG	0	8	63	60
n03201208_231.JPEG	0	14	63	63
n03201208_232.JPEG	0	9	63	62
n03201208_233.JPEG	0	3	63	62
n03201208_234.JPEG	15	42	47	60
n03201208_235.JPEG	0	17	55	61
n03201208_236.JPEG	12	37	32	43
n03201208_237.JPEG	0	16	63	43
n03201208_238.JPEG	10	17	47	53
n03201208_239.JPEG	0	12	63	63
n03201208_240.JPEG	9	24	63	59
n03201208_241.JPEG	4	13	48	63
n03201208_242.JPEG	11	22	62	59
n03201208_243.JPEG	0	35	50	63
n03201208_244.JPEG	8	44	38	63
n03201208_245.JPEG	0	15	53	63
n03201208_246.JPEG	0	0	63	63
n03201208_247.JPEG	0	17	63	63
n03201208_248.JPEG	0	22	63	50
n03201208_249.JPEG	0	29	63	63
n03201208_250.JPEG	12	21	52	52
n03201208_251.JPEG	0	28	63	63
n03201208_252.JPEG	0	40	47	63
n03201208_253.JPEG	0	13	63	60
n03201208_254.JPEG	4	31	60	63
n03201208_255.JPEG	0	45	63	63
n03201208_256.JPEG	0	7	63	63
n03201208_257.JPEG	13	17	63	36
n03201208_258.JPEG	4	3	61	63
n03201208_259.JPEG	17	31	59	63
n03201208_260.JPEG	2	6	62	60
n03201208_261.JPEG	15	20	63	63
n03201208_262.JPEG	3	34	54	63
n03201208_263.JPEG	0	29	63	53
n03201208_264.JPEG	0	23	59	54
n03201208_265.JPEG	6	13	63	63
n03201208_266.JPEG	0	16	61	62
n03201208_267.JPEG	0	15	63	56
n03201208_268.JPEG	3	40	56	54
n03201208_269.JPEG	0	9	63	63
n03201208_270.JPEG	0	0	63	63
n03201208_271.JPEG	5	20	47	63
n03201208_272.JPEG	21	35	44	63
n03201208_273.JPEG	0	35	63	59
n03201208_274.JPEG	0	46	60	63
n03201208_275.JPEG	0	17	63	60
n03201208_276.JPEG	7	20	63	63
n03201208_277.JPEG	0	29	63	60
n03201208_278.JPEG	0	14	63	62
n03201208_279.JPEG	0	15	62	58
n03201208_280.JPEG	8	34	44	47
n03201208_281.JPEG	6	13	63	63
n03201208_282.JPEG	0	22	50	63
n03201208_283.JPEG	0	32	63	63
n03201208_284.JPEG	0	13	63	56
n03201208_285.JPEG	0	15	63	63
n03201208_286.JPEG	4	16	61	51
n03201208_287.JPEG	0	19	63	63
n03201208_288.JPEG	0	12	63	63
n03201208_289.JPEG	0	7	63	51
n03201208_290.JPEG	7	14	58	58
n03201208_291.JPEG	6	21	55	60
n03201208_292.JPEG	0	2	63	60
n03201208_293.JPEG	0	33	50	63
n03201208_294.JPEG	0	5	63	58
n03201208_295.JPEG	0	0	63	63
n03201208_296.JPEG	17	18	52	62
n03201208_297.JPEG	1	29	63	63
n03201208_298.JPEG	2	37	63	63
n03201208_299.JPEG	5	5	63	63
n03201208_300.JPEG	16	35	48	53
n03201208_301.JPEG	12	20	58	57
n03201208_302.JPEG	12	26	63	60
n03201208_303.JPEG	14	46	56	50
n03201208_304.JPEG	0	12	63	63
n03201208_305.JPEG	5	17	52	52
n03201208_306.JPEG	0	25	58	63
n03201208_307.JPEG	0	22	63	63
n03201208_308.JPEG	2	15	56	62
n03201208_309.JPEG	14	7	63	63
n03201208_310.JPEG	6	13	63	63
n03201208_311.JPEG	2	13	63	47
n03201208_312.JPEG	0	11	63	54
n03201208_313.JPEG	8	23	51	52
n03201208_314.JPEG	4	13	61	63
n03201208_315.JPEG	0	26	63	48
n03201208_316.JPEG	0	6	63	63
n03201208_317.JPEG	0	7	63	54
n03201208_318.JPEG	0	21	63	63
n03201208_319.JPEG	1	26	63	44
n03201208_320.JPEG	0	10	63	60
n03201208_321.JPEG	3	15	58	63
n03201208_322.JPEG	4	23	59	55
n03201208_323.JPEG	3	37	58	60
n03201208_324.JPEG	0	38	63	63
n03201208_325.JPEG	0	19	63	63
n03201208_326.JPEG	0	15	63	59
n03201208_327.JPEG	12	18	55	57
n03201208_328.JPEG	0	33	63	63
n03201208_329.JPEG	1	10	62	57
n03201208_330.JPEG	0	19	63	63
n03201208_331.JPEG	0	40	63	63
n03201208_332.JPEG	0	28	63	63
n03201208_333.JPEG	0	3	63	60
n03201208_334.JPEG	14	35	59	41
n03201208_335.JPEG	5	43	55	63
n03201208_336.JPEG	17	35	63	59
n03201208_337.JPEG	0	0	63	63
n03201208_338.JPEG	0	13	63	63
n03201208_339.JPEG	20	34	63	54
n03201208_340.JPEG	0	26	63	63
n03201208_341.JPEG	0	21	63	50
n03201208_342.JPEG	8	34	47	59
n03201208_343.JPEG	0	14	61	63
n03201208_344.JPEG	13	26	58	61
n03201208_345.JPEG	0	42	63	63
n03201208_346.JPEG	4	4	62	57
n03201208_347.JPEG	0	33	63	63
n03201208_348.JPEG	1	46	44	62
n03201208_349.JPEG	0	15	63	63
n03201208_350.JPEG	0	24	54	54
n03201208_351.JPEG	14	21	53	53
n03201208_352.JPEG	1	42	63	63
n03201208_353.JPEG	1	21	63	45
n03201208_354.JPEG	0	40	63	63
n03201208_355.JPEG	6	18	63	60
n03201208_356.JPEG	9	30	59	51
n03201208_357.JPEG	6	31	56	51
n03201208_358.JPEG	0	6	63	56
n03201208_359.JPEG	0	6	63	56
n03201208_360.JPEG	0	0	63	63
n03201208_361.JPEG	0	4	63	61
n03201208_362.JPEG	18	37	55	63
n03201208_363.JPEG	0	0	63	55
n03201208_364.JPEG	5	16	53	25
n03201208_365.JPEG	13	14	57	58
n03201208_366.JPEG	0	28	54	63
n03201208_367.JPEG	1	30	63	63
n03201208_368.JPEG	0	31	54	51
n03201208_369.JPEG	0	43	63	63
n03201208_370.JPEG	4	15	63	62
n03201208_371.JPEG	16	21	53	60
n03201208_372.JPEG	0	6	63	63
n03201208_373.JPEG	8	48	55	63
n03201208_374.JPEG	1	5	61	63
n03201208_375.JPEG	9	17	52	50
n03201208_376.JPEG	0	5	63	63
n03201208_377.JPEG	0	29	45	63
n03201208_378.JPEG	0	1	63	63
n03201208_379.JPEG	0	15	63	59
n03201208_380.JPEG	0	14	61	63
n03201208_381.JPEG	11	24	57	57
n03201208_382.JPEG	0	36	44	63
n03201208_383.JPEG	1	9	63	55
n03201208_384.JPEG	0	15	50	62
n03201208_385.JPEG	1	38	63	63
n03201208_386.JPEG	5	35	62	45
n03201208_387.JPEG	18	17	57	46
n03201208_388.JPEG	0	25	59	60
n03201208_389.JPEG	0	10	63	40
n03201208_390.JPEG	0	5	63	58
n03201208_391.JPEG	0	23	56	63
n03201208_392.JPEG	1	40	47	63
n03201208_393.JPEG	0	1	63	63
n03201208_394.JPEG	3	10	60	63
n03201208_395.JPEG	0	15	63	63
n03201208_396.JPEG	0	10	63	56
n03201208_397.JPEG	0	55	28	63
n03201208_398.JPEG	10	23	53	58
n03201208_399.JPEG	0	26	54	56
n03201208_400.JPEG	2	20	59	63
n03201208_401.JPEG	14	34	63	57
n03201208_402.JPEG	1	16	63	62
n03201208_403.JPEG	10	19	59	59
n03201208_404.JPEG	0	17	63	58
n03201208_405.JPEG	2	17	63	63
n03201208_406.JPEG	2	36	50	63
n03201208_407.JPEG	6	18	57	61
n03201208_408.JPEG	0	10	63	63
n03201208_409.JPEG	9	34	52	54
n03201208_410.JPEG	0	39	63	63
n03201208_411.JPEG	9	20	63	32
n03201208_412.JPEG	7	18	56	62
n03201208_413.JPEG	29	31	63	63
n03201208_414.JPEG	17	23	63	63
n03201208_415.JPEG	22	28	57	55
n03201208_416.JPEG	7	38	51	63
n03201208_417.JPEG	0	33	16	51
n03201208_418.JPEG	0	9	63	63
n03201208_419.JPEG	7	30	63	56
n03201208_420.JPEG	0	18	63	63
n03201208_421.JPEG	17	37	48	63
n03201208_422.JPEG	0	17	60	60
n03201208_423.JPEG	0	12	63	63
n03201208_424.JPEG	0	17	63	63
n03201208_425.JPEG	10	26	52	60
n03201208_426.JPEG	0	34	63	63
n03201208_427.JPEG	5	31	55	63
n03201208_428.JPEG	0	10	63	62
n03201208_429.JPEG	13	34	59	59
n03201208_430.JPEG	0	39	63	63
n03201208_431.JPEG	0	31	31	56
n03201208_432.JPEG	19	35	54	63
n03201208_433.JPEG	3	39	63	63
n03201208_434.JPEG	8	27	63	63
n03201208_435.JPEG	0	7	63	57
n03201208_436.JPEG	0	20	63	53
n03201208_437.JPEG	4	24	63	56
n03201208_438.JPEG	0	4	63	63
n03201208_439.JPEG	0	31	61	54
n03201208_440.JPEG	2	40	50	63
n03201208_441.JPEG	0	10	63	63
n03201208_442.JPEG	20	34	63	63
n03201208_443.JPEG	12	36	49	63
n03201208_444.JPEG	5	14	63	60
n03201208_445.JPEG	4	31	52	63
n03201208_446.JPEG	0	17	63	63
n03201208_447.JPEG	0	0	63	63
n03201208_448.JPEG	0	14	63	63
n03201208_449.JPEG	0	47	63	63
n03201208_450.JPEG	0	18	63	63
n03201208_451.JPEG	0	19	63	56
n03201208_452.JPEG	5	13	63	59
n03201208_453.JPEG	0	18	40	28
n03201208_454.JPEG	0	19	63	63
n03201208_455.JPEG	0	8	63	63
n03201208_456.JPEG	0	24	63	56
n03201208_457.JPEG	6	20	57	63
n03201208_458.JPEG	3	10	63	62
n03201208_459.JPEG	0	32	32	39
n03201208_460.JPEG	0	7	63	38
n03201208_461.JPEG	3	15	61	49
n03201208_462.JPEG	0	10	63	63
n03201208_463.JPEG	11	26	63	59
n03201208_464.JPEG	0	10	63	61
n03201208_465.JPEG	5	17	63	63
n03201208_466.JPEG	1	27	61	63
n03201208_467.JPEG	2	11	63	63
n03201208_468.JPEG	12	22	49	32
n03201208_469.JPEG	4	7	63	59
n03201208_470.JPEG	0	39	63	63
n03201208_471.JPEG	0	29	62	63
n03201208_472.JPEG	12	31	40	63
n03201208_473.JPEG	0	0	63	63
n03201208_474.JPEG	1	14	63	54
n03201208_475.JPEG	2	23	51	63
n03201208_476.JPEG	10	34	49	63
n03201208_477.JPEG	3	8	57	53
n03201208_478.JPEG	5	20	58	63
n03201208_479.JPEG	5	32	63	63
n03201208_480.JPEG	3	22	47	63
n03201208_481.JPEG	0	7	63	63
n03201208_482.JPEG	0	24	63	55
n03201208_483.JPEG	20	30	63	62
n03201208_484.JPEG	7	12	61	62
n03201208_485.JPEG	14	23	63	57
n03201208_486.JPEG	0	1	63	63
n03201208_487.JPEG	0	6	63	63
n03201208_488.JPEG	1	20	63	63
n03201208_489.JPEG	0	7	63	54
n03201208_490.JPEG	0	19	63	63
n03201208_491.JPEG	0	41	63	63
n03201208_492.JPEG	6	22	59	63
n03201208_493.JPEG	0	28	63	63
n03201208_494.JPEG	0	5	63	60
n03201208_495.JPEG	1	18	60	60
n03201208_496.JPEG	0	16	63	42
n03201208_497.JPEG	4	21	49	63
n03201208_498.JPEG	10	23	63	63
n03201208_499.JPEG	0	25	63	51
