n07579787_0.JPEG	0	12	63	54
n07579787_1.JPEG	0	0	41	63
n07579787_2.JPEG	1	7	62	60
n07579787_3.JPEG	0	7	63	63
n07579787_4.JPEG	0	2	63	63
n07579787_5.JPEG	0	0	63	63
n07579787_6.JPEG	0	1	63	63
n07579787_7.JPEG	0	4	63	63
n07579787_8.JPEG	4	8	53	47
n07579787_9.JPEG	0	3	62	63
n07579787_10.JPEG	0	0	63	63
n07579787_11.JPEG	0	8	63	61
n07579787_12.JPEG	0	0	63	63
n07579787_13.JPEG	0	7	63	63
n07579787_14.JPEG	0	9	63	53
n07579787_15.JPEG	0	7	63	63
n07579787_16.JPEG	0	4	63	63
n07579787_17.JPEG	11	38	53	63
n07579787_18.JPEG	0	23	63	60
n07579787_19.JPEG	12	32	63	42
n07579787_20.JPEG	0	5	60	57
n07579787_21.JPEG	0	1	63	63
n07579787_22.JPEG	0	33	63	63
n07579787_23.JPEG	0	12	63	63
n07579787_24.JPEG	0	0	63	63
n07579787_25.JPEG	0	14	62	59
n07579787_26.JPEG	0	1	63	63
n07579787_27.JPEG	0	5	63	63
n07579787_28.JPEG	0	0	63	63
n07579787_29.JPEG	0	3	63	63
n07579787_30.JPEG	0	19	63	59
n07579787_31.JPEG	0	5	63	63
n07579787_32.JPEG	0	16	63	63
n07579787_33.JPEG	0	0	63	63
n07579787_34.JPEG	0	20	63	63
n07579787_35.JPEG	0	2	63	63
n07579787_36.JPEG	0	14	63	63
n07579787_37.JPEG	0	9	63	59
n07579787_38.JPEG	0	0	63	63
n07579787_39.JPEG	0	21	63	57
n07579787_40.JPEG	0	0	63	63
n07579787_41.JPEG	0	0	63	63
n07579787_42.JPEG	0	5	63	63
n07579787_43.JPEG	0	11	63	63
n07579787_44.JPEG	0	32	63	63
n07579787_45.JPEG	0	10	63	62
n07579787_46.JPEG	0	30	63	58
n07579787_47.JPEG	0	18	63	63
n07579787_48.JPEG	0	22	63	63
n07579787_49.JPEG	0	11	63	63
n07579787_50.JPEG	0	2	63	63
n07579787_51.JPEG	15	25	57	60
n07579787_52.JPEG	0	4	63	63
n07579787_53.JPEG	2	2	63	63
n07579787_54.JPEG	0	8	63	63
n07579787_55.JPEG	2	0	63	37
n07579787_56.JPEG	8	24	55	63
n07579787_57.JPEG	0	4	63	63
n07579787_58.JPEG	0	21	63	59
n07579787_59.JPEG	0	1	63	63
n07579787_60.JPEG	0	0	63	63
n07579787_61.JPEG	0	5	63	63
n07579787_62.JPEG	0	26	63	63
n07579787_63.JPEG	18	37	37	42
n07579787_64.JPEG	0	24	60	57
n07579787_65.JPEG	0	7	63	63
n07579787_66.JPEG	2	59	32	63
n07579787_67.JPEG	0	4	63	63
n07579787_68.JPEG	0	1	63	63
n07579787_69.JPEG	46	8	63	35
n07579787_70.JPEG	0	0	63	63
n07579787_71.JPEG	9	1	63	63
n07579787_72.JPEG	0	18	63	62
n07579787_73.JPEG	0	1	35	15
n07579787_74.JPEG	0	7	63	61
n07579787_75.JPEG	0	5	63	63
n07579787_76.JPEG	0	7	63	59
n07579787_77.JPEG	0	0	63	63
n07579787_78.JPEG	12	7	44	38
n07579787_79.JPEG	0	4	63	63
n07579787_80.JPEG	6	22	52	59
n07579787_81.JPEG	0	18	63	54
n07579787_82.JPEG	0	4	63	63
n07579787_83.JPEG	0	13	63	63
n07579787_84.JPEG	0	29	63	63
n07579787_85.JPEG	0	4	63	63
n07579787_86.JPEG	0	30	60	63
n07579787_87.JPEG	0	20	63	59
n07579787_88.JPEG	0	1	63	63
n07579787_89.JPEG	3	30	63	63
n07579787_90.JPEG	1	0	63	63
n07579787_91.JPEG	0	18	63	61
n07579787_92.JPEG	0	25	43	60
n07579787_93.JPEG	0	0	63	63
n07579787_94.JPEG	0	0	63	63
n07579787_95.JPEG	0	1	63	63
n07579787_96.JPEG	0	6	63	63
n07579787_97.JPEG	1	4	63	63
n07579787_98.JPEG	3	7	29	35
n07579787_99.JPEG	0	0	63	63
n07579787_100.JPEG	0	24	63	50
n07579787_101.JPEG	14	18	63	53
n07579787_102.JPEG	0	6	63	63
n07579787_103.JPEG	1	0	63	63
n07579787_104.JPEG	0	0	63	63
n07579787_105.JPEG	0	14	63	63
n07579787_106.JPEG	25	59	51	63
n07579787_107.JPEG	12	49	43	63
n07579787_108.JPEG	0	1	63	63
n07579787_109.JPEG	0	6	63	63
n07579787_110.JPEG	0	0	58	59
n07579787_111.JPEG	10	21	63	61
n07579787_112.JPEG	0	2	63	63
n07579787_113.JPEG	0	0	63	63
n07579787_114.JPEG	0	10	63	63
n07579787_115.JPEG	14	47	28	57
n07579787_116.JPEG	0	1	63	63
n07579787_117.JPEG	0	0	63	63
n07579787_118.JPEG	0	1	63	63
n07579787_119.JPEG	0	0	63	62
n07579787_120.JPEG	30	46	63	63
n07579787_121.JPEG	9	13	63	59
n07579787_122.JPEG	0	2	63	63
n07579787_123.JPEG	0	22	63	55
n07579787_124.JPEG	0	0	63	63
n07579787_125.JPEG	0	7	63	57
n07579787_126.JPEG	0	10	63	63
n07579787_127.JPEG	7	14	63	63
n07579787_128.JPEG	0	18	63	63
n07579787_129.JPEG	0	10	63	63
n07579787_130.JPEG	0	22	58	63
n07579787_131.JPEG	0	0	63	63
n07579787_132.JPEG	0	2	63	63
n07579787_133.JPEG	0	7	63	62
n07579787_134.JPEG	0	0	63	63
n07579787_135.JPEG	0	12	63	63
n07579787_136.JPEG	0	4	63	63
n07579787_137.JPEG	0	15	63	63
n07579787_138.JPEG	8	3	63	63
n07579787_139.JPEG	0	7	63	63
n07579787_140.JPEG	0	5	63	58
n07579787_141.JPEG	6	32	52	59
n07579787_142.JPEG	0	8	63	63
n07579787_143.JPEG	4	1	63	60
n07579787_144.JPEG	0	11	63	53
n07579787_145.JPEG	0	4	63	62
n07579787_146.JPEG	0	0	62	62
n07579787_147.JPEG	0	3	63	63
n07579787_148.JPEG	0	0	63	63
n07579787_149.JPEG	6	45	26	55
n07579787_150.JPEG	3	2	63	55
n07579787_151.JPEG	0	11	63	63
n07579787_152.JPEG	8	55	57	63
n07579787_153.JPEG	0	7	63	45
n07579787_154.JPEG	0	1	63	63
n07579787_155.JPEG	2	12	57	61
n07579787_156.JPEG	0	4	28	24
n07579787_157.JPEG	5	13	63	63
n07579787_158.JPEG	0	0	63	63
n07579787_159.JPEG	0	0	63	63
n07579787_160.JPEG	0	13	63	63
n07579787_161.JPEG	0	21	63	58
n07579787_162.JPEG	0	6	63	63
n07579787_163.JPEG	0	13	63	63
n07579787_164.JPEG	0	7	63	63
n07579787_165.JPEG	0	2	63	57
n07579787_166.JPEG	1	0	63	27
n07579787_167.JPEG	0	13	63	63
n07579787_168.JPEG	0	23	63	62
n07579787_169.JPEG	0	16	63	63
n07579787_170.JPEG	0	11	63	63
n07579787_171.JPEG	35	30	62	50
n07579787_172.JPEG	35	44	63	62
n07579787_173.JPEG	0	1	63	63
n07579787_174.JPEG	0	13	63	57
n07579787_175.JPEG	0	1	63	63
n07579787_176.JPEG	0	23	30	41
n07579787_177.JPEG	0	17	63	54
n07579787_178.JPEG	0	1	63	63
n07579787_179.JPEG	0	17	63	63
n07579787_180.JPEG	7	0	62	12
n07579787_181.JPEG	0	0	63	63
n07579787_182.JPEG	0	7	63	57
n07579787_183.JPEG	0	11	63	51
n07579787_184.JPEG	0	2	63	56
n07579787_185.JPEG	0	9	63	63
n07579787_186.JPEG	0	0	63	63
n07579787_187.JPEG	0	0	63	63
n07579787_188.JPEG	0	4	59	53
n07579787_189.JPEG	0	10	63	60
n07579787_190.JPEG	0	0	63	63
n07579787_191.JPEG	0	0	63	63
n07579787_192.JPEG	0	20	63	63
n07579787_193.JPEG	1	0	63	63
n07579787_194.JPEG	0	31	63	61
n07579787_195.JPEG	0	0	63	63
n07579787_196.JPEG	0	17	63	58
n07579787_197.JPEG	0	0	63	63
n07579787_198.JPEG	0	12	63	58
n07579787_199.JPEG	0	0	63	62
n07579787_200.JPEG	0	5	63	63
n07579787_201.JPEG	0	1	63	63
n07579787_202.JPEG	0	15	63	63
n07579787_203.JPEG	0	1	47	63
n07579787_204.JPEG	0	14	63	61
n07579787_205.JPEG	0	9	63	63
n07579787_206.JPEG	0	8	63	63
n07579787_207.JPEG	0	28	63	63
n07579787_208.JPEG	0	1	63	63
n07579787_209.JPEG	0	0	63	63
n07579787_210.JPEG	0	5	63	63
n07579787_211.JPEG	7	42	48	58
n07579787_212.JPEG	0	3	63	56
n07579787_213.JPEG	0	0	63	63
n07579787_214.JPEG	0	33	54	63
n07579787_215.JPEG	1	1	63	63
n07579787_216.JPEG	8	22	63	55
n07579787_217.JPEG	8	25	59	55
n07579787_218.JPEG	4	20	58	63
n07579787_219.JPEG	21	45	63	63
n07579787_220.JPEG	0	10	63	63
n07579787_221.JPEG	0	3	63	63
n07579787_222.JPEG	0	0	63	63
n07579787_223.JPEG	0	35	63	60
n07579787_224.JPEG	0	15	63	63
n07579787_225.JPEG	0	1	63	63
n07579787_226.JPEG	12	17	63	63
n07579787_227.JPEG	0	16	63	63
n07579787_228.JPEG	0	4	63	63
n07579787_229.JPEG	0	0	63	63
n07579787_230.JPEG	0	24	63	63
n07579787_231.JPEG	0	0	63	63
n07579787_232.JPEG	34	6	63	53
n07579787_233.JPEG	6	18	63	63
n07579787_234.JPEG	0	1	63	63
n07579787_235.JPEG	0	0	63	63
n07579787_236.JPEG	0	11	63	63
n07579787_237.JPEG	0	8	63	63
n07579787_238.JPEG	6	17	63	60
n07579787_239.JPEG	0	0	63	63
n07579787_240.JPEG	0	3	63	61
n07579787_241.JPEG	3	17	52	63
n07579787_242.JPEG	0	0	63	63
n07579787_243.JPEG	19	11	63	37
n07579787_244.JPEG	0	8	62	42
n07579787_245.JPEG	18	16	63	63
n07579787_246.JPEG	0	8	63	63
n07579787_247.JPEG	23	10	41	21
n07579787_248.JPEG	0	1	63	63
n07579787_249.JPEG	0	0	63	63
n07579787_250.JPEG	0	28	63	63
n07579787_251.JPEG	0	38	57	63
n07579787_252.JPEG	0	1	63	63
n07579787_253.JPEG	0	24	62	63
n07579787_254.JPEG	0	12	63	58
n07579787_255.JPEG	0	25	63	52
n07579787_256.JPEG	0	2	63	62
n07579787_257.JPEG	0	6	63	63
n07579787_258.JPEG	0	0	63	63
n07579787_259.JPEG	42	41	52	46
n07579787_260.JPEG	0	19	63	53
n07579787_261.JPEG	0	6	63	63
n07579787_262.JPEG	0	8	63	63
n07579787_263.JPEG	0	0	63	63
n07579787_264.JPEG	0	1	63	63
n07579787_265.JPEG	0	32	23	52
n07579787_266.JPEG	5	15	63	44
n07579787_267.JPEG	1	1	63	63
n07579787_268.JPEG	0	1	63	63
n07579787_269.JPEG	0	1	63	63
n07579787_270.JPEG	14	48	56	63
n07579787_271.JPEG	40	49	63	63
n07579787_272.JPEG	0	1	63	63
n07579787_273.JPEG	1	28	63	61
n07579787_274.JPEG	0	6	63	62
n07579787_275.JPEG	0	9	63	63
n07579787_276.JPEG	2	59	25	63
n07579787_277.JPEG	0	4	63	61
n07579787_278.JPEG	0	3	63	63
n07579787_279.JPEG	0	10	63	59
n07579787_280.JPEG	0	6	63	63
n07579787_281.JPEG	0	1	63	63
n07579787_282.JPEG	0	3	63	60
n07579787_283.JPEG	0	10	63	63
n07579787_284.JPEG	0	1	63	63
n07579787_285.JPEG	0	0	63	63
n07579787_286.JPEG	0	0	63	62
n07579787_287.JPEG	0	9	62	59
n07579787_288.JPEG	0	11	63	63
n07579787_289.JPEG	0	8	63	63
n07579787_290.JPEG	3	4	63	63
n07579787_291.JPEG	0	12	63	59
n07579787_292.JPEG	0	15	58	58
n07579787_293.JPEG	0	8	63	60
n07579787_294.JPEG	0	20	63	63
n07579787_295.JPEG	0	0	63	63
n07579787_296.JPEG	0	5	63	58
n07579787_297.JPEG	15	15	63	63
n07579787_298.JPEG	0	0	63	63
n07579787_299.JPEG	0	25	63	63
n07579787_300.JPEG	4	36	59	45
n07579787_301.JPEG	0	14	63	63
n07579787_302.JPEG	13	27	63	63
n07579787_303.JPEG	0	11	63	56
n07579787_304.JPEG	0	5	63	63
n07579787_305.JPEG	0	20	63	63
n07579787_306.JPEG	0	22	63	55
n07579787_307.JPEG	0	26	63	60
n07579787_308.JPEG	0	0	63	63
n07579787_309.JPEG	0	4	57	63
n07579787_310.JPEG	2	6	57	63
n07579787_311.JPEG	0	0	63	63
n07579787_312.JPEG	0	0	63	63
n07579787_313.JPEG	34	11	63	55
n07579787_314.JPEG	0	10	63	63
n07579787_315.JPEG	1	3	63	63
n07579787_316.JPEG	0	4	63	63
n07579787_317.JPEG	0	0	63	63
n07579787_318.JPEG	0	10	60	63
n07579787_319.JPEG	0	0	39	63
n07579787_320.JPEG	0	1	63	63
n07579787_321.JPEG	1	12	63	63
n07579787_322.JPEG	0	0	60	57
n07579787_323.JPEG	0	1	63	63
n07579787_324.JPEG	0	1	63	63
n07579787_325.JPEG	2	11	63	63
n07579787_326.JPEG	0	19	27	47
n07579787_327.JPEG	0	4	63	63
n07579787_328.JPEG	0	8	63	60
n07579787_329.JPEG	0	11	63	63
n07579787_330.JPEG	0	18	63	63
n07579787_331.JPEG	24	49	63	63
n07579787_332.JPEG	12	18	63	63
n07579787_333.JPEG	0	0	63	63
n07579787_334.JPEG	0	4	63	63
n07579787_335.JPEG	0	7	63	63
n07579787_336.JPEG	36	55	51	63
n07579787_337.JPEG	7	17	63	52
n07579787_338.JPEG	0	0	63	63
n07579787_339.JPEG	0	0	63	63
n07579787_340.JPEG	0	2	63	63
n07579787_341.JPEG	0	0	63	63
n07579787_342.JPEG	1	50	63	63
n07579787_343.JPEG	0	31	9	48
n07579787_344.JPEG	5	6	59	60
n07579787_345.JPEG	0	0	63	63
n07579787_346.JPEG	17	49	51	63
n07579787_347.JPEG	0	17	63	63
n07579787_348.JPEG	0	0	63	63
n07579787_349.JPEG	0	5	63	63
n07579787_350.JPEG	0	40	63	53
n07579787_351.JPEG	0	3	63	63
n07579787_352.JPEG	3	13	63	55
n07579787_353.JPEG	1	1	63	63
n07579787_354.JPEG	0	4	63	59
n07579787_355.JPEG	0	12	63	63
n07579787_356.JPEG	0	4	63	62
n07579787_357.JPEG	0	29	63	63
n07579787_358.JPEG	1	18	57	63
n07579787_359.JPEG	4	15	60	59
n07579787_360.JPEG	0	0	63	63
n07579787_361.JPEG	0	0	63	63
n07579787_362.JPEG	0	7	63	63
n07579787_363.JPEG	0	8	63	61
n07579787_364.JPEG	0	21	63	63
n07579787_365.JPEG	0	16	63	63
n07579787_366.JPEG	6	46	52	63
n07579787_367.JPEG	0	1	63	63
n07579787_368.JPEG	0	1	63	63
n07579787_369.JPEG	10	39	42	63
n07579787_370.JPEG	0	5	63	61
n07579787_371.JPEG	0	18	55	57
n07579787_372.JPEG	0	1	63	63
n07579787_373.JPEG	0	1	63	63
n07579787_374.JPEG	0	32	63	63
n07579787_375.JPEG	0	9	63	60
n07579787_376.JPEG	0	7	63	63
n07579787_377.JPEG	0	4	63	63
n07579787_378.JPEG	0	11	63	63
n07579787_379.JPEG	0	16	63	57
n07579787_380.JPEG	2	22	63	63
n07579787_381.JPEG	0	7	63	63
n07579787_382.JPEG	2	8	63	55
n07579787_383.JPEG	0	14	63	58
n07579787_384.JPEG	0	9	63	63
n07579787_385.JPEG	0	13	63	63
n07579787_386.JPEG	0	5	63	61
n07579787_387.JPEG	0	5	63	63
n07579787_388.JPEG	0	6	63	63
n07579787_389.JPEG	0	36	63	63
n07579787_390.JPEG	0	7	63	51
n07579787_391.JPEG	0	15	63	63
n07579787_392.JPEG	0	44	46	61
n07579787_393.JPEG	3	58	54	63
n07579787_394.JPEG	0	10	63	63
n07579787_395.JPEG	0	7	63	63
n07579787_396.JPEG	0	20	63	63
n07579787_397.JPEG	0	8	63	63
n07579787_398.JPEG	0	13	57	56
n07579787_399.JPEG	0	45	47	63
n07579787_400.JPEG	12	17	59	59
n07579787_401.JPEG	0	5	60	59
n07579787_402.JPEG	0	9	63	63
n07579787_403.JPEG	27	18	44	29
n07579787_404.JPEG	0	6	63	63
n07579787_405.JPEG	0	18	48	47
n07579787_406.JPEG	0	1	63	63
n07579787_407.JPEG	31	3	63	18
n07579787_408.JPEG	21	30	60	63
n07579787_409.JPEG	0	12	63	63
n07579787_410.JPEG	0	0	63	63
n07579787_411.JPEG	0	12	63	63
n07579787_412.JPEG	0	13	63	57
n07579787_413.JPEG	7	33	63	61
n07579787_414.JPEG	0	0	63	63
n07579787_415.JPEG	0	20	53	48
n07579787_416.JPEG	3	31	63	63
n07579787_417.JPEG	0	7	63	63
n07579787_418.JPEG	0	6	63	63
n07579787_419.JPEG	0	5	63	63
n07579787_420.JPEG	0	0	63	63
n07579787_421.JPEG	0	14	63	63
n07579787_422.JPEG	0	1	63	63
n07579787_423.JPEG	0	10	63	63
n07579787_424.JPEG	0	0	63	63
n07579787_425.JPEG	0	5	63	61
n07579787_426.JPEG	17	22	63	63
n07579787_427.JPEG	0	9	63	56
n07579787_428.JPEG	0	5	63	63
n07579787_429.JPEG	25	49	57	63
n07579787_430.JPEG	0	16	63	60
n07579787_431.JPEG	0	15	63	63
n07579787_432.JPEG	0	6	63	63
n07579787_433.JPEG	38	48	63	60
n07579787_434.JPEG	0	4	63	63
n07579787_435.JPEG	0	1	63	63
n07579787_436.JPEG	0	0	63	63
n07579787_437.JPEG	0	3	63	63
n07579787_438.JPEG	0	3	63	63
n07579787_439.JPEG	0	25	39	60
n07579787_440.JPEG	0	11	63	63
n07579787_441.JPEG	0	1	63	63
n07579787_442.JPEG	0	0	63	63
n07579787_443.JPEG	0	0	63	58
n07579787_444.JPEG	0	27	63	63
n07579787_445.JPEG	0	6	63	63
n07579787_446.JPEG	0	2	63	63
n07579787_447.JPEG	13	23	54	52
n07579787_448.JPEG	0	12	63	63
n07579787_449.JPEG	0	0	63	63
n07579787_450.JPEG	0	0	63	57
n07579787_451.JPEG	1	23	63	63
n07579787_452.JPEG	0	28	63	63
n07579787_453.JPEG	0	0	63	63
n07579787_454.JPEG	3	4	63	63
n07579787_455.JPEG	0	11	63	63
n07579787_456.JPEG	0	13	63	63
n07579787_457.JPEG	0	22	63	58
n07579787_458.JPEG	0	1	63	63
n07579787_459.JPEG	0	4	63	63
n07579787_460.JPEG	0	25	57	58
n07579787_461.JPEG	0	4	63	63
n07579787_462.JPEG	0	10	63	63
n07579787_463.JPEG	0	39	49	63
n07579787_464.JPEG	0	12	63	57
n07579787_465.JPEG	0	16	63	63
n07579787_466.JPEG	0	1	63	63
n07579787_467.JPEG	0	9	63	60
n07579787_468.JPEG	0	0	63	63
n07579787_469.JPEG	0	6	63	63
n07579787_470.JPEG	0	22	63	63
n07579787_471.JPEG	25	35	63	63
n07579787_472.JPEG	0	16	63	62
n07579787_473.JPEG	10	26	63	61
n07579787_474.JPEG	0	0	63	63
n07579787_475.JPEG	0	24	63	63
n07579787_476.JPEG	0	0	63	59
n07579787_477.JPEG	0	10	63	63
n07579787_478.JPEG	0	0	63	63
n07579787_479.JPEG	0	4	63	63
n07579787_480.JPEG	12	13	63	56
n07579787_481.JPEG	0	8	63	63
n07579787_482.JPEG	0	4	63	61
n07579787_483.JPEG	0	11	63	42
n07579787_484.JPEG	0	14	63	63
n07579787_485.JPEG	5	15	63	62
n07579787_486.JPEG	0	0	63	63
n07579787_487.JPEG	0	11	63	63
n07579787_488.JPEG	24	52	42	58
n07579787_489.JPEG	7	14	59	55
n07579787_490.JPEG	0	6	63	63
n07579787_491.JPEG	0	0	63	63
n07579787_492.JPEG	0	0	63	63
n07579787_493.JPEG	0	4	63	62
n07579787_494.JPEG	0	5	63	63
n07579787_495.JPEG	0	0	63	59
n07579787_496.JPEG	0	20	63	63
n07579787_497.JPEG	0	0	63	63
n07579787_498.JPEG	0	18	63	58
n07579787_499.JPEG	0	12	63	62
