n09246464_0.JPEG	0	0	63	63
n09246464_1.JPEG	16	20	63	57
n09246464_2.JPEG	11	1	63	63
n09246464_3.JPEG	0	26	63	52
n09246464_4.JPEG	17	1	63	63
n09246464_5.JPEG	50	20	63	63
n09246464_6.JPEG	18	24	27	35
n09246464_7.JPEG	0	3	63	60
n09246464_8.JPEG	0	0	63	63
n09246464_9.JPEG	0	5	28	61
n09246464_10.JPEG	0	0	23	63
n09246464_11.JPEG	0	10	63	63
n09246464_12.JPEG	0	1	63	63
n09246464_13.JPEG	38	14	57	34
n09246464_14.JPEG	22	0	63	59
n09246464_15.JPEG	45	34	63	63
n09246464_16.JPEG	0	0	63	63
n09246464_17.JPEG	0	0	39	63
n09246464_18.JPEG	0	0	44	52
n09246464_19.JPEG	53	11	63	46
n09246464_20.JPEG	0	13	62	40
n09246464_21.JPEG	39	15	63	44
n09246464_22.JPEG	0	0	63	63
n09246464_23.JPEG	37	0	63	36
n09246464_24.JPEG	0	0	32	63
n09246464_25.JPEG	0	39	29	63
n09246464_26.JPEG	51	19	63	63
n09246464_27.JPEG	0	1	26	63
n09246464_28.JPEG	0	0	63	58
n09246464_29.JPEG	0	23	57	61
n09246464_30.JPEG	3	1	62	27
n09246464_31.JPEG	0	13	63	63
n09246464_32.JPEG	0	1	63	63
n09246464_33.JPEG	0	0	59	63
n09246464_34.JPEG	0	0	57	63
n09246464_35.JPEG	10	20	51	63
n09246464_36.JPEG	4	1	63	48
n09246464_37.JPEG	0	18	63	43
n09246464_38.JPEG	0	28	63	48
n09246464_39.JPEG	0	36	63	63
n09246464_40.JPEG	0	3	63	63
n09246464_41.JPEG	1	6	63	59
n09246464_42.JPEG	13	0	63	38
n09246464_43.JPEG	0	0	63	63
n09246464_44.JPEG	0	13	40	36
n09246464_45.JPEG	33	0	63	59
n09246464_46.JPEG	0	0	55	63
n09246464_47.JPEG	26	0	63	41
n09246464_48.JPEG	0	28	63	63
n09246464_49.JPEG	1	0	56	63
n09246464_50.JPEG	0	1	63	56
n09246464_51.JPEG	1	0	48	63
n09246464_52.JPEG	1	17	50	34
n09246464_53.JPEG	41	20	63	63
n09246464_54.JPEG	1	0	63	63
n09246464_55.JPEG	0	0	42	63
n09246464_56.JPEG	0	0	63	63
n09246464_57.JPEG	0	1	38	63
n09246464_58.JPEG	0	14	63	63
n09246464_59.JPEG	0	7	53	27
n09246464_60.JPEG	0	1	63	63
n09246464_61.JPEG	0	7	63	28
n09246464_62.JPEG	0	0	49	63
n09246464_63.JPEG	0	21	63	63
n09246464_64.JPEG	0	1	63	63
n09246464_65.JPEG	0	7	40	63
n09246464_66.JPEG	0	0	45	63
n09246464_67.JPEG	0	13	63	63
n09246464_68.JPEG	0	25	28	63
n09246464_69.JPEG	0	14	63	60
n09246464_70.JPEG	0	4	63	53
n09246464_71.JPEG	0	9	40	35
n09246464_72.JPEG	0	13	63	63
n09246464_73.JPEG	0	13	63	63
n09246464_74.JPEG	1	0	45	63
n09246464_75.JPEG	0	0	63	63
n09246464_76.JPEG	0	0	63	63
n09246464_77.JPEG	0	6	63	63
n09246464_78.JPEG	0	1	63	37
n09246464_79.JPEG	5	21	58	60
n09246464_80.JPEG	4	21	63	40
n09246464_81.JPEG	17	10	63	63
n09246464_82.JPEG	0	32	44	63
n09246464_83.JPEG	0	8	14	18
n09246464_84.JPEG	3	23	63	63
n09246464_85.JPEG	0	24	63	63
n09246464_86.JPEG	27	30	63	63
n09246464_87.JPEG	44	5	63	63
n09246464_88.JPEG	6	10	35	47
n09246464_89.JPEG	0	13	34	63
n09246464_90.JPEG	0	0	63	28
n09246464_91.JPEG	0	7	63	63
n09246464_92.JPEG	0	0	63	63
n09246464_93.JPEG	1	0	63	63
n09246464_94.JPEG	8	3	63	63
n09246464_95.JPEG	0	1	51	63
n09246464_96.JPEG	1	0	63	63
n09246464_97.JPEG	0	1	63	63
n09246464_98.JPEG	0	4	63	55
n09246464_99.JPEG	0	13	63	63
n09246464_100.JPEG	1	0	45	63
n09246464_101.JPEG	20	5	63	60
n09246464_102.JPEG	52	29	63	39
n09246464_103.JPEG	0	32	39	51
n09246464_104.JPEG	1	0	63	63
n09246464_105.JPEG	18	3	63	33
n09246464_106.JPEG	0	0	63	52
n09246464_107.JPEG	27	14	63	63
n09246464_108.JPEG	0	7	63	63
n09246464_109.JPEG	0	0	63	63
n09246464_110.JPEG	0	43	0	51
n09246464_111.JPEG	0	8	63	63
n09246464_112.JPEG	0	17	63	43
n09246464_113.JPEG	0	4	63	63
n09246464_114.JPEG	0	2	63	63
n09246464_115.JPEG	0	6	63	63
n09246464_116.JPEG	0	14	63	63
n09246464_117.JPEG	0	14	63	44
n09246464_118.JPEG	0	18	44	44
n09246464_119.JPEG	0	5	32	53
n09246464_120.JPEG	0	7	49	58
n09246464_121.JPEG	2	5	63	63
n09246464_122.JPEG	31	3	63	63
n09246464_123.JPEG	34	18	63	63
n09246464_124.JPEG	0	25	38	63
n09246464_125.JPEG	0	17	63	63
n09246464_126.JPEG	0	1	42	30
n09246464_127.JPEG	0	14	63	63
n09246464_128.JPEG	0	5	63	41
n09246464_129.JPEG	0	0	32	56
n09246464_130.JPEG	0	0	63	63
n09246464_131.JPEG	53	4	63	21
n09246464_132.JPEG	0	0	56	54
n09246464_133.JPEG	0	6	63	63
n09246464_134.JPEG	1	0	63	63
n09246464_135.JPEG	0	16	18	52
n09246464_136.JPEG	0	1	38	63
n09246464_137.JPEG	1	0	63	53
n09246464_138.JPEG	8	0	63	63
n09246464_139.JPEG	0	0	63	63
n09246464_140.JPEG	0	19	63	37
n09246464_141.JPEG	0	1	63	58
n09246464_142.JPEG	0	4	63	63
n09246464_143.JPEG	6	19	63	63
n09246464_144.JPEG	7	0	63	63
n09246464_145.JPEG	0	31	29	48
n09246464_146.JPEG	0	4	63	63
n09246464_147.JPEG	0	1	63	63
n09246464_148.JPEG	4	12	63	46
n09246464_149.JPEG	0	0	53	63
n09246464_150.JPEG	0	1	55	63
n09246464_151.JPEG	22	7	63	63
n09246464_152.JPEG	0	13	63	46
n09246464_153.JPEG	0	0	35	32
n09246464_154.JPEG	9	23	46	43
n09246464_155.JPEG	26	17	63	59
n09246464_156.JPEG	0	20	49	63
n09246464_157.JPEG	16	0	63	63
n09246464_158.JPEG	0	47	63	63
n09246464_159.JPEG	12	14	15	22
n09246464_160.JPEG	0	1	63	32
n09246464_161.JPEG	14	33	63	63
n09246464_162.JPEG	1	0	63	63
n09246464_163.JPEG	0	30	63	63
n09246464_164.JPEG	1	0	54	57
n09246464_165.JPEG	1	0	63	63
n09246464_166.JPEG	0	3	41	63
n09246464_167.JPEG	0	8	46	25
n09246464_168.JPEG	0	0	63	63
n09246464_169.JPEG	0	7	55	63
n09246464_170.JPEG	0	1	63	56
n09246464_171.JPEG	7	15	29	63
n09246464_172.JPEG	2	23	56	63
n09246464_173.JPEG	28	0	63	61
n09246464_174.JPEG	24	28	42	56
n09246464_175.JPEG	0	19	43	54
n09246464_176.JPEG	1	3	63	37
n09246464_177.JPEG	34	8	63	51
n09246464_178.JPEG	23	16	63	63
n09246464_179.JPEG	40	0	63	23
n09246464_180.JPEG	3	2	50	42
n09246464_181.JPEG	5	9	63	63
n09246464_182.JPEG	0	10	63	55
n09246464_183.JPEG	16	5	63	44
n09246464_184.JPEG	26	1	63	63
n09246464_185.JPEG	0	22	63	54
n09246464_186.JPEG	0	0	63	34
n09246464_187.JPEG	55	13	63	23
n09246464_188.JPEG	2	17	63	41
n09246464_189.JPEG	0	0	63	63
n09246464_190.JPEG	0	0	63	56
n09246464_191.JPEG	1	1	32	63
n09246464_192.JPEG	0	5	63	63
n09246464_193.JPEG	19	0	63	63
n09246464_194.JPEG	0	7	63	63
n09246464_195.JPEG	0	21	62	55
n09246464_196.JPEG	1	9	63	50
n09246464_197.JPEG	16	0	63	63
n09246464_198.JPEG	0	2	47	63
n09246464_199.JPEG	21	15	40	43
n09246464_200.JPEG	0	0	63	63
n09246464_201.JPEG	0	17	63	33
n09246464_202.JPEG	0	1	63	63
n09246464_203.JPEG	0	15	63	63
n09246464_204.JPEG	0	14	63	63
n09246464_205.JPEG	0	0	63	63
n09246464_206.JPEG	0	17	63	63
n09246464_207.JPEG	0	0	31	63
n09246464_208.JPEG	0	0	63	63
n09246464_209.JPEG	0	0	52	40
n09246464_210.JPEG	27	0	63	63
n09246464_211.JPEG	0	6	51	63
n09246464_212.JPEG	0	0	63	55
n09246464_213.JPEG	22	6	63	42
n09246464_214.JPEG	0	0	55	63
n09246464_215.JPEG	1	0	63	63
n09246464_216.JPEG	0	21	21	36
n09246464_217.JPEG	0	17	63	63
n09246464_218.JPEG	0	12	63	35
n09246464_219.JPEG	0	35	18	63
n09246464_220.JPEG	23	37	59	62
n09246464_221.JPEG	0	0	63	35
n09246464_222.JPEG	1	0	63	63
n09246464_223.JPEG	0	11	62	59
n09246464_224.JPEG	0	0	63	41
n09246464_225.JPEG	0	17	32	63
n09246464_226.JPEG	15	15	63	63
n09246464_227.JPEG	0	13	63	59
n09246464_228.JPEG	1	0	63	63
n09246464_229.JPEG	0	15	63	55
n09246464_230.JPEG	0	13	63	63
n09246464_231.JPEG	0	7	36	53
n09246464_232.JPEG	35	28	50	63
n09246464_233.JPEG	0	26	63	52
n09246464_234.JPEG	0	20	63	53
n09246464_235.JPEG	8	0	56	63
n09246464_236.JPEG	0	10	63	63
n09246464_237.JPEG	13	10	63	63
n09246464_238.JPEG	0	1	63	63
n09246464_239.JPEG	0	8	63	63
n09246464_240.JPEG	1	0	63	63
n09246464_241.JPEG	0	11	38	57
n09246464_242.JPEG	0	21	63	36
n09246464_243.JPEG	0	9	63	63
n09246464_244.JPEG	37	8	63	63
n09246464_245.JPEG	7	0	63	63
n09246464_246.JPEG	0	12	63	61
n09246464_247.JPEG	13	32	63	63
n09246464_248.JPEG	1	0	63	63
n09246464_249.JPEG	21	13	63	40
n09246464_250.JPEG	5	19	63	55
n09246464_251.JPEG	1	13	63	63
n09246464_252.JPEG	0	36	19	56
n09246464_253.JPEG	0	23	63	63
n09246464_254.JPEG	0	6	31	55
n09246464_255.JPEG	0	6	63	32
n09246464_256.JPEG	7	0	63	63
n09246464_257.JPEG	0	6	54	39
n09246464_258.JPEG	0	1	63	61
n09246464_259.JPEG	0	0	63	63
n09246464_260.JPEG	0	32	63	63
n09246464_261.JPEG	0	3	63	63
n09246464_262.JPEG	0	0	63	63
n09246464_263.JPEG	0	0	63	37
n09246464_264.JPEG	1	0	63	63
n09246464_265.JPEG	49	6	63	63
n09246464_266.JPEG	1	5	63	63
n09246464_267.JPEG	0	0	49	63
n09246464_268.JPEG	0	4	63	63
n09246464_269.JPEG	24	7	54	47
n09246464_270.JPEG	0	9	63	61
n09246464_271.JPEG	21	0	58	58
n09246464_272.JPEG	23	14	63	47
n09246464_273.JPEG	4	13	63	45
n09246464_274.JPEG	0	0	63	63
n09246464_275.JPEG	0	26	63	39
n09246464_276.JPEG	0	1	63	57
n09246464_277.JPEG	28	1	63	63
n09246464_278.JPEG	3	1	63	63
n09246464_279.JPEG	0	28	6	36
n09246464_280.JPEG	0	6	63	63
n09246464_281.JPEG	0	24	63	63
n09246464_282.JPEG	0	11	63	60
n09246464_283.JPEG	0	0	63	63
n09246464_284.JPEG	1	0	63	63
n09246464_285.JPEG	0	9	63	55
n09246464_286.JPEG	0	22	46	63
n09246464_287.JPEG	0	11	26	54
n09246464_288.JPEG	0	0	63	63
n09246464_289.JPEG	0	10	63	63
n09246464_290.JPEG	0	1	63	63
n09246464_291.JPEG	0	0	63	63
n09246464_292.JPEG	0	0	63	63
n09246464_293.JPEG	8	18	44	63
n09246464_294.JPEG	0	4	55	63
n09246464_295.JPEG	0	22	63	55
n09246464_296.JPEG	0	7	63	63
n09246464_297.JPEG	0	0	63	63
n09246464_298.JPEG	0	7	63	63
n09246464_299.JPEG	0	0	63	63
n09246464_300.JPEG	0	1	63	31
n09246464_301.JPEG	0	3	63	63
n09246464_302.JPEG	0	19	17	63
n09246464_303.JPEG	0	19	63	63
n09246464_304.JPEG	0	0	48	63
n09246464_305.JPEG	0	22	63	63
n09246464_306.JPEG	25	0	63	63
n09246464_307.JPEG	44	15	63	28
n09246464_308.JPEG	1	14	45	63
n09246464_309.JPEG	0	0	16	20
n09246464_310.JPEG	0	12	63	63
n09246464_311.JPEG	0	0	58	63
n09246464_312.JPEG	0	7	63	47
n09246464_313.JPEG	6	0	63	63
n09246464_314.JPEG	30	3	63	44
n09246464_315.JPEG	0	0	63	52
n09246464_316.JPEG	0	0	63	62
n09246464_317.JPEG	31	0	63	63
n09246464_318.JPEG	0	7	63	63
n09246464_319.JPEG	0	1	63	33
n09246464_320.JPEG	0	11	63	32
n09246464_321.JPEG	1	0	63	63
n09246464_322.JPEG	0	0	63	6
n09246464_323.JPEG	0	0	63	63
n09246464_324.JPEG	8	4	63	63
n09246464_325.JPEG	16	0	63	55
n09246464_326.JPEG	1	28	63	63
n09246464_327.JPEG	0	3	15	63
n09246464_328.JPEG	0	18	63	58
n09246464_329.JPEG	15	8	63	63
n09246464_330.JPEG	0	1	63	62
n09246464_331.JPEG	0	0	63	63
n09246464_332.JPEG	10	29	63	63
n09246464_333.JPEG	0	0	63	63
n09246464_334.JPEG	0	0	63	52
n09246464_335.JPEG	0	0	63	50
n09246464_336.JPEG	0	2	63	63
n09246464_337.JPEG	0	11	51	33
n09246464_338.JPEG	0	1	53	63
n09246464_339.JPEG	0	0	63	63
n09246464_340.JPEG	30	0	63	63
n09246464_341.JPEG	27	12	63	63
n09246464_342.JPEG	0	0	63	63
n09246464_343.JPEG	0	0	63	63
n09246464_344.JPEG	1	1	63	63
n09246464_345.JPEG	4	0	63	40
n09246464_346.JPEG	0	31	63	63
n09246464_347.JPEG	12	52	33	56
n09246464_348.JPEG	19	24	23	29
n09246464_349.JPEG	21	14	63	49
n09246464_350.JPEG	26	28	63	48
n09246464_351.JPEG	0	27	63	50
n09246464_352.JPEG	0	1	63	63
n09246464_353.JPEG	44	35	63	63
n09246464_354.JPEG	12	0	63	63
n09246464_355.JPEG	0	0	63	63
n09246464_356.JPEG	17	9	63	63
n09246464_357.JPEG	0	0	48	63
n09246464_358.JPEG	1	0	35	63
n09246464_359.JPEG	11	8	40	39
n09246464_360.JPEG	0	30	8	63
n09246464_361.JPEG	0	0	63	63
n09246464_362.JPEG	0	6	24	63
n09246464_363.JPEG	0	9	63	63
n09246464_364.JPEG	4	3	63	63
n09246464_365.JPEG	0	31	60	44
n09246464_366.JPEG	30	0	63	63
n09246464_367.JPEG	21	7	63	43
n09246464_368.JPEG	22	8	63	45
n09246464_369.JPEG	1	0	63	63
n09246464_370.JPEG	0	19	63	63
n09246464_371.JPEG	0	20	46	52
n09246464_372.JPEG	0	0	63	63
n09246464_373.JPEG	0	15	63	44
n09246464_374.JPEG	0	0	63	63
n09246464_375.JPEG	14	19	63	63
n09246464_376.JPEG	43	1	63	63
n09246464_377.JPEG	0	29	63	63
n09246464_378.JPEG	3	11	63	63
n09246464_379.JPEG	27	15	57	49
n09246464_380.JPEG	0	33	27	50
n09246464_381.JPEG	1	0	38	63
n09246464_382.JPEG	8	13	63	63
n09246464_383.JPEG	0	11	63	49
n09246464_384.JPEG	0	4	34	63
n09246464_385.JPEG	0	0	25	32
n09246464_386.JPEG	0	20	63	47
n09246464_387.JPEG	0	0	63	63
n09246464_388.JPEG	0	0	42	52
n09246464_389.JPEG	29	0	63	59
n09246464_390.JPEG	0	10	63	63
n09246464_391.JPEG	0	15	47	46
n09246464_392.JPEG	9	33	21	52
n09246464_393.JPEG	0	0	63	63
n09246464_394.JPEG	0	1	63	63
n09246464_395.JPEG	0	0	63	63
n09246464_396.JPEG	0	42	47	63
n09246464_397.JPEG	0	0	63	63
n09246464_398.JPEG	36	0	63	46
n09246464_399.JPEG	0	0	63	63
n09246464_400.JPEG	33	0	63	28
n09246464_401.JPEG	0	1	63	63
n09246464_402.JPEG	0	19	63	39
n09246464_403.JPEG	40	0	63	63
n09246464_404.JPEG	0	7	50	63
n09246464_405.JPEG	1	6	63	63
n09246464_406.JPEG	8	0	63	26
n09246464_407.JPEG	0	11	63	28
n09246464_408.JPEG	0	0	60	63
n09246464_409.JPEG	0	0	63	63
n09246464_410.JPEG	14	1	63	63
n09246464_411.JPEG	0	0	63	63
n09246464_412.JPEG	0	9	44	63
n09246464_413.JPEG	0	0	63	63
n09246464_414.JPEG	0	5	63	63
n09246464_415.JPEG	0	0	61	63
n09246464_416.JPEG	0	7	63	36
n09246464_417.JPEG	0	11	63	63
n09246464_418.JPEG	0	0	63	63
n09246464_419.JPEG	0	0	63	63
n09246464_420.JPEG	0	1	63	63
n09246464_421.JPEG	0	16	44	51
n09246464_422.JPEG	0	20	18	63
n09246464_423.JPEG	0	14	63	63
n09246464_424.JPEG	40	9	58	27
n09246464_425.JPEG	0	0	63	63
n09246464_426.JPEG	35	0	63	56
n09246464_427.JPEG	0	6	63	53
n09246464_428.JPEG	14	23	63	63
n09246464_429.JPEG	32	21	60	44
n09246464_430.JPEG	0	0	63	63
n09246464_431.JPEG	0	6	63	29
n09246464_432.JPEG	0	1	32	63
n09246464_433.JPEG	0	21	38	43
n09246464_434.JPEG	29	30	56	39
n09246464_435.JPEG	0	11	0	57
n09246464_436.JPEG	2	0	62	63
n09246464_437.JPEG	0	0	63	63
n09246464_438.JPEG	0	1	63	63
n09246464_439.JPEG	0	19	63	63
n09246464_440.JPEG	0	28	63	63
n09246464_441.JPEG	0	0	63	63
n09246464_442.JPEG	48	22	63	41
n09246464_443.JPEG	0	11	26	63
n09246464_444.JPEG	1	0	63	63
n09246464_445.JPEG	0	35	60	51
n09246464_446.JPEG	33	19	61	37
n09246464_447.JPEG	24	1	63	63
n09246464_448.JPEG	1	52	48	63
n09246464_449.JPEG	0	0	63	63
n09246464_450.JPEG	0	0	36	55
n09246464_451.JPEG	22	0	63	60
n09246464_452.JPEG	1	0	63	63
n09246464_453.JPEG	56	0	63	28
n09246464_454.JPEG	0	53	7	58
n09246464_455.JPEG	36	0	63	63
n09246464_456.JPEG	0	4	63	62
n09246464_457.JPEG	1	0	63	63
n09246464_458.JPEG	0	1	63	44
n09246464_459.JPEG	9	29	24	40
n09246464_460.JPEG	0	0	39	60
n09246464_461.JPEG	0	0	63	63
n09246464_462.JPEG	0	0	63	19
n09246464_463.JPEG	0	14	63	63
n09246464_464.JPEG	0	5	63	63
n09246464_465.JPEG	0	0	63	41
n09246464_466.JPEG	7	12	33	39
n09246464_467.JPEG	0	0	63	63
n09246464_468.JPEG	1	0	34	63
n09246464_469.JPEG	0	16	63	63
n09246464_470.JPEG	0	5	27	63
n09246464_471.JPEG	0	2	63	32
n09246464_472.JPEG	0	20	63	63
n09246464_473.JPEG	38	22	63	63
n09246464_474.JPEG	0	21	27	49
n09246464_475.JPEG	29	31	53	39
n09246464_476.JPEG	0	0	31	63
n09246464_477.JPEG	1	0	63	63
n09246464_478.JPEG	0	1	63	57
n09246464_479.JPEG	25	31	63	63
n09246464_480.JPEG	0	0	63	63
n09246464_481.JPEG	0	0	36	54
n09246464_482.JPEG	0	3	30	63
n09246464_483.JPEG	0	24	63	63
n09246464_484.JPEG	0	12	63	63
n09246464_485.JPEG	0	1	47	42
n09246464_486.JPEG	0	0	63	63
n09246464_487.JPEG	1	0	63	63
n09246464_488.JPEG	44	37	58	63
n09246464_489.JPEG	18	25	63	63
n09246464_490.JPEG	1	0	63	63
n09246464_491.JPEG	0	22	63	63
n09246464_492.JPEG	0	1	49	63
n09246464_493.JPEG	0	8	63	63
n09246464_494.JPEG	0	0	48	63
n09246464_495.JPEG	0	39	63	63
n09246464_496.JPEG	21	0	63	63
n09246464_497.JPEG	0	3	63	63
n09246464_498.JPEG	43	17	63	63
n09246464_499.JPEG	0	43	58	47
