n04540053_0.JPEG	44	0	60	5
n04540053_1.JPEG	11	2	24	15
n04540053_2.JPEG	9	0	18	2
n04540053_3.JPEG	3	5	57	54
n04540053_4.JPEG	31	11	39	17
n04540053_5.JPEG	19	8	23	11
n04540053_6.JPEG	0	19	0	24
n04540053_7.JPEG	21	0	28	4
n04540053_8.JPEG	25	0	32	0
n04540053_9.JPEG	22	0	32	7
n04540053_10.JPEG	33	0	39	0
n04540053_11.JPEG	29	16	35	22
n04540053_12.JPEG	16	9	28	22
n04540053_13.JPEG	18	18	26	26
n04540053_14.JPEG	50	6	58	15
n04540053_15.JPEG	20	0	29	2
n04540053_16.JPEG	29	10	45	24
n04540053_17.JPEG	27	0	35	7
n04540053_18.JPEG	35	1	43	8
n04540053_19.JPEG	6	16	16	28
n04540053_20.JPEG	50	2	52	4
n04540053_21.JPEG	18	18	25	24
n04540053_22.JPEG	34	17	43	27
n04540053_23.JPEG	20	0	28	0
n04540053_24.JPEG	3	4	62	62
n04540053_25.JPEG	16	0	26	0
n04540053_26.JPEG	8	2	12	6
n04540053_27.JPEG	51	0	63	8
n04540053_28.JPEG	51	16	59	23
n04540053_29.JPEG	40	31	42	33
n04540053_30.JPEG	26	17	30	21
n04540053_31.JPEG	31	8	42	19
n04540053_32.JPEG	9	8	14	18
n04540053_33.JPEG	28	16	30	18
n04540053_34.JPEG	9	0	24	0
n04540053_35.JPEG	4	0	17	0
n04540053_36.JPEG	2	24	14	37
n04540053_37.JPEG	28	16	33	23
n04540053_38.JPEG	38	0	51	4
n04540053_39.JPEG	14	20	23	29
n04540053_40.JPEG	38	31	55	48
n04540053_41.JPEG	0	36	0	48
n04540053_42.JPEG	4	18	11	24
n04540053_43.JPEG	8	22	20	34
n04540053_44.JPEG	49	4	55	9
n04540053_45.JPEG	11	26	15	31
n04540053_46.JPEG	7	0	13	2
n04540053_47.JPEG	32	9	36	14
n04540053_48.JPEG	34	8	37	11
n04540053_49.JPEG	39	0	45	5
n04540053_50.JPEG	47	20	51	23
n04540053_51.JPEG	13	17	21	25
n04540053_52.JPEG	29	0	36	1
n04540053_53.JPEG	21	27	24	31
n04540053_54.JPEG	26	0	46	2
n04540053_55.JPEG	28	0	33	2
n04540053_56.JPEG	23	34	35	44
n04540053_57.JPEG	37	26	39	28
n04540053_58.JPEG	29	12	33	16
n04540053_59.JPEG	36	10	42	17
n04540053_60.JPEG	24	4	33	11
n04540053_61.JPEG	31	22	33	25
n04540053_62.JPEG	1	22	8	28
n04540053_63.JPEG	23	0	30	0
n04540053_64.JPEG	14	3	22	11
n04540053_65.JPEG	8	2	13	9
n04540053_66.JPEG	34	0	40	0
n04540053_67.JPEG	13	1	20	5
n04540053_68.JPEG	13	35	23	46
n04540053_69.JPEG	4	4	12	13
n04540053_70.JPEG	22	12	27	16
n04540053_71.JPEG	9	4	16	11
n04540053_72.JPEG	27	6	35	15
n04540053_73.JPEG	9	13	19	23
n04540053_74.JPEG	27	10	45	27
n04540053_75.JPEG	26	0	34	4
n04540053_76.JPEG	34	39	44	48
n04540053_77.JPEG	6	0	24	0
n04540053_78.JPEG	29	2	41	14
n04540053_79.JPEG	33	8	36	10
n04540053_80.JPEG	17	0	23	0
n04540053_81.JPEG	40	0	47	0
n04540053_82.JPEG	33	0	41	9
n04540053_83.JPEG	0	39	4	46
n04540053_84.JPEG	23	0	30	4
n04540053_85.JPEG	37	33	42	37
n04540053_86.JPEG	29	18	31	20
n04540053_87.JPEG	35	3	43	11
n04540053_88.JPEG	14	13	19	17
n04540053_89.JPEG	34	18	39	24
n04540053_90.JPEG	30	0	39	3
n04540053_91.JPEG	4	0	15	0
n04540053_92.JPEG	42	0	49	3
n04540053_93.JPEG	40	26	45	31
n04540053_94.JPEG	36	21	39	25
n04540053_95.JPEG	3	15	16	28
n04540053_96.JPEG	36	27	51	42
n04540053_97.JPEG	49	4	58	13
n04540053_98.JPEG	22	0	28	6
n04540053_99.JPEG	46	0	53	0
n04540053_100.JPEG	16	26	19	29
n04540053_101.JPEG	0	25	17	45
n04540053_102.JPEG	19	6	28	14
n04540053_103.JPEG	16	24	20	28
n04540053_104.JPEG	17	18	22	23
n04540053_105.JPEG	24	3	29	8
n04540053_106.JPEG	37	2	42	7
n04540053_107.JPEG	7	25	26	44
n04540053_108.JPEG	28	13	31	16
n04540053_109.JPEG	10	4	17	12
n04540053_110.JPEG	24	0	33	4
n04540053_111.JPEG	18	3	27	12
n04540053_112.JPEG	36	0	44	4
n04540053_113.JPEG	33	16	38	20
n04540053_114.JPEG	41	0	46	1
n04540053_115.JPEG	0	1	6	11
n04540053_116.JPEG	47	2	59	14
n04540053_117.JPEG	28	26	34	31
n04540053_118.JPEG	26	3	33	11
n04540053_119.JPEG	33	19	37	22
n04540053_120.JPEG	52	18	60	25
n04540053_121.JPEG	62	53	63	59
n04540053_122.JPEG	47	26	55	36
n04540053_123.JPEG	21	20	38	40
n04540053_124.JPEG	25	1	37	12
n04540053_125.JPEG	11	7	17	12
n04540053_126.JPEG	33	0	45	4
n04540053_127.JPEG	55	0	63	0
n04540053_128.JPEG	60	36	63	50
n04540053_129.JPEG	41	3	47	9
n04540053_130.JPEG	40	10	45	15
n04540053_131.JPEG	34	0	41	3
n04540053_132.JPEG	39	0	57	15
n04540053_133.JPEG	19	0	26	1
n04540053_134.JPEG	35	0	47	2
n04540053_135.JPEG	31	28	37	34
n04540053_136.JPEG	52	0	60	0
n04540053_137.JPEG	9	7	21	18
n04540053_138.JPEG	28	0	36	0
n04540053_139.JPEG	28	2	33	7
n04540053_140.JPEG	58	20	63	28
n04540053_141.JPEG	11	14	26	30
n04540053_142.JPEG	19	0	30	4
n04540053_143.JPEG	27	0	34	0
n04540053_144.JPEG	54	19	59	24
n04540053_145.JPEG	62	25	63	40
n04540053_146.JPEG	22	0	39	3
n04540053_147.JPEG	42	19	46	23
n04540053_148.JPEG	28	5	37	14
n04540053_149.JPEG	37	3	42	11
n04540053_150.JPEG	36	18	41	23
n04540053_151.JPEG	45	19	56	29
n04540053_152.JPEG	29	0	34	5
n04540053_153.JPEG	33	35	41	42
n04540053_154.JPEG	56	22	63	33
n04540053_155.JPEG	46	0	51	2
n04540053_156.JPEG	37	2	43	8
n04540053_157.JPEG	22	5	33	16
n04540053_158.JPEG	20	0	25	0
n04540053_159.JPEG	40	6	46	11
n04540053_160.JPEG	44	0	53	9
n04540053_161.JPEG	36	12	44	20
n04540053_162.JPEG	49	6	57	14
n04540053_163.JPEG	37	30	43	36
n04540053_164.JPEG	21	28	33	40
n04540053_165.JPEG	28	29	34	37
n04540053_166.JPEG	63	9	63	23
n04540053_167.JPEG	40	49	50	61
n04540053_168.JPEG	31	1	41	12
n04540053_169.JPEG	30	8	36	13
n04540053_170.JPEG	32	16	39	22
n04540053_171.JPEG	40	19	44	23
n04540053_172.JPEG	35	9	47	22
n04540053_173.JPEG	39	18	46	25
n04540053_174.JPEG	32	25	38	30
n04540053_175.JPEG	14	2	21	8
n04540053_176.JPEG	29	10	35	16
n04540053_177.JPEG	23	0	31	0
n04540053_178.JPEG	39	31	45	37
n04540053_179.JPEG	26	13	63	54
n04540053_180.JPEG	37	0	49	7
n04540053_181.JPEG	35	3	46	14
n04540053_182.JPEG	35	22	42	30
n04540053_183.JPEG	12	0	22	9
n04540053_184.JPEG	25	0	31	2
n04540053_185.JPEG	34	0	44	0
n04540053_186.JPEG	41	32	46	37
n04540053_187.JPEG	13	0	27	2
n04540053_188.JPEG	55	0	62	6
n04540053_189.JPEG	40	2	49	11
n04540053_190.JPEG	12	26	17	32
n04540053_191.JPEG	18	16	46	44
n04540053_192.JPEG	32	0	41	5
n04540053_193.JPEG	24	0	30	0
n04540053_194.JPEG	10	3	16	9
n04540053_195.JPEG	34	16	37	19
n04540053_196.JPEG	31	8	37	12
n04540053_197.JPEG	16	5	26	16
n04540053_198.JPEG	32	19	38	24
n04540053_199.JPEG	18	0	25	0
n04540053_200.JPEG	27	20	30	23
n04540053_201.JPEG	39	0	45	1
n04540053_202.JPEG	27	7	41	20
n04540053_203.JPEG	31	0	41	11
n04540053_204.JPEG	38	4	47	13
n04540053_205.JPEG	3	9	49	55
n04540053_206.JPEG	17	11	23	18
n04540053_207.JPEG	27	0	33	0
n04540053_208.JPEG	21	5	26	10
n04540053_209.JPEG	26	9	29	11
n04540053_210.JPEG	22	1	28	10
n04540053_211.JPEG	34	25	44	36
n04540053_212.JPEG	40	25	47	33
n04540053_213.JPEG	10	0	15	4
n04540053_214.JPEG	45	3	56	13
n04540053_215.JPEG	40	21	51	31
n04540053_216.JPEG	43	0	51	8
n04540053_217.JPEG	50	11	54	15
n04540053_218.JPEG	45	1	54	10
n04540053_219.JPEG	23	2	34	11
n04540053_220.JPEG	19	7	23	12
n04540053_221.JPEG	4	26	18	39
n04540053_222.JPEG	33	16	35	18
n04540053_223.JPEG	0	0	46	60
n04540053_224.JPEG	0	0	6	0
n04540053_225.JPEG	11	28	19	35
n04540053_226.JPEG	24	4	30	9
n04540053_227.JPEG	41	7	49	14
n04540053_228.JPEG	15	16	23	24
n04540053_229.JPEG	23	14	27	17
n04540053_230.JPEG	42	19	63	57
n04540053_231.JPEG	16	2	22	8
n04540053_232.JPEG	29	17	37	25
n04540053_233.JPEG	42	21	45	24
n04540053_234.JPEG	38	21	47	30
n04540053_235.JPEG	6	2	12	8
n04540053_236.JPEG	6	17	11	21
n04540053_237.JPEG	35	14	38	18
n04540053_238.JPEG	25	3	35	13
n04540053_239.JPEG	47	16	51	20
n04540053_240.JPEG	22	2	29	9
n04540053_241.JPEG	40	10	44	14
n04540053_242.JPEG	24	2	28	6
n04540053_243.JPEG	30	17	35	21
n04540053_244.JPEG	19	32	21	34
n04540053_245.JPEG	38	38	42	42
n04540053_246.JPEG	24	17	28	20
n04540053_247.JPEG	44	3	50	9
n04540053_248.JPEG	39	25	57	42
n04540053_249.JPEG	8	1	62	63
n04540053_250.JPEG	38	0	44	0
n04540053_251.JPEG	55	12	60	17
n04540053_252.JPEG	43	0	49	0
n04540053_253.JPEG	0	9	5	20
n04540053_254.JPEG	35	1	42	5
n04540053_255.JPEG	44	10	55	23
n04540053_256.JPEG	35	10	63	37
n04540053_257.JPEG	15	0	25	0
n04540053_258.JPEG	11	20	16	25
n04540053_259.JPEG	24	3	34	13
n04540053_260.JPEG	0	2	1	10
n04540053_261.JPEG	35	0	51	14
n04540053_262.JPEG	25	6	37	18
n04540053_263.JPEG	48	17	54	24
n04540053_264.JPEG	31	0	37	6
n04540053_265.JPEG	2	1	63	63
n04540053_266.JPEG	22	0	34	0
n04540053_267.JPEG	35	21	44	31
n04540053_268.JPEG	19	5	25	11
n04540053_269.JPEG	29	9	35	15
n04540053_270.JPEG	53	10	62	20
n04540053_271.JPEG	6	9	10	14
n04540053_272.JPEG	54	13	63	24
n04540053_273.JPEG	35	16	38	19
n04540053_274.JPEG	39	20	43	24
n04540053_275.JPEG	0	15	9	27
n04540053_276.JPEG	63	2	63	11
n04540053_277.JPEG	17	7	22	12
n04540053_278.JPEG	39	17	43	22
n04540053_279.JPEG	22	1	30	9
n04540053_280.JPEG	55	9	63	25
n04540053_281.JPEG	17	1	26	11
n04540053_282.JPEG	19	13	23	17
n04540053_283.JPEG	21	1	29	9
n04540053_284.JPEG	19	16	24	20
n04540053_285.JPEG	22	16	29	23
n04540053_286.JPEG	53	2	61	11
n04540053_287.JPEG	42	0	52	4
n04540053_288.JPEG	44	22	58	37
n04540053_289.JPEG	46	12	57	23
n04540053_290.JPEG	32	10	44	23
n04540053_291.JPEG	35	17	39	21
n04540053_292.JPEG	18	0	29	8
n04540053_293.JPEG	29	0	39	4
n04540053_294.JPEG	32	4	39	11
n04540053_295.JPEG	11	30	24	44
n04540053_296.JPEG	26	0	32	1
n04540053_297.JPEG	36	30	54	49
n04540053_298.JPEG	25	21	28	25
n04540053_299.JPEG	21	10	28	17
n04540053_300.JPEG	11	9	20	18
n04540053_301.JPEG	12	0	20	4
n04540053_302.JPEG	28	42	44	59
n04540053_303.JPEG	43	0	49	3
n04540053_304.JPEG	16	3	20	8
n04540053_305.JPEG	23	15	26	18
n04540053_306.JPEG	42	33	45	37
n04540053_307.JPEG	31	18	33	21
n04540053_308.JPEG	0	10	1	22
n04540053_309.JPEG	11	20	16	26
n04540053_310.JPEG	38	20	48	30
n04540053_311.JPEG	13	0	23	2
n04540053_312.JPEG	40	27	46	35
n04540053_313.JPEG	15	37	29	56
n04540053_314.JPEG	30	3	37	9
n04540053_315.JPEG	14	1	21	9
n04540053_316.JPEG	25	3	37	15
n04540053_317.JPEG	30	0	44	10
n04540053_318.JPEG	34	10	45	20
n04540053_319.JPEG	22	4	28	10
n04540053_320.JPEG	7	10	17	21
n04540053_321.JPEG	35	0	43	0
n04540053_322.JPEG	26	14	31	18
n04540053_323.JPEG	29	19	34	25
n04540053_324.JPEG	12	14	18	21
n04540053_325.JPEG	5	6	17	19
n04540053_326.JPEG	24	23	30	29
n04540053_327.JPEG	28	6	32	10
n04540053_328.JPEG	34	0	38	1
n04540053_329.JPEG	35	26	40	32
n04540053_330.JPEG	32	0	39	0
n04540053_331.JPEG	34	6	39	11
n04540053_332.JPEG	19	28	24	34
n04540053_333.JPEG	30	19	36	25
n04540053_334.JPEG	11	5	22	16
n04540053_335.JPEG	12	39	18	46
n04540053_336.JPEG	31	6	38	12
n04540053_337.JPEG	44	2	56	14
n04540053_338.JPEG	19	4	24	10
n04540053_339.JPEG	25	30	29	34
n04540053_340.JPEG	31	18	34	22
n04540053_341.JPEG	51	0	60	6
n04540053_342.JPEG	0	1	7	11
n04540053_343.JPEG	21	8	31	17
n04540053_344.JPEG	6	16	19	29
n04540053_345.JPEG	27	0	38	0
n04540053_346.JPEG	7	23	21	36
n04540053_347.JPEG	19	11	26	18
n04540053_348.JPEG	50	14	55	19
n04540053_349.JPEG	13	0	18	0
n04540053_350.JPEG	32	5	38	11
n04540053_351.JPEG	33	26	40	33
n04540053_352.JPEG	39	0	47	0
n04540053_353.JPEG	42	29	46	33
n04540053_354.JPEG	19	9	24	15
n04540053_355.JPEG	24	0	30	0
n04540053_356.JPEG	47	0	60	0
n04540053_357.JPEG	31	0	38	0
n04540053_358.JPEG	60	26	63	36
n04540053_359.JPEG	44	15	48	20
n04540053_360.JPEG	32	8	36	11
n04540053_361.JPEG	23	0	31	2
n04540053_362.JPEG	8	11	57	62
n04540053_363.JPEG	0	14	0	19
n04540053_364.JPEG	48	1	55	7
n04540053_365.JPEG	18	0	25	1
n04540053_366.JPEG	38	16	50	29
n04540053_367.JPEG	28	0	36	0
n04540053_368.JPEG	45	0	55	0
n04540053_369.JPEG	27	2	33	8
n04540053_370.JPEG	52	1	63	13
n04540053_371.JPEG	34	0	40	1
n04540053_372.JPEG	40	27	54	42
n04540053_373.JPEG	18	3	26	12
n04540053_374.JPEG	34	24	38	29
n04540053_375.JPEG	12	0	19	1
n04540053_376.JPEG	25	7	63	46
n04540053_377.JPEG	2	4	27	29
n04540053_378.JPEG	27	0	33	2
n04540053_379.JPEG	8	36	16	43
n04540053_380.JPEG	20	0	25	3
n04540053_381.JPEG	39	6	55	23
n04540053_382.JPEG	31	19	42	31
n04540053_383.JPEG	41	28	46	34
n04540053_384.JPEG	28	0	34	0
n04540053_385.JPEG	30	6	35	12
n04540053_386.JPEG	48	6	59	18
n04540053_387.JPEG	29	5	36	13
n04540053_388.JPEG	36	33	41	39
n04540053_389.JPEG	28	0	36	0
n04540053_390.JPEG	0	11	41	63
n04540053_391.JPEG	40	13	44	18
n04540053_392.JPEG	44	27	60	44
n04540053_393.JPEG	1	3	12	14
n04540053_394.JPEG	30	0	36	0
n04540053_395.JPEG	23	52	46	63
n04540053_396.JPEG	52	0	61	1
n04540053_397.JPEG	63	15	63	20
n04540053_398.JPEG	35	0	40	0
n04540053_399.JPEG	40	9	44	13
n04540053_400.JPEG	35	25	38	29
n04540053_401.JPEG	32	15	35	18
n04540053_402.JPEG	24	13	63	56
n04540053_403.JPEG	24	0	29	5
n04540053_404.JPEG	41	5	47	10
n04540053_405.JPEG	63	6	63	16
n04540053_406.JPEG	40	3	46	9
n04540053_407.JPEG	42	46	49	54
n04540053_408.JPEG	41	0	48	7
n04540053_409.JPEG	33	5	40	12
n04540053_410.JPEG	55	6	61	12
n04540053_411.JPEG	35	4	45	14
n04540053_412.JPEG	18	5	25	11
n04540053_413.JPEG	19	21	21	24
n04540053_414.JPEG	16	0	27	5
n04540053_415.JPEG	15	0	25	8
n04540053_416.JPEG	25	0	30	0
n04540053_417.JPEG	37	3	51	15
n04540053_418.JPEG	20	20	23	22
n04540053_419.JPEG	30	22	33	25
n04540053_420.JPEG	26	1	35	10
n04540053_421.JPEG	24	28	28	32
n04540053_422.JPEG	41	11	44	15
n04540053_423.JPEG	63	16	63	20
n04540053_424.JPEG	6	20	21	36
n04540053_425.JPEG	32	15	36	19
n04540053_426.JPEG	6	8	19	22
n04540053_427.JPEG	13	19	16	23
n04540053_428.JPEG	31	0	38	6
n04540053_429.JPEG	41	3	47	9
n04540053_430.JPEG	31	0	44	0
n04540053_431.JPEG	47	0	55	4
n04540053_432.JPEG	52	0	59	2
n04540053_433.JPEG	37	25	43	29
n04540053_434.JPEG	34	0	40	4
n04540053_435.JPEG	46	0	54	0
n04540053_436.JPEG	34	0	45	0
n04540053_437.JPEG	11	0	30	12
n04540053_438.JPEG	31	0	47	0
n04540053_439.JPEG	46	0	58	0
n04540053_440.JPEG	0	1	5	10
n04540053_441.JPEG	31	29	34	32
n04540053_442.JPEG	14	0	21	3
n04540053_443.JPEG	29	0	35	6
n04540053_444.JPEG	18	8	30	20
n04540053_445.JPEG	21	14	32	24
n04540053_446.JPEG	22	11	25	13
n04540053_447.JPEG	27	4	36	14
n04540053_448.JPEG	47	0	56	0
n04540053_449.JPEG	45	6	56	17
n04540053_450.JPEG	36	2	44	11
n04540053_451.JPEG	13	0	23	0
n04540053_452.JPEG	32	10	36	13
n04540053_453.JPEG	29	1	38	9
n04540053_454.JPEG	44	0	52	0
n04540053_455.JPEG	22	11	27	16
n04540053_456.JPEG	39	0	48	4
n04540053_457.JPEG	21	31	32	41
n04540053_458.JPEG	26	0	32	0
n04540053_459.JPEG	34	27	41	34
n04540053_460.JPEG	42	0	49	6
n04540053_461.JPEG	49	0	58	7
n04540053_462.JPEG	25	0	30	0
n04540053_463.JPEG	24	0	30	0
n04540053_464.JPEG	50	0	61	5
n04540053_465.JPEG	34	25	37	28
n04540053_466.JPEG	29	0	38	1
n04540053_467.JPEG	35	21	40	26
n04540053_468.JPEG	24	21	26	23
n04540053_469.JPEG	30	5	36	11
n04540053_470.JPEG	6	5	11	11
n04540053_471.JPEG	38	26	41	30
n04540053_472.JPEG	39	29	48	38
n04540053_473.JPEG	24	21	29	26
n04540053_474.JPEG	30	0	38	1
n04540053_475.JPEG	14	0	25	9
n04540053_476.JPEG	8	11	17	20
n04540053_477.JPEG	43	5	51	13
n04540053_478.JPEG	63	2	63	21
n04540053_479.JPEG	16	0	22	5
n04540053_480.JPEG	33	0	39	6
n04540053_481.JPEG	44	24	46	27
n04540053_482.JPEG	27	0	34	0
n04540053_483.JPEG	16	39	18	41
n04540053_484.JPEG	35	24	42	31
n04540053_485.JPEG	53	17	63	29
n04540053_486.JPEG	30	29	40	38
n04540053_487.JPEG	15	2	20	6
n04540053_488.JPEG	26	0	33	2
n04540053_489.JPEG	33	20	37	24
n04540053_490.JPEG	17	0	25	2
n04540053_491.JPEG	22	7	32	17
n04540053_492.JPEG	55	1	63	12
n04540053_493.JPEG	15	31	21	36
n04540053_494.JPEG	35	0	42	0
n04540053_495.JPEG	24	17	30	24
n04540053_496.JPEG	32	4	37	9
n04540053_497.JPEG	34	0	42	7
n04540053_498.JPEG	8	0	20	11
n04540053_499.JPEG	19	0	33	11
