n04507155_0.JPEG	30	9	63	35
n04507155_1.JPEG	17	13	63	58
n04507155_2.JPEG	0	20	63	63
n04507155_3.JPEG	16	0	41	23
n04507155_4.JPEG	10	7	37	18
n04507155_5.JPEG	0	0	63	63
n04507155_6.JPEG	0	26	55	63
n04507155_7.JPEG	0	1	45	46
n04507155_8.JPEG	42	31	63	63
n04507155_9.JPEG	23	18	63	49
n04507155_10.JPEG	18	23	28	28
n04507155_11.JPEG	11	0	57	27
n04507155_12.JPEG	32	5	57	24
n04507155_13.JPEG	2	10	63	46
n04507155_14.JPEG	37	0	63	10
n04507155_15.JPEG	17	0	36	10
n04507155_16.JPEG	16	6	31	63
n04507155_17.JPEG	1	0	63	63
n04507155_18.JPEG	10	1	63	63
n04507155_19.JPEG	0	7	29	31
n04507155_20.JPEG	17	44	26	50
n04507155_21.JPEG	9	7	58	45
n04507155_22.JPEG	0	0	63	63
n04507155_23.JPEG	1	0	63	63
n04507155_24.JPEG	0	10	63	63
n04507155_25.JPEG	3	0	63	56
n04507155_26.JPEG	26	38	50	56
n04507155_27.JPEG	14	22	48	39
n04507155_28.JPEG	4	1	52	35
n04507155_29.JPEG	0	0	59	53
n04507155_30.JPEG	0	0	63	63
n04507155_31.JPEG	0	1	38	63
n04507155_32.JPEG	42	25	58	35
n04507155_33.JPEG	11	6	50	38
n04507155_34.JPEG	1	0	63	40
n04507155_35.JPEG	4	1	63	61
n04507155_36.JPEG	20	18	39	63
n04507155_37.JPEG	9	0	63	53
n04507155_38.JPEG	3	2	62	62
n04507155_39.JPEG	0	0	56	11
n04507155_40.JPEG	7	25	63	63
n04507155_41.JPEG	1	15	59	57
n04507155_42.JPEG	1	0	62	48
n04507155_43.JPEG	0	4	63	63
n04507155_44.JPEG	40	3	63	30
n04507155_45.JPEG	5	0	63	63
n04507155_46.JPEG	32	14	44	22
n04507155_47.JPEG	0	0	57	40
n04507155_48.JPEG	20	6	44	28
n04507155_49.JPEG	15	30	54	55
n04507155_50.JPEG	3	0	63	63
n04507155_51.JPEG	28	20	34	62
n04507155_52.JPEG	0	25	37	63
n04507155_53.JPEG	11	0	53	0
n04507155_54.JPEG	30	26	42	41
n04507155_55.JPEG	0	7	61	54
n04507155_56.JPEG	50	5	63	13
n04507155_57.JPEG	7	0	60	52
n04507155_58.JPEG	34	26	48	63
n04507155_59.JPEG	27	29	29	30
n04507155_60.JPEG	10	4	63	63
n04507155_61.JPEG	0	0	63	63
n04507155_62.JPEG	0	5	51	46
n04507155_63.JPEG	1	24	63	63
n04507155_64.JPEG	0	15	49	39
n04507155_65.JPEG	0	31	63	56
n04507155_66.JPEG	29	9	56	63
n04507155_67.JPEG	1	2	63	63
n04507155_68.JPEG	0	0	63	63
n04507155_69.JPEG	23	35	32	40
n04507155_70.JPEG	22	3	63	59
n04507155_71.JPEG	9	0	63	12
n04507155_72.JPEG	1	0	63	63
n04507155_73.JPEG	0	1	63	63
n04507155_74.JPEG	4	14	53	43
n04507155_75.JPEG	10	6	61	58
n04507155_76.JPEG	0	8	48	63
n04507155_77.JPEG	21	21	41	40
n04507155_78.JPEG	39	38	58	54
n04507155_79.JPEG	11	32	63	63
n04507155_80.JPEG	16	6	33	25
n04507155_81.JPEG	28	0	60	37
n04507155_82.JPEG	14	0	56	35
n04507155_83.JPEG	52	17	62	23
n04507155_84.JPEG	3	0	61	63
n04507155_85.JPEG	0	14	10	63
n04507155_86.JPEG	0	1	63	63
n04507155_87.JPEG	0	0	63	63
n04507155_88.JPEG	26	0	56	15
n04507155_89.JPEG	7	6	56	61
n04507155_90.JPEG	0	9	47	62
n04507155_91.JPEG	38	14	50	19
n04507155_92.JPEG	37	35	63	63
n04507155_93.JPEG	0	8	34	34
n04507155_94.JPEG	0	0	63	46
n04507155_95.JPEG	0	1	63	63
n04507155_96.JPEG	5	3	59	61
n04507155_97.JPEG	27	8	53	27
n04507155_98.JPEG	1	0	63	63
n04507155_99.JPEG	0	2	63	63
n04507155_100.JPEG	20	10	52	29
n04507155_101.JPEG	10	4	51	40
n04507155_102.JPEG	0	2	63	63
n04507155_103.JPEG	36	18	45	21
n04507155_104.JPEG	11	34	18	42
n04507155_105.JPEG	1	0	63	42
n04507155_106.JPEG	20	3	50	61
n04507155_107.JPEG	0	6	63	63
n04507155_108.JPEG	0	0	62	46
n04507155_109.JPEG	4	0	63	58
n04507155_110.JPEG	0	0	63	63
n04507155_111.JPEG	11	13	42	31
n04507155_112.JPEG	18	0	63	31
n04507155_113.JPEG	0	12	63	59
n04507155_114.JPEG	50	40	63	61
n04507155_115.JPEG	0	3	16	54
n04507155_116.JPEG	0	0	63	63
n04507155_117.JPEG	0	1	32	38
n04507155_118.JPEG	11	18	32	30
n04507155_119.JPEG	0	0	63	63
n04507155_120.JPEG	0	21	24	52
n04507155_121.JPEG	25	25	42	40
n04507155_122.JPEG	22	7	48	28
n04507155_123.JPEG	5	0	63	32
n04507155_124.JPEG	51	22	63	46
n04507155_125.JPEG	0	0	63	63
n04507155_126.JPEG	0	4	63	60
n04507155_127.JPEG	0	3	63	63
n04507155_128.JPEG	0	4	63	63
n04507155_129.JPEG	0	20	49	63
n04507155_130.JPEG	0	13	38	48
n04507155_131.JPEG	12	7	63	63
n04507155_132.JPEG	0	1	63	63
n04507155_133.JPEG	1	1	62	63
n04507155_134.JPEG	1	11	41	50
n04507155_135.JPEG	14	17	36	25
n04507155_136.JPEG	44	10	63	32
n04507155_137.JPEG	0	7	34	37
n04507155_138.JPEG	0	27	63	59
n04507155_139.JPEG	0	0	63	63
n04507155_140.JPEG	0	1	63	63
n04507155_141.JPEG	37	26	63	63
n04507155_142.JPEG	0	18	63	63
n04507155_143.JPEG	27	10	60	33
n04507155_144.JPEG	18	10	63	57
n04507155_145.JPEG	36	10	63	60
n04507155_146.JPEG	0	5	30	26
n04507155_147.JPEG	1	0	63	51
n04507155_148.JPEG	14	27	63	63
n04507155_149.JPEG	0	4	63	47
n04507155_150.JPEG	0	0	63	63
n04507155_151.JPEG	0	0	63	63
n04507155_152.JPEG	10	9	25	63
n04507155_153.JPEG	0	1	63	63
n04507155_154.JPEG	16	7	31	22
n04507155_155.JPEG	0	0	63	63
n04507155_156.JPEG	0	0	63	63
n04507155_157.JPEG	0	0	63	59
n04507155_158.JPEG	0	1	63	63
n04507155_159.JPEG	26	4	50	28
n04507155_160.JPEG	38	19	49	30
n04507155_161.JPEG	0	5	63	59
n04507155_162.JPEG	0	5	52	63
n04507155_163.JPEG	0	1	63	63
n04507155_164.JPEG	0	10	46	54
n04507155_165.JPEG	8	6	34	28
n04507155_166.JPEG	0	1	63	59
n04507155_167.JPEG	0	0	63	63
n04507155_168.JPEG	0	14	10	27
n04507155_169.JPEG	0	5	35	32
n04507155_170.JPEG	26	23	35	26
n04507155_171.JPEG	18	3	63	36
n04507155_172.JPEG	25	15	44	33
n04507155_173.JPEG	1	1	63	63
n04507155_174.JPEG	32	37	56	62
n04507155_175.JPEG	14	9	63	31
n04507155_176.JPEG	0	0	63	63
n04507155_177.JPEG	16	30	28	41
n04507155_178.JPEG	32	0	63	63
n04507155_179.JPEG	12	16	59	42
n04507155_180.JPEG	22	4	54	39
n04507155_181.JPEG	0	1	63	63
n04507155_182.JPEG	0	0	60	63
n04507155_183.JPEG	0	1	63	61
n04507155_184.JPEG	34	0	60	59
n04507155_185.JPEG	0	0	63	63
n04507155_186.JPEG	1	0	63	63
n04507155_187.JPEG	29	5	63	47
n04507155_188.JPEG	38	23	56	37
n04507155_189.JPEG	19	6	55	25
n04507155_190.JPEG	0	0	63	41
n04507155_191.JPEG	5	0	53	47
n04507155_192.JPEG	15	0	58	34
n04507155_193.JPEG	0	0	63	63
n04507155_194.JPEG	17	1	63	44
n04507155_195.JPEG	7	0	48	31
n04507155_196.JPEG	31	21	55	38
n04507155_197.JPEG	2	10	48	56
n04507155_198.JPEG	0	0	58	63
n04507155_199.JPEG	0	1	48	56
n04507155_200.JPEG	6	3	63	49
n04507155_201.JPEG	0	0	63	63
n04507155_202.JPEG	0	12	62	57
n04507155_203.JPEG	2	10	35	35
n04507155_204.JPEG	3	7	52	55
n04507155_205.JPEG	5	7	60	57
n04507155_206.JPEG	0	0	61	63
n04507155_207.JPEG	3	25	29	46
n04507155_208.JPEG	16	28	40	44
n04507155_209.JPEG	1	0	63	63
n04507155_210.JPEG	0	1	63	63
n04507155_211.JPEG	15	6	61	39
n04507155_212.JPEG	50	46	57	51
n04507155_213.JPEG	0	2	31	52
n04507155_214.JPEG	52	0	62	0
n04507155_215.JPEG	14	1	46	60
n04507155_216.JPEG	0	29	63	63
n04507155_217.JPEG	3	0	58	47
n04507155_218.JPEG	42	10	53	24
n04507155_219.JPEG	25	16	63	63
n04507155_220.JPEG	8	2	62	59
n04507155_221.JPEG	11	20	28	33
n04507155_222.JPEG	10	23	53	62
n04507155_223.JPEG	0	1	63	63
n04507155_224.JPEG	16	3	36	25
n04507155_225.JPEG	20	26	42	35
n04507155_226.JPEG	3	2	43	29
n04507155_227.JPEG	5	14	63	63
n04507155_228.JPEG	0	1	63	58
n04507155_229.JPEG	7	25	22	29
n04507155_230.JPEG	7	0	38	10
n04507155_231.JPEG	34	23	49	32
n04507155_232.JPEG	18	0	44	6
n04507155_233.JPEG	0	0	63	63
n04507155_234.JPEG	27	10	45	35
n04507155_235.JPEG	0	3	63	61
n04507155_236.JPEG	3	0	63	63
n04507155_237.JPEG	23	4	36	52
n04507155_238.JPEG	24	0	60	42
n04507155_239.JPEG	0	0	63	9
n04507155_240.JPEG	0	0	63	63
n04507155_241.JPEG	0	38	30	57
n04507155_242.JPEG	0	0	63	63
n04507155_243.JPEG	3	0	63	63
n04507155_244.JPEG	2	0	62	39
n04507155_245.JPEG	3	0	63	63
n04507155_246.JPEG	0	0	42	47
n04507155_247.JPEG	37	24	57	44
n04507155_248.JPEG	0	1	63	63
n04507155_249.JPEG	22	13	38	32
n04507155_250.JPEG	4	0	42	17
n04507155_251.JPEG	0	9	63	62
n04507155_252.JPEG	0	4	63	47
n04507155_253.JPEG	0	1	55	41
n04507155_254.JPEG	9	0	37	16
n04507155_255.JPEG	2	17	28	39
n04507155_256.JPEG	0	1	63	63
n04507155_257.JPEG	15	0	61	21
n04507155_258.JPEG	12	6	49	57
n04507155_259.JPEG	1	0	63	54
n04507155_260.JPEG	0	3	63	63
n04507155_261.JPEG	12	11	63	37
n04507155_262.JPEG	0	2	45	34
n04507155_263.JPEG	17	7	63	54
n04507155_264.JPEG	0	0	63	63
n04507155_265.JPEG	40	36	43	63
n04507155_266.JPEG	51	40	63	55
n04507155_267.JPEG	0	1	63	58
n04507155_268.JPEG	31	18	54	39
n04507155_269.JPEG	1	1	63	63
n04507155_270.JPEG	0	8	63	63
n04507155_271.JPEG	8	4	61	63
n04507155_272.JPEG	38	11	63	38
n04507155_273.JPEG	0	0	55	35
n04507155_274.JPEG	21	18	44	34
n04507155_275.JPEG	49	36	60	52
n04507155_276.JPEG	18	28	46	56
n04507155_277.JPEG	0	6	38	49
n04507155_278.JPEG	47	40	63	62
n04507155_279.JPEG	1	24	31	51
n04507155_280.JPEG	15	1	42	20
n04507155_281.JPEG	8	0	35	27
n04507155_282.JPEG	0	6	63	59
n04507155_283.JPEG	0	5	63	63
n04507155_284.JPEG	49	22	60	32
n04507155_285.JPEG	8	2	47	54
n04507155_286.JPEG	31	17	48	30
n04507155_287.JPEG	13	0	48	17
n04507155_288.JPEG	0	0	57	63
n04507155_289.JPEG	18	2	43	27
n04507155_290.JPEG	18	13	50	48
n04507155_291.JPEG	0	16	63	63
n04507155_292.JPEG	0	5	63	63
n04507155_293.JPEG	0	21	39	63
n04507155_294.JPEG	0	0	63	59
n04507155_295.JPEG	5	17	59	40
n04507155_296.JPEG	31	13	58	43
n04507155_297.JPEG	20	15	25	25
n04507155_298.JPEG	0	4	0	7
n04507155_299.JPEG	7	5	58	57
n04507155_300.JPEG	23	9	61	37
n04507155_301.JPEG	0	0	63	63
n04507155_302.JPEG	0	0	63	37
n04507155_303.JPEG	15	7	38	27
n04507155_304.JPEG	27	28	33	44
n04507155_305.JPEG	0	0	63	63
n04507155_306.JPEG	8	13	44	39
n04507155_307.JPEG	0	0	63	63
n04507155_308.JPEG	15	38	49	63
n04507155_309.JPEG	50	4	63	20
n04507155_310.JPEG	0	0	63	63
n04507155_311.JPEG	0	2	38	28
n04507155_312.JPEG	16	17	51	46
n04507155_313.JPEG	37	10	63	48
n04507155_314.JPEG	0	0	51	49
n04507155_315.JPEG	9	2	54	63
n04507155_316.JPEG	27	18	44	25
n04507155_317.JPEG	4	0	53	0
n04507155_318.JPEG	0	0	63	16
n04507155_319.JPEG	8	35	56	63
n04507155_320.JPEG	15	0	63	55
n04507155_321.JPEG	0	0	63	63
n04507155_322.JPEG	15	0	46	33
n04507155_323.JPEG	21	13	63	63
n04507155_324.JPEG	26	13	59	59
n04507155_325.JPEG	5	41	61	63
n04507155_326.JPEG	40	18	58	45
n04507155_327.JPEG	0	9	58	29
n04507155_328.JPEG	35	35	49	43
n04507155_329.JPEG	0	26	63	63
n04507155_330.JPEG	0	11	34	26
n04507155_331.JPEG	0	0	63	56
n04507155_332.JPEG	1	0	57	39
n04507155_333.JPEG	32	1	63	32
n04507155_334.JPEG	26	7	59	63
n04507155_335.JPEG	26	35	46	63
n04507155_336.JPEG	5	0	42	8
n04507155_337.JPEG	23	44	63	63
n04507155_338.JPEG	14	4	49	30
n04507155_339.JPEG	0	0	63	63
n04507155_340.JPEG	27	11	51	20
n04507155_341.JPEG	0	0	63	42
n04507155_342.JPEG	0	0	63	28
n04507155_343.JPEG	0	0	63	63
n04507155_344.JPEG	2	8	63	53
n04507155_345.JPEG	1	5	49	60
n04507155_346.JPEG	1	0	40	8
n04507155_347.JPEG	3	0	63	48
n04507155_348.JPEG	11	35	17	37
n04507155_349.JPEG	39	0	61	63
n04507155_350.JPEG	0	0	63	63
n04507155_351.JPEG	0	2	54	63
n04507155_352.JPEG	0	1	63	63
n04507155_353.JPEG	0	0	63	63
n04507155_354.JPEG	11	0	45	26
n04507155_355.JPEG	1	0	63	25
n04507155_356.JPEG	0	0	63	63
n04507155_357.JPEG	24	0	54	28
n04507155_358.JPEG	0	8	63	57
n04507155_359.JPEG	17	25	42	51
n04507155_360.JPEG	3	0	61	63
n04507155_361.JPEG	0	0	63	63
n04507155_362.JPEG	40	0	50	63
n04507155_363.JPEG	10	7	63	29
n04507155_364.JPEG	41	19	58	27
n04507155_365.JPEG	4	5	61	60
n04507155_366.JPEG	22	6	63	41
n04507155_367.JPEG	14	8	41	21
n04507155_368.JPEG	9	22	20	31
n04507155_369.JPEG	0	0	63	63
n04507155_370.JPEG	0	6	26	24
n04507155_371.JPEG	0	3	63	63
n04507155_372.JPEG	0	0	63	63
n04507155_373.JPEG	13	18	63	63
n04507155_374.JPEG	0	10	20	41
n04507155_375.JPEG	32	11	56	22
n04507155_376.JPEG	15	25	20	63
n04507155_377.JPEG	0	0	63	63
n04507155_378.JPEG	17	0	63	43
n04507155_379.JPEG	31	24	63	41
n04507155_380.JPEG	0	1	63	63
n04507155_381.JPEG	13	3	45	20
n04507155_382.JPEG	0	0	63	63
n04507155_383.JPEG	0	0	63	63
n04507155_384.JPEG	2	8	47	43
n04507155_385.JPEG	4	0	60	43
n04507155_386.JPEG	0	0	49	60
n04507155_387.JPEG	5	0	61	52
n04507155_388.JPEG	1	0	63	63
n04507155_389.JPEG	0	0	63	41
n04507155_390.JPEG	24	0	63	18
n04507155_391.JPEG	6	12	40	31
n04507155_392.JPEG	28	0	63	63
n04507155_393.JPEG	0	0	63	63
n04507155_394.JPEG	1	0	63	63
n04507155_395.JPEG	24	16	39	27
n04507155_396.JPEG	0	1	63	55
n04507155_397.JPEG	1	3	63	63
n04507155_398.JPEG	0	7	63	48
n04507155_399.JPEG	63	47	63	63
n04507155_400.JPEG	0	9	27	24
n04507155_401.JPEG	10	23	28	38
n04507155_402.JPEG	0	1	63	63
n04507155_403.JPEG	9	12	44	41
n04507155_404.JPEG	4	0	60	63
n04507155_405.JPEG	0	1	63	63
n04507155_406.JPEG	0	0	63	63
n04507155_407.JPEG	23	49	32	58
n04507155_408.JPEG	0	0	63	33
n04507155_409.JPEG	0	0	63	62
n04507155_410.JPEG	0	0	63	63
n04507155_411.JPEG	34	9	63	53
n04507155_412.JPEG	0	0	63	63
n04507155_413.JPEG	23	15	34	26
n04507155_414.JPEG	39	8	63	53
n04507155_415.JPEG	7	0	59	53
n04507155_416.JPEG	14	15	48	24
n04507155_417.JPEG	0	0	63	49
n04507155_418.JPEG	10	0	49	26
n04507155_419.JPEG	1	12	46	63
n04507155_420.JPEG	8	11	58	48
n04507155_421.JPEG	0	0	63	63
n04507155_422.JPEG	21	9	39	31
n04507155_423.JPEG	15	19	51	44
n04507155_424.JPEG	20	18	38	25
n04507155_425.JPEG	1	0	63	48
n04507155_426.JPEG	26	35	34	59
n04507155_427.JPEG	3	0	39	18
n04507155_428.JPEG	0	1	63	63
n04507155_429.JPEG	13	16	56	43
n04507155_430.JPEG	0	0	63	63
n04507155_431.JPEG	1	0	63	63
n04507155_432.JPEG	5	0	63	23
n04507155_433.JPEG	0	0	63	63
n04507155_434.JPEG	43	21	62	37
n04507155_435.JPEG	0	0	63	41
n04507155_436.JPEG	28	37	56	59
n04507155_437.JPEG	4	22	31	44
n04507155_438.JPEG	20	0	61	32
n04507155_439.JPEG	0	0	63	63
n04507155_440.JPEG	2	0	60	29
n04507155_441.JPEG	3	0	63	47
n04507155_442.JPEG	0	0	63	37
n04507155_443.JPEG	0	17	30	55
n04507155_444.JPEG	5	0	48	31
n04507155_445.JPEG	14	2	38	20
n04507155_446.JPEG	8	28	55	49
n04507155_447.JPEG	12	2	47	19
n04507155_448.JPEG	3	20	42	59
n04507155_449.JPEG	1	0	63	55
n04507155_450.JPEG	33	9	57	63
n04507155_451.JPEG	9	1	63	63
n04507155_452.JPEG	27	6	46	22
n04507155_453.JPEG	0	1	63	63
n04507155_454.JPEG	38	9	63	32
n04507155_455.JPEG	5	0	54	15
n04507155_456.JPEG	0	4	50	53
n04507155_457.JPEG	0	35	63	63
n04507155_458.JPEG	0	6	63	63
n04507155_459.JPEG	0	19	40	58
n04507155_460.JPEG	0	5	63	61
n04507155_461.JPEG	0	30	0	42
n04507155_462.JPEG	44	9	60	13
n04507155_463.JPEG	0	4	63	61
n04507155_464.JPEG	0	1	63	63
n04507155_465.JPEG	0	0	63	63
n04507155_466.JPEG	0	1	63	63
n04507155_467.JPEG	0	4	53	49
n04507155_468.JPEG	9	0	54	19
n04507155_469.JPEG	0	5	63	46
n04507155_470.JPEG	20	32	36	41
n04507155_471.JPEG	13	0	47	31
n04507155_472.JPEG	1	1	48	40
n04507155_473.JPEG	0	1	63	63
n04507155_474.JPEG	0	0	63	63
n04507155_475.JPEG	6	0	58	50
n04507155_476.JPEG	5	0	45	8
n04507155_477.JPEG	17	12	60	33
n04507155_478.JPEG	0	0	63	62
n04507155_479.JPEG	6	5	41	49
n04507155_480.JPEG	5	4	63	49
n04507155_481.JPEG	5	7	59	60
n04507155_482.JPEG	1	1	61	52
n04507155_483.JPEG	16	21	61	47
n04507155_484.JPEG	0	1	43	54
n04507155_485.JPEG	0	8	0	28
n04507155_486.JPEG	3	1	50	38
n04507155_487.JPEG	4	1	45	28
n04507155_488.JPEG	0	0	63	63
n04507155_489.JPEG	0	7	63	58
n04507155_490.JPEG	18	33	21	41
n04507155_491.JPEG	3	0	24	63
n04507155_492.JPEG	30	17	59	36
n04507155_493.JPEG	0	0	63	63
n04507155_494.JPEG	11	0	63	61
n04507155_495.JPEG	0	1	63	63
n04507155_496.JPEG	10	4	63	43
n04507155_497.JPEG	0	2	41	14
n04507155_498.JPEG	1	0	63	57
n04507155_499.JPEG	1	6	63	60
