n03599486_0.JPEG	8	18	42	46
n03599486_1.JPEG	18	25	54	63
n03599486_2.JPEG	0	1	63	63
n03599486_3.JPEG	0	3	56	63
n03599486_4.JPEG	0	8	63	58
n03599486_5.JPEG	17	26	39	57
n03599486_6.JPEG	18	32	54	60
n03599486_7.JPEG	0	1	63	63
n03599486_8.JPEG	8	0	52	46
n03599486_9.JPEG	15	18	53	53
n03599486_10.JPEG	9	0	63	63
n03599486_11.JPEG	0	1	63	63
n03599486_12.JPEG	0	20	63	63
n03599486_13.JPEG	1	8	59	59
n03599486_14.JPEG	1	20	58	58
n03599486_15.JPEG	0	8	46	63
n03599486_16.JPEG	5	9	38	58
n03599486_17.JPEG	1	0	63	63
n03599486_18.JPEG	11	32	63	63
n03599486_19.JPEG	2	6	51	60
n03599486_20.JPEG	5	21	63	58
n03599486_21.JPEG	5	18	63	51
n03599486_22.JPEG	19	29	49	62
n03599486_23.JPEG	0	1	53	63
n03599486_24.JPEG	0	21	63	63
n03599486_25.JPEG	0	28	32	54
n03599486_26.JPEG	0	2	39	63
n03599486_27.JPEG	8	18	58	59
n03599486_28.JPEG	0	7	48	63
n03599486_29.JPEG	0	27	54	63
n03599486_30.JPEG	17	24	49	63
n03599486_31.JPEG	0	17	63	54
n03599486_32.JPEG	0	7	50	58
n03599486_33.JPEG	0	0	63	63
n03599486_34.JPEG	15	9	48	56
n03599486_35.JPEG	15	30	44	60
n03599486_36.JPEG	12	32	53	56
n03599486_37.JPEG	10	0	59	63
n03599486_38.JPEG	6	21	36	53
n03599486_39.JPEG	0	3	63	61
n03599486_40.JPEG	18	19	63	63
n03599486_41.JPEG	31	18	50	62
n03599486_42.JPEG	15	7	63	63
n03599486_43.JPEG	10	12	38	57
n03599486_44.JPEG	14	17	63	63
n03599486_45.JPEG	6	17	63	60
n03599486_46.JPEG	14	20	45	63
n03599486_47.JPEG	10	3	63	61
n03599486_48.JPEG	8	6	60	56
n03599486_49.JPEG	0	1	63	63
n03599486_50.JPEG	0	28	27	55
n03599486_51.JPEG	19	7	38	36
n03599486_52.JPEG	22	33	45	60
n03599486_53.JPEG	0	15	63	63
n03599486_54.JPEG	0	0	60	63
n03599486_55.JPEG	0	6	61	59
n03599486_56.JPEG	0	6	63	60
n03599486_57.JPEG	17	8	53	63
n03599486_58.JPEG	3	15	59	56
n03599486_59.JPEG	21	32	46	59
n03599486_60.JPEG	0	3	63	61
n03599486_61.JPEG	21	23	47	53
n03599486_62.JPEG	21	19	63	56
n03599486_63.JPEG	0	15	14	43
n03599486_64.JPEG	2	7	63	60
n03599486_65.JPEG	0	12	51	63
n03599486_66.JPEG	3	3	63	61
n03599486_67.JPEG	7	7	54	53
n03599486_68.JPEG	12	2	55	63
n03599486_69.JPEG	0	2	63	58
n03599486_70.JPEG	29	26	63	57
n03599486_71.JPEG	2	15	59	60
n03599486_72.JPEG	0	0	50	63
n03599486_73.JPEG	0	11	55	63
n03599486_74.JPEG	0	9	63	63
n03599486_75.JPEG	27	0	63	63
n03599486_76.JPEG	7	23	52	63
n03599486_77.JPEG	1	10	63	63
n03599486_78.JPEG	36	0	63	63
n03599486_79.JPEG	6	19	63	60
n03599486_80.JPEG	6	0	44	37
n03599486_81.JPEG	0	12	50	56
n03599486_82.JPEG	7	10	63	63
n03599486_83.JPEG	0	17	63	57
n03599486_84.JPEG	0	1	63	63
n03599486_85.JPEG	20	13	63	63
n03599486_86.JPEG	6	30	56	57
n03599486_87.JPEG	1	24	63	63
n03599486_88.JPEG	12	0	63	57
n03599486_89.JPEG	0	12	63	61
n03599486_90.JPEG	13	10	44	59
n03599486_91.JPEG	0	25	63	56
n03599486_92.JPEG	3	18	63	62
n03599486_93.JPEG	11	35	61	63
n03599486_94.JPEG	20	20	44	49
n03599486_95.JPEG	0	0	53	52
n03599486_96.JPEG	27	8	54	55
n03599486_97.JPEG	17	21	46	58
n03599486_98.JPEG	0	22	23	55
n03599486_99.JPEG	0	5	45	53
n03599486_100.JPEG	0	8	63	63
n03599486_101.JPEG	0	5	63	63
n03599486_102.JPEG	17	15	52	59
n03599486_103.JPEG	3	4	63	63
n03599486_104.JPEG	0	19	55	53
n03599486_105.JPEG	0	23	9	51
n03599486_106.JPEG	0	0	54	53
n03599486_107.JPEG	3	17	61	52
n03599486_108.JPEG	26	33	55	63
n03599486_109.JPEG	7	0	52	63
n03599486_110.JPEG	0	3	63	63
n03599486_111.JPEG	12	18	63	60
n03599486_112.JPEG	13	30	38	63
n03599486_113.JPEG	19	17	63	62
n03599486_114.JPEG	13	10	59	53
n03599486_115.JPEG	38	40	56	59
n03599486_116.JPEG	0	17	63	56
n03599486_117.JPEG	7	11	50	63
n03599486_118.JPEG	0	13	22	56
n03599486_119.JPEG	0	9	59	62
n03599486_120.JPEG	16	15	63	59
n03599486_121.JPEG	14	15	38	56
n03599486_122.JPEG	14	12	63	61
n03599486_123.JPEG	2	8	44	63
n03599486_124.JPEG	10	14	49	58
n03599486_125.JPEG	0	11	63	61
n03599486_126.JPEG	0	1	63	63
n03599486_127.JPEG	2	0	46	58
n03599486_128.JPEG	2	25	63	63
n03599486_129.JPEG	1	8	60	63
n03599486_130.JPEG	3	26	63	63
n03599486_131.JPEG	33	35	59	63
n03599486_132.JPEG	2	0	63	63
n03599486_133.JPEG	8	0	53	63
n03599486_134.JPEG	0	0	63	55
n03599486_135.JPEG	12	12	43	59
n03599486_136.JPEG	0	10	63	62
n03599486_137.JPEG	17	4	63	63
n03599486_138.JPEG	0	3	63	56
n03599486_139.JPEG	6	6	60	57
n03599486_140.JPEG	24	20	57	50
n03599486_141.JPEG	1	0	61	63
n03599486_142.JPEG	2	4	63	58
n03599486_143.JPEG	8	6	58	57
n03599486_144.JPEG	26	30	63	58
n03599486_145.JPEG	0	22	33	61
n03599486_146.JPEG	2	10	63	56
n03599486_147.JPEG	10	2	53	51
n03599486_148.JPEG	0	1	63	63
n03599486_149.JPEG	21	9	63	63
n03599486_150.JPEG	23	14	46	60
n03599486_151.JPEG	0	15	50	57
n03599486_152.JPEG	0	18	35	53
n03599486_153.JPEG	4	14	63	63
n03599486_154.JPEG	0	0	58	63
n03599486_155.JPEG	0	28	63	63
n03599486_156.JPEG	10	10	54	58
n03599486_157.JPEG	7	20	55	61
n03599486_158.JPEG	0	7	63	63
n03599486_159.JPEG	0	18	63	63
n03599486_160.JPEG	0	3	63	61
n03599486_161.JPEG	23	14	63	46
n03599486_162.JPEG	3	2	61	61
n03599486_163.JPEG	4	0	59	63
n03599486_164.JPEG	5	10	56	63
n03599486_165.JPEG	25	21	63	59
n03599486_166.JPEG	0	11	45	58
n03599486_167.JPEG	17	26	46	63
n03599486_168.JPEG	0	18	47	61
n03599486_169.JPEG	13	21	61	63
n03599486_170.JPEG	0	17	45	60
n03599486_171.JPEG	0	6	63	58
n03599486_172.JPEG	2	17	63	63
n03599486_173.JPEG	0	10	32	51
n03599486_174.JPEG	0	25	63	63
n03599486_175.JPEG	2	16	55	62
n03599486_176.JPEG	4	23	57	63
n03599486_177.JPEG	0	22	50	63
n03599486_178.JPEG	15	27	37	63
n03599486_179.JPEG	24	38	63	63
n03599486_180.JPEG	12	4	63	62
n03599486_181.JPEG	0	11	63	63
n03599486_182.JPEG	4	13	63	56
n03599486_183.JPEG	5	24	63	63
n03599486_184.JPEG	0	35	21	60
n03599486_185.JPEG	0	15	63	61
n03599486_186.JPEG	4	6	63	60
n03599486_187.JPEG	0	20	59	63
n03599486_188.JPEG	5	22	63	63
n03599486_189.JPEG	11	9	51	55
n03599486_190.JPEG	25	20	53	56
n03599486_191.JPEG	22	8	63	56
n03599486_192.JPEG	27	28	53	52
n03599486_193.JPEG	15	9	51	60
n03599486_194.JPEG	0	17	57	62
n03599486_195.JPEG	0	5	36	61
n03599486_196.JPEG	8	0	53	63
n03599486_197.JPEG	0	18	63	62
n03599486_198.JPEG	11	19	63	63
n03599486_199.JPEG	2	23	30	49
n03599486_200.JPEG	0	8	58	58
n03599486_201.JPEG	7	5	62	63
n03599486_202.JPEG	13	0	52	63
n03599486_203.JPEG	2	1	62	63
n03599486_204.JPEG	0	0	62	63
n03599486_205.JPEG	0	11	39	54
n03599486_206.JPEG	24	17	63	63
n03599486_207.JPEG	22	0	56	53
n03599486_208.JPEG	5	19	60	51
n03599486_209.JPEG	15	10	51	63
n03599486_210.JPEG	25	2	63	63
n03599486_211.JPEG	10	27	48	61
n03599486_212.JPEG	0	0	63	63
n03599486_213.JPEG	9	0	63	63
n03599486_214.JPEG	19	5	50	63
n03599486_215.JPEG	0	8	63	63
n03599486_216.JPEG	0	3	48	61
n03599486_217.JPEG	0	13	63	63
n03599486_218.JPEG	35	32	46	43
n03599486_219.JPEG	22	15	61	54
n03599486_220.JPEG	0	16	37	57
n03599486_221.JPEG	14	27	43	49
n03599486_222.JPEG	5	0	55	63
n03599486_223.JPEG	14	0	58	63
n03599486_224.JPEG	0	22	56	63
n03599486_225.JPEG	0	2	48	63
n03599486_226.JPEG	13	6	48	59
n03599486_227.JPEG	5	32	33	57
n03599486_228.JPEG	0	29	63	63
n03599486_229.JPEG	0	1	63	62
n03599486_230.JPEG	58	37	63	54
n03599486_231.JPEG	12	9	56	63
n03599486_232.JPEG	0	14	31	56
n03599486_233.JPEG	1	10	60	55
n03599486_234.JPEG	1	0	60	54
n03599486_235.JPEG	33	10	63	63
n03599486_236.JPEG	24	11	51	52
n03599486_237.JPEG	15	28	28	48
n03599486_238.JPEG	31	17	51	54
n03599486_239.JPEG	1	1	63	63
n03599486_240.JPEG	18	14	47	48
n03599486_241.JPEG	6	16	46	57
n03599486_242.JPEG	27	4	63	63
n03599486_243.JPEG	11	0	55	63
n03599486_244.JPEG	2	9	63	63
n03599486_245.JPEG	0	1	63	61
n03599486_246.JPEG	0	1	41	63
n03599486_247.JPEG	0	5	63	63
n03599486_248.JPEG	8	6	54	63
n03599486_249.JPEG	0	14	63	61
n03599486_250.JPEG	0	10	63	59
n03599486_251.JPEG	5	18	61	63
n03599486_252.JPEG	0	22	56	63
n03599486_253.JPEG	1	0	63	63
n03599486_254.JPEG	0	18	29	61
n03599486_255.JPEG	0	12	49	57
n03599486_256.JPEG	0	19	63	58
n03599486_257.JPEG	16	17	44	61
n03599486_258.JPEG	23	16	63	63
n03599486_259.JPEG	0	5	63	63
n03599486_260.JPEG	29	5	63	63
n03599486_261.JPEG	15	24	63	60
n03599486_262.JPEG	1	1	58	63
n03599486_263.JPEG	0	16	63	63
n03599486_264.JPEG	1	33	58	63
n03599486_265.JPEG	0	8	63	63
n03599486_266.JPEG	12	0	63	63
n03599486_267.JPEG	6	23	32	51
n03599486_268.JPEG	0	25	63	63
n03599486_269.JPEG	25	14	63	50
n03599486_270.JPEG	1	1	40	63
n03599486_271.JPEG	13	0	54	63
n03599486_272.JPEG	30	15	60	61
n03599486_273.JPEG	10	18	58	49
n03599486_274.JPEG	3	0	56	63
n03599486_275.JPEG	3	10	61	56
n03599486_276.JPEG	9	20	39	63
n03599486_277.JPEG	0	2	63	63
n03599486_278.JPEG	6	18	63	56
n03599486_279.JPEG	0	11	25	59
n03599486_280.JPEG	9	0	58	63
n03599486_281.JPEG	21	26	55	50
n03599486_282.JPEG	7	10	55	63
n03599486_283.JPEG	0	13	63	63
n03599486_284.JPEG	0	12	63	63
n03599486_285.JPEG	3	7	63	63
n03599486_286.JPEG	17	8	63	63
n03599486_287.JPEG	37	9	63	63
n03599486_288.JPEG	4	14	63	63
n03599486_289.JPEG	30	19	63	57
n03599486_290.JPEG	26	10	63	59
n03599486_291.JPEG	3	4	51	62
n03599486_292.JPEG	47	26	63	59
n03599486_293.JPEG	17	27	53	56
n03599486_294.JPEG	6	25	53	63
n03599486_295.JPEG	0	9	63	63
n03599486_296.JPEG	4	12	54	63
n03599486_297.JPEG	0	13	63	52
n03599486_298.JPEG	28	24	63	63
n03599486_299.JPEG	4	0	63	59
n03599486_300.JPEG	6	24	27	57
n03599486_301.JPEG	0	4	63	63
n03599486_302.JPEG	0	8	63	63
n03599486_303.JPEG	0	18	63	63
n03599486_304.JPEG	3	0	61	63
n03599486_305.JPEG	30	5	63	58
n03599486_306.JPEG	45	20	62	48
n03599486_307.JPEG	0	18	52	56
n03599486_308.JPEG	25	11	63	53
n03599486_309.JPEG	1	0	63	63
n03599486_310.JPEG	0	7	53	63
n03599486_311.JPEG	1	0	62	63
n03599486_312.JPEG	5	14	52	63
n03599486_313.JPEG	0	4	63	62
n03599486_314.JPEG	0	20	63	62
n03599486_315.JPEG	7	23	63	63
n03599486_316.JPEG	24	17	63	57
n03599486_317.JPEG	12	0	62	63
n03599486_318.JPEG	16	27	42	40
n03599486_319.JPEG	0	1	47	63
n03599486_320.JPEG	0	2	58	63
n03599486_321.JPEG	4	14	63	55
n03599486_322.JPEG	2	13	59	63
n03599486_323.JPEG	38	42	55	63
n03599486_324.JPEG	4	19	60	53
n03599486_325.JPEG	17	21	44	58
n03599486_326.JPEG	6	36	35	63
n03599486_327.JPEG	14	10	48	61
n03599486_328.JPEG	16	15	41	51
n03599486_329.JPEG	6	16	49	51
n03599486_330.JPEG	42	33	63	61
n03599486_331.JPEG	1	0	61	63
n03599486_332.JPEG	34	20	63	46
n03599486_333.JPEG	1	0	49	63
n03599486_334.JPEG	17	17	63	55
n03599486_335.JPEG	24	40	47	63
n03599486_336.JPEG	0	1	60	60
n03599486_337.JPEG	1	0	63	63
n03599486_338.JPEG	11	22	63	63
n03599486_339.JPEG	15	26	43	58
n03599486_340.JPEG	8	6	63	62
n03599486_341.JPEG	0	0	52	63
n03599486_342.JPEG	6	18	58	63
n03599486_343.JPEG	7	22	47	63
n03599486_344.JPEG	18	32	50	52
n03599486_345.JPEG	0	5	63	63
n03599486_346.JPEG	1	0	63	63
n03599486_347.JPEG	4	19	63	59
n03599486_348.JPEG	27	15	60	63
n03599486_349.JPEG	3	11	63	62
n03599486_350.JPEG	1	10	63	63
n03599486_351.JPEG	16	31	49	52
n03599486_352.JPEG	41	37	63	63
n03599486_353.JPEG	0	14	47	63
n03599486_354.JPEG	1	7	62	58
n03599486_355.JPEG	0	22	63	63
n03599486_356.JPEG	21	22	36	40
n03599486_357.JPEG	3	30	34	46
n03599486_358.JPEG	29	37	52	63
n03599486_359.JPEG	9	30	63	63
n03599486_360.JPEG	0	20	53	51
n03599486_361.JPEG	3	3	60	63
n03599486_362.JPEG	19	15	45	53
n03599486_363.JPEG	15	27	55	54
n03599486_364.JPEG	0	8	50	52
n03599486_365.JPEG	0	11	62	56
n03599486_366.JPEG	1	19	63	63
n03599486_367.JPEG	9	10	60	53
n03599486_368.JPEG	0	8	19	57
n03599486_369.JPEG	6	12	63	63
n03599486_370.JPEG	5	23	58	56
n03599486_371.JPEG	8	2	57	63
n03599486_372.JPEG	25	30	63	63
n03599486_373.JPEG	1	1	43	63
n03599486_374.JPEG	1	8	63	54
n03599486_375.JPEG	21	28	63	63
n03599486_376.JPEG	0	2	51	63
n03599486_377.JPEG	13	0	63	63
n03599486_378.JPEG	11	1	61	63
n03599486_379.JPEG	14	12	56	63
n03599486_380.JPEG	0	0	49	63
n03599486_381.JPEG	7	26	54	54
n03599486_382.JPEG	7	0	59	63
n03599486_383.JPEG	0	2	61	63
n03599486_384.JPEG	0	35	63	63
n03599486_385.JPEG	0	3	63	63
n03599486_386.JPEG	12	22	57	63
n03599486_387.JPEG	3	13	50	56
n03599486_388.JPEG	19	26	48	60
n03599486_389.JPEG	16	20	63	55
n03599486_390.JPEG	4	2	43	52
n03599486_391.JPEG	6	21	53	63
n03599486_392.JPEG	0	23	30	50
n03599486_393.JPEG	0	24	45	51
n03599486_394.JPEG	22	6	63	59
n03599486_395.JPEG	9	19	56	59
n03599486_396.JPEG	17	19	57	63
n03599486_397.JPEG	10	2	61	53
n03599486_398.JPEG	10	3	60	60
n03599486_399.JPEG	2	3	63	63
n03599486_400.JPEG	8	19	30	44
n03599486_401.JPEG	11	22	35	57
n03599486_402.JPEG	11	23	58	56
n03599486_403.JPEG	11	28	63	63
n03599486_404.JPEG	7	1	51	53
n03599486_405.JPEG	0	4	63	63
n03599486_406.JPEG	2	14	50	63
n03599486_407.JPEG	35	10	63	63
n03599486_408.JPEG	0	15	63	53
n03599486_409.JPEG	0	6	55	61
n03599486_410.JPEG	12	1	63	63
n03599486_411.JPEG	0	23	58	63
n03599486_412.JPEG	1	0	63	63
n03599486_413.JPEG	0	4	63	63
n03599486_414.JPEG	19	32	36	56
n03599486_415.JPEG	4	13	60	58
n03599486_416.JPEG	2	14	63	63
n03599486_417.JPEG	0	18	63	63
n03599486_418.JPEG	3	4	63	62
n03599486_419.JPEG	0	10	63	63
n03599486_420.JPEG	0	11	63	63
n03599486_421.JPEG	8	21	35	60
n03599486_422.JPEG	29	23	63	57
n03599486_423.JPEG	0	19	51	54
n03599486_424.JPEG	0	16	63	63
n03599486_425.JPEG	0	16	63	62
n03599486_426.JPEG	4	15	63	63
n03599486_427.JPEG	40	22	63	63
n03599486_428.JPEG	0	12	52	61
n03599486_429.JPEG	0	0	61	57
n03599486_430.JPEG	19	20	51	55
n03599486_431.JPEG	14	21	63	54
n03599486_432.JPEG	38	39	58	63
n03599486_433.JPEG	4	8	33	56
n03599486_434.JPEG	4	13	56	63
n03599486_435.JPEG	29	24	54	56
n03599486_436.JPEG	0	6	49	54
n03599486_437.JPEG	0	18	46	57
n03599486_438.JPEG	0	16	59	63
n03599486_439.JPEG	10	6	61	57
n03599486_440.JPEG	0	12	24	60
n03599486_441.JPEG	0	22	0	52
n03599486_442.JPEG	6	0	63	63
n03599486_443.JPEG	4	12	63	51
n03599486_444.JPEG	0	17	63	57
n03599486_445.JPEG	17	14	52	45
n03599486_446.JPEG	9	3	60	63
n03599486_447.JPEG	11	0	63	63
n03599486_448.JPEG	0	14	34	57
n03599486_449.JPEG	0	21	41	58
n03599486_450.JPEG	7	10	63	63
n03599486_451.JPEG	0	15	55	52
n03599486_452.JPEG	0	0	63	63
n03599486_453.JPEG	6	5	63	63
n03599486_454.JPEG	0	17	63	63
n03599486_455.JPEG	0	12	18	63
n03599486_456.JPEG	0	7	57	63
n03599486_457.JPEG	22	23	57	59
n03599486_458.JPEG	0	15	63	63
n03599486_459.JPEG	0	6	45	63
n03599486_460.JPEG	17	16	55	58
n03599486_461.JPEG	18	6	63	53
n03599486_462.JPEG	15	16	51	61
n03599486_463.JPEG	11	11	54	59
n03599486_464.JPEG	24	33	44	63
n03599486_465.JPEG	8	0	62	63
n03599486_466.JPEG	0	23	17	60
n03599486_467.JPEG	26	21	63	52
n03599486_468.JPEG	0	13	62	50
n03599486_469.JPEG	0	4	63	63
n03599486_470.JPEG	0	12	63	63
n03599486_471.JPEG	0	3	63	59
n03599486_472.JPEG	0	26	61	63
n03599486_473.JPEG	25	17	57	63
n03599486_474.JPEG	0	16	63	53
n03599486_475.JPEG	11	17	33	46
n03599486_476.JPEG	0	2	47	63
n03599486_477.JPEG	24	13	59	51
n03599486_478.JPEG	9	15	63	63
n03599486_479.JPEG	0	19	60	63
n03599486_480.JPEG	11	11	63	62
n03599486_481.JPEG	3	0	63	63
n03599486_482.JPEG	1	0	63	63
n03599486_483.JPEG	26	33	45	60
n03599486_484.JPEG	0	7	35	57
n03599486_485.JPEG	5	3	63	63
n03599486_486.JPEG	0	11	51	63
n03599486_487.JPEG	8	16	51	61
n03599486_488.JPEG	13	4	42	63
n03599486_489.JPEG	0	9	28	63
n03599486_490.JPEG	0	13	63	63
n03599486_491.JPEG	4	1	51	62
n03599486_492.JPEG	2	5	51	54
n03599486_493.JPEG	0	3	63	61
n03599486_494.JPEG	0	1	63	63
n03599486_495.JPEG	0	20	63	63
n03599486_496.JPEG	5	29	50	54
n03599486_497.JPEG	3	6	63	63
n03599486_498.JPEG	0	0	41	63
n03599486_499.JPEG	6	15	29	59
