n07749582_0.JPEG	0	1	48	56
n07749582_1.JPEG	13	0	63	21
n07749582_2.JPEG	12	18	53	45
n07749582_3.JPEG	10	7	59	43
n07749582_4.JPEG	0	12	31	44
n07749582_5.JPEG	27	19	52	48
n07749582_6.JPEG	40	14	60	46
n07749582_7.JPEG	20	17	49	41
n07749582_8.JPEG	41	29	63	55
n07749582_9.JPEG	0	9	36	42
n07749582_10.JPEG	22	24	43	47
n07749582_11.JPEG	0	14	16	33
n07749582_12.JPEG	0	32	9	39
n07749582_13.JPEG	17	5	63	51
n07749582_14.JPEG	5	12	36	51
n07749582_15.JPEG	31	44	63	63
n07749582_16.JPEG	26	30	63	63
n07749582_17.JPEG	22	12	53	39
n07749582_18.JPEG	45	24	57	35
n07749582_19.JPEG	0	1	63	63
n07749582_20.JPEG	0	16	36	57
n07749582_21.JPEG	16	25	63	63
n07749582_22.JPEG	9	20	59	63
n07749582_23.JPEG	2	9	51	54
n07749582_24.JPEG	29	6	61	63
n07749582_25.JPEG	33	4	63	51
n07749582_26.JPEG	22	16	55	45
n07749582_27.JPEG	15	38	44	60
n07749582_28.JPEG	7	11	40	44
n07749582_29.JPEG	0	3	57	52
n07749582_30.JPEG	47	32	63	63
n07749582_31.JPEG	5	29	53	63
n07749582_32.JPEG	0	8	48	63
n07749582_33.JPEG	0	0	63	63
n07749582_34.JPEG	0	8	63	63
n07749582_35.JPEG	37	1	63	40
n07749582_36.JPEG	27	19	37	33
n07749582_37.JPEG	7	32	28	54
n07749582_38.JPEG	17	5	63	56
n07749582_39.JPEG	0	0	63	63
n07749582_40.JPEG	17	22	33	42
n07749582_41.JPEG	1	7	52	63
n07749582_42.JPEG	2	11	49	52
n07749582_43.JPEG	0	0	63	63
n07749582_44.JPEG	10	1	63	63
n07749582_45.JPEG	32	13	47	27
n07749582_46.JPEG	23	17	32	28
n07749582_47.JPEG	33	21	59	48
n07749582_48.JPEG	0	0	63	63
n07749582_49.JPEG	6	8	55	50
n07749582_50.JPEG	21	30	45	48
n07749582_51.JPEG	0	14	47	52
n07749582_52.JPEG	0	0	63	63
n07749582_53.JPEG	0	0	63	25
n07749582_54.JPEG	7	36	57	63
n07749582_55.JPEG	50	0	54	0
n07749582_56.JPEG	2	3	62	61
n07749582_57.JPEG	0	25	29	55
n07749582_58.JPEG	51	49	62	61
n07749582_59.JPEG	0	10	57	63
n07749582_60.JPEG	5	1	63	63
n07749582_61.JPEG	0	11	43	59
n07749582_62.JPEG	1	1	62	59
n07749582_63.JPEG	7	0	56	63
n07749582_64.JPEG	0	14	62	63
n07749582_65.JPEG	0	0	63	63
n07749582_66.JPEG	28	27	38	38
n07749582_67.JPEG	0	4	63	63
n07749582_68.JPEG	0	2	63	63
n07749582_69.JPEG	18	33	51	63
n07749582_70.JPEG	5	5	60	59
n07749582_71.JPEG	46	39	60	57
n07749582_72.JPEG	16	8	60	60
n07749582_73.JPEG	21	25	55	58
n07749582_74.JPEG	26	8	63	58
n07749582_75.JPEG	8	12	30	41
n07749582_76.JPEG	0	7	37	63
n07749582_77.JPEG	29	39	59	63
n07749582_78.JPEG	11	16	41	43
n07749582_79.JPEG	14	16	51	51
n07749582_80.JPEG	5	11	54	54
n07749582_81.JPEG	0	10	36	60
n07749582_82.JPEG	0	0	63	63
n07749582_83.JPEG	40	20	63	54
n07749582_84.JPEG	13	12	50	54
n07749582_85.JPEG	0	0	63	63
n07749582_86.JPEG	19	13	63	63
n07749582_87.JPEG	23	20	45	48
n07749582_88.JPEG	12	11	56	58
n07749582_89.JPEG	0	1	63	63
n07749582_90.JPEG	2	3	63	59
n07749582_91.JPEG	6	21	38	50
n07749582_92.JPEG	0	1	59	63
n07749582_93.JPEG	4	7	63	63
n07749582_94.JPEG	9	20	55	58
n07749582_95.JPEG	7	1	63	63
n07749582_96.JPEG	3	0	63	63
n07749582_97.JPEG	25	17	61	51
n07749582_98.JPEG	0	4	63	52
n07749582_99.JPEG	0	0	44	49
n07749582_100.JPEG	1	34	51	63
n07749582_101.JPEG	17	2	48	49
n07749582_102.JPEG	0	13	30	54
n07749582_103.JPEG	1	17	63	63
n07749582_104.JPEG	12	34	54	63
n07749582_105.JPEG	3	4	33	28
n07749582_106.JPEG	25	1	51	18
n07749582_107.JPEG	44	21	63	63
n07749582_108.JPEG	0	18	33	58
n07749582_109.JPEG	15	19	47	51
n07749582_110.JPEG	10	41	40	63
n07749582_111.JPEG	0	2	63	63
n07749582_112.JPEG	20	12	55	41
n07749582_113.JPEG	0	14	14	61
n07749582_114.JPEG	32	23	42	33
n07749582_115.JPEG	7	20	34	54
n07749582_116.JPEG	0	11	63	59
n07749582_117.JPEG	0	6	30	35
n07749582_118.JPEG	12	4	57	56
n07749582_119.JPEG	34	40	59	62
n07749582_120.JPEG	12	13	26	25
n07749582_121.JPEG	0	1	63	63
n07749582_122.JPEG	28	1	51	24
n07749582_123.JPEG	14	27	38	60
n07749582_124.JPEG	26	14	63	57
n07749582_125.JPEG	25	30	50	58
n07749582_126.JPEG	0	3	63	63
n07749582_127.JPEG	21	39	54	63
n07749582_128.JPEG	35	51	56	63
n07749582_129.JPEG	10	7	55	52
n07749582_130.JPEG	1	27	29	55
n07749582_131.JPEG	42	14	63	57
n07749582_132.JPEG	14	0	63	62
n07749582_133.JPEG	3	0	63	63
n07749582_134.JPEG	0	6	63	62
n07749582_135.JPEG	0	24	50	63
n07749582_136.JPEG	15	16	48	52
n07749582_137.JPEG	15	11	55	51
n07749582_138.JPEG	27	36	56	63
n07749582_139.JPEG	35	12	63	41
n07749582_140.JPEG	0	1	63	63
n07749582_141.JPEG	34	17	59	54
n07749582_142.JPEG	23	22	42	47
n07749582_143.JPEG	0	4	63	60
n07749582_144.JPEG	44	16	61	37
n07749582_145.JPEG	38	14	63	55
n07749582_146.JPEG	20	9	57	59
n07749582_147.JPEG	17	46	45	63
n07749582_148.JPEG	0	41	0	60
n07749582_149.JPEG	0	0	46	63
n07749582_150.JPEG	0	0	61	58
n07749582_151.JPEG	9	6	61	57
n07749582_152.JPEG	37	28	58	48
n07749582_153.JPEG	0	5	63	63
n07749582_154.JPEG	45	27	63	56
n07749582_155.JPEG	31	14	63	56
n07749582_156.JPEG	0	3	57	57
n07749582_157.JPEG	37	44	43	50
n07749582_158.JPEG	11	1	56	46
n07749582_159.JPEG	1	0	63	53
n07749582_160.JPEG	0	9	50	55
n07749582_161.JPEG	42	28	63	50
n07749582_162.JPEG	5	19	48	63
n07749582_163.JPEG	2	0	63	63
n07749582_164.JPEG	12	9	58	60
n07749582_165.JPEG	51	31	63	50
n07749582_166.JPEG	0	49	0	63
n07749582_167.JPEG	2	14	33	54
n07749582_168.JPEG	26	0	63	63
n07749582_169.JPEG	0	24	21	49
n07749582_170.JPEG	12	13	53	53
n07749582_171.JPEG	22	13	63	30
n07749582_172.JPEG	9	6	63	63
n07749582_173.JPEG	0	20	36	61
n07749582_174.JPEG	34	29	63	59
n07749582_175.JPEG	18	19	44	45
n07749582_176.JPEG	0	29	26	63
n07749582_177.JPEG	8	1	63	63
n07749582_178.JPEG	2	3	63	63
n07749582_179.JPEG	13	0	63	38
n07749582_180.JPEG	0	13	20	58
n07749582_181.JPEG	13	12	53	55
n07749582_182.JPEG	28	19	48	45
n07749582_183.JPEG	7	18	42	54
n07749582_184.JPEG	61	41	63	62
n07749582_185.JPEG	22	31	63	63
n07749582_186.JPEG	6	7	57	56
n07749582_187.JPEG	9	0	48	46
n07749582_188.JPEG	19	7	46	34
n07749582_189.JPEG	19	18	51	51
n07749582_190.JPEG	31	8	60	44
n07749582_191.JPEG	35	18	63	51
n07749582_192.JPEG	2	0	59	63
n07749582_193.JPEG	0	0	63	63
n07749582_194.JPEG	38	23	48	34
n07749582_195.JPEG	42	6	63	43
n07749582_196.JPEG	3	0	53	51
n07749582_197.JPEG	33	27	62	51
n07749582_198.JPEG	29	39	50	57
n07749582_199.JPEG	28	20	57	55
n07749582_200.JPEG	0	1	63	63
n07749582_201.JPEG	30	8	63	39
n07749582_202.JPEG	0	2	63	63
n07749582_203.JPEG	30	7	46	24
n07749582_204.JPEG	0	1	63	61
n07749582_205.JPEG	0	7	27	43
n07749582_206.JPEG	2	13	25	31
n07749582_207.JPEG	13	22	35	53
n07749582_208.JPEG	7	0	54	49
n07749582_209.JPEG	0	0	63	63
n07749582_210.JPEG	1	12	62	58
n07749582_211.JPEG	18	15	46	42
n07749582_212.JPEG	1	28	46	63
n07749582_213.JPEG	9	7	56	56
n07749582_214.JPEG	37	1	63	39
n07749582_215.JPEG	0	0	63	63
n07749582_216.JPEG	7	10	61	63
n07749582_217.JPEG	0	5	35	41
n07749582_218.JPEG	4	20	58	56
n07749582_219.JPEG	1	12	33	51
n07749582_220.JPEG	8	19	31	48
n07749582_221.JPEG	4	4	53	49
n07749582_222.JPEG	27	16	63	63
n07749582_223.JPEG	26	24	59	56
n07749582_224.JPEG	0	9	63	63
n07749582_225.JPEG	9	4	57	63
n07749582_226.JPEG	22	20	63	63
n07749582_227.JPEG	4	2	63	57
n07749582_228.JPEG	15	15	56	60
n07749582_229.JPEG	22	23	63	62
n07749582_230.JPEG	0	13	48	49
n07749582_231.JPEG	5	6	42	39
n07749582_232.JPEG	28	20	50	46
n07749582_233.JPEG	4	9	57	56
n07749582_234.JPEG	0	4	40	61
n07749582_235.JPEG	25	21	39	35
n07749582_236.JPEG	17	0	30	10
n07749582_237.JPEG	15	17	48	51
n07749582_238.JPEG	0	0	56	63
n07749582_239.JPEG	1	0	37	18
n07749582_240.JPEG	0	5	63	59
n07749582_241.JPEG	35	4	63	58
n07749582_242.JPEG	23	44	47	63
n07749582_243.JPEG	0	1	49	57
n07749582_244.JPEG	11	5	62	57
n07749582_245.JPEG	47	36	63	63
n07749582_246.JPEG	0	0	62	61
n07749582_247.JPEG	50	12	63	53
n07749582_248.JPEG	0	21	36	58
n07749582_249.JPEG	22	25	44	44
n07749582_250.JPEG	14	9	50	59
n07749582_251.JPEG	0	8	63	63
n07749582_252.JPEG	0	1	63	63
n07749582_253.JPEG	0	22	29	44
n07749582_254.JPEG	9	10	59	60
n07749582_255.JPEG	8	5	58	56
n07749582_256.JPEG	1	4	60	51
n07749582_257.JPEG	11	17	63	63
n07749582_258.JPEG	0	25	53	63
n07749582_259.JPEG	0	5	63	58
n07749582_260.JPEG	30	0	48	12
n07749582_261.JPEG	6	11	62	46
n07749582_262.JPEG	0	4	63	61
n07749582_263.JPEG	4	0	61	59
n07749582_264.JPEG	31	41	53	63
n07749582_265.JPEG	36	37	53	51
n07749582_266.JPEG	0	0	61	63
n07749582_267.JPEG	14	16	63	63
n07749582_268.JPEG	45	34	63	54
n07749582_269.JPEG	0	2	63	63
n07749582_270.JPEG	8	2	63	57
n07749582_271.JPEG	23	37	59	63
n07749582_272.JPEG	30	12	54	27
n07749582_273.JPEG	3	42	15	55
n07749582_274.JPEG	0	36	4	49
n07749582_275.JPEG	0	1	63	63
n07749582_276.JPEG	11	21	57	63
n07749582_277.JPEG	15	3	41	27
n07749582_278.JPEG	0	6	37	54
n07749582_279.JPEG	34	18	63	61
n07749582_280.JPEG	33	15	63	56
n07749582_281.JPEG	0	14	48	55
n07749582_282.JPEG	0	1	63	63
n07749582_283.JPEG	21	24	47	47
n07749582_284.JPEG	0	15	36	53
n07749582_285.JPEG	22	22	49	48
n07749582_286.JPEG	18	46	36	63
n07749582_287.JPEG	30	17	58	54
n07749582_288.JPEG	5	32	19	46
n07749582_289.JPEG	0	14	28	47
n07749582_290.JPEG	13	7	46	58
n07749582_291.JPEG	0	7	34	59
n07749582_292.JPEG	19	3	56	41
n07749582_293.JPEG	40	38	63	57
n07749582_294.JPEG	4	1	63	63
n07749582_295.JPEG	20	21	48	49
n07749582_296.JPEG	0	8	32	52
n07749582_297.JPEG	0	1	63	63
n07749582_298.JPEG	0	1	33	63
n07749582_299.JPEG	36	16	62	43
n07749582_300.JPEG	18	0	63	59
n07749582_301.JPEG	23	36	41	58
n07749582_302.JPEG	0	10	63	63
n07749582_303.JPEG	6	11	20	21
n07749582_304.JPEG	34	16	63	44
n07749582_305.JPEG	0	0	63	43
n07749582_306.JPEG	7	7	63	63
n07749582_307.JPEG	0	0	35	63
n07749582_308.JPEG	0	0	63	63
n07749582_309.JPEG	3	4	60	62
n07749582_310.JPEG	52	25	56	32
n07749582_311.JPEG	35	4	63	63
n07749582_312.JPEG	6	15	55	59
n07749582_313.JPEG	0	5	63	63
n07749582_314.JPEG	0	25	27	52
n07749582_315.JPEG	6	16	40	49
n07749582_316.JPEG	50	39	63	59
n07749582_317.JPEG	15	25	56	63
n07749582_318.JPEG	0	1	63	46
n07749582_319.JPEG	0	0	14	21
n07749582_320.JPEG	25	20	59	56
n07749582_321.JPEG	0	23	61	63
n07749582_322.JPEG	8	0	63	63
n07749582_323.JPEG	13	30	45	63
n07749582_324.JPEG	0	13	15	36
n07749582_325.JPEG	23	25	52	54
n07749582_326.JPEG	32	11	63	53
n07749582_327.JPEG	31	9	54	32
n07749582_328.JPEG	36	20	63	51
n07749582_329.JPEG	21	28	42	54
n07749582_330.JPEG	21	20	46	45
n07749582_331.JPEG	23	23	59	60
n07749582_332.JPEG	43	9	63	45
n07749582_333.JPEG	25	1	63	60
n07749582_334.JPEG	0	12	39	60
n07749582_335.JPEG	6	1	63	61
n07749582_336.JPEG	7	6	57	57
n07749582_337.JPEG	1	3	52	51
n07749582_338.JPEG	11	8	59	56
n07749582_339.JPEG	28	28	63	63
n07749582_340.JPEG	0	9	19	25
n07749582_341.JPEG	15	22	52	63
n07749582_342.JPEG	10	5	53	50
n07749582_343.JPEG	0	1	45	63
n07749582_344.JPEG	28	27	45	44
n07749582_345.JPEG	1	0	63	61
n07749582_346.JPEG	0	25	44	63
n07749582_347.JPEG	32	27	63	61
n07749582_348.JPEG	0	0	29	40
n07749582_349.JPEG	34	24	63	63
n07749582_350.JPEG	0	0	63	63
n07749582_351.JPEG	20	29	54	52
n07749582_352.JPEG	37	14	63	45
n07749582_353.JPEG	3	6	63	63
n07749582_354.JPEG	40	9	63	55
n07749582_355.JPEG	0	2	63	48
n07749582_356.JPEG	14	0	54	40
n07749582_357.JPEG	22	28	38	51
n07749582_358.JPEG	0	1	63	57
n07749582_359.JPEG	19	5	63	63
n07749582_360.JPEG	0	0	44	29
n07749582_361.JPEG	0	1	62	63
n07749582_362.JPEG	9	0	63	63
n07749582_363.JPEG	3	31	50	63
n07749582_364.JPEG	24	5	63	51
n07749582_365.JPEG	5	11	61	52
n07749582_366.JPEG	15	4	51	43
n07749582_367.JPEG	24	22	50	50
n07749582_368.JPEG	24	11	54	53
n07749582_369.JPEG	34	26	46	38
n07749582_370.JPEG	35	33	47	47
n07749582_371.JPEG	58	21	63	43
n07749582_372.JPEG	49	24	63	53
n07749582_373.JPEG	0	5	51	60
n07749582_374.JPEG	2	47	53	63
n07749582_375.JPEG	0	0	63	63
n07749582_376.JPEG	22	30	57	63
n07749582_377.JPEG	22	17	48	41
n07749582_378.JPEG	3	0	63	63
n07749582_379.JPEG	26	19	63	56
n07749582_380.JPEG	0	0	63	63
n07749582_381.JPEG	7	11	60	63
n07749582_382.JPEG	1	0	63	63
n07749582_383.JPEG	0	1	54	63
n07749582_384.JPEG	23	0	53	23
n07749582_385.JPEG	4	10	53	58
n07749582_386.JPEG	0	0	38	63
n07749582_387.JPEG	39	24	57	37
n07749582_388.JPEG	11	12	55	56
n07749582_389.JPEG	1	17	50	63
n07749582_390.JPEG	0	0	32	63
n07749582_391.JPEG	0	18	60	63
n07749582_392.JPEG	9	18	54	63
n07749582_393.JPEG	0	35	13	52
n07749582_394.JPEG	13	21	48	63
n07749582_395.JPEG	22	22	50	49
n07749582_396.JPEG	41	14	63	37
n07749582_397.JPEG	29	1	63	35
n07749582_398.JPEG	19	2	40	21
n07749582_399.JPEG	39	0	61	10
n07749582_400.JPEG	46	0	63	34
n07749582_401.JPEG	23	14	56	55
n07749582_402.JPEG	19	7	63	58
n07749582_403.JPEG	35	24	52	41
n07749582_404.JPEG	14	9	51	50
n07749582_405.JPEG	3	0	38	23
n07749582_406.JPEG	0	24	12	45
n07749582_407.JPEG	17	16	62	63
n07749582_408.JPEG	4	13	56	53
n07749582_409.JPEG	1	43	18	61
n07749582_410.JPEG	0	19	22	52
n07749582_411.JPEG	1	9	38	44
n07749582_412.JPEG	13	19	63	62
n07749582_413.JPEG	0	3	63	61
n07749582_414.JPEG	38	30	63	63
n07749582_415.JPEG	29	3	63	49
n07749582_416.JPEG	31	7	63	38
n07749582_417.JPEG	5	13	59	63
n07749582_418.JPEG	0	0	42	48
n07749582_419.JPEG	50	13	63	63
n07749582_420.JPEG	46	5	63	63
n07749582_421.JPEG	0	0	62	63
n07749582_422.JPEG	25	18	30	24
n07749582_423.JPEG	0	19	38	63
n07749582_424.JPEG	5	22	58	62
n07749582_425.JPEG	15	25	47	62
n07749582_426.JPEG	0	13	63	63
n07749582_427.JPEG	1	2	63	63
n07749582_428.JPEG	0	2	63	63
n07749582_429.JPEG	50	32	63	50
n07749582_430.JPEG	44	33	63	63
n07749582_431.JPEG	6	1	63	61
n07749582_432.JPEG	36	20	62	49
n07749582_433.JPEG	1	3	62	57
n07749582_434.JPEG	6	8	63	51
n07749582_435.JPEG	0	0	63	48
n07749582_436.JPEG	0	5	63	63
n07749582_437.JPEG	0	0	63	63
n07749582_438.JPEG	0	0	60	52
n07749582_439.JPEG	4	4	62	61
n07749582_440.JPEG	6	28	35	55
n07749582_441.JPEG	1	27	27	52
n07749582_442.JPEG	18	13	63	63
n07749582_443.JPEG	6	12	63	56
n07749582_444.JPEG	0	0	55	60
n07749582_445.JPEG	0	0	63	63
n07749582_446.JPEG	11	23	34	53
n07749582_447.JPEG	1	1	61	63
n07749582_448.JPEG	7	12	56	60
n07749582_449.JPEG	21	5	63	61
n07749582_450.JPEG	1	29	31	63
n07749582_451.JPEG	2	4	63	62
n07749582_452.JPEG	0	15	9	32
n07749582_453.JPEG	0	31	14	60
n07749582_454.JPEG	11	14	61	63
n07749582_455.JPEG	6	8	62	56
n07749582_456.JPEG	12	12	50	47
n07749582_457.JPEG	0	1	63	47
n07749582_458.JPEG	0	10	39	60
n07749582_459.JPEG	22	21	44	45
n07749582_460.JPEG	0	1	63	63
n07749582_461.JPEG	0	1	55	60
n07749582_462.JPEG	25	9	63	56
n07749582_463.JPEG	28	30	56	59
n07749582_464.JPEG	8	43	23	58
n07749582_465.JPEG	0	0	59	55
n07749582_466.JPEG	24	15	48	47
n07749582_467.JPEG	0	18	46	59
n07749582_468.JPEG	21	17	52	58
n07749582_469.JPEG	0	5	63	41
n07749582_470.JPEG	0	0	39	63
n07749582_471.JPEG	0	36	63	63
n07749582_472.JPEG	0	9	19	41
n07749582_473.JPEG	16	16	52	49
n07749582_474.JPEG	0	15	63	63
n07749582_475.JPEG	31	14	63	45
n07749582_476.JPEG	0	3	53	63
n07749582_477.JPEG	0	0	63	63
n07749582_478.JPEG	29	39	55	59
n07749582_479.JPEG	51	30	63	52
n07749582_480.JPEG	0	6	30	43
n07749582_481.JPEG	49	4	63	61
n07749582_482.JPEG	14	13	53	50
n07749582_483.JPEG	38	19	63	63
n07749582_484.JPEG	21	37	39	56
n07749582_485.JPEG	19	16	40	45
n07749582_486.JPEG	38	0	55	5
n07749582_487.JPEG	0	11	45	55
n07749582_488.JPEG	43	44	54	55
n07749582_489.JPEG	16	0	63	54
n07749582_490.JPEG	7	38	41	63
n07749582_491.JPEG	12	17	43	51
n07749582_492.JPEG	32	24	61	63
n07749582_493.JPEG	0	0	32	45
n07749582_494.JPEG	44	3	63	63
n07749582_495.JPEG	32	8	63	45
n07749582_496.JPEG	22	21	44	36
n07749582_497.JPEG	41	1	61	24
n07749582_498.JPEG	0	0	53	63
n07749582_499.JPEG	0	5	54	62
