n02883205_0.JPEG	31	7	38	10
n02883205_1.JPEG	12	12	19	18
n02883205_2.JPEG	19	34	46	49
n02883205_3.JPEG	26	15	38	24
n02883205_4.JPEG	28	47	55	61
n02883205_5.JPEG	63	29	63	34
n02883205_6.JPEG	23	18	34	29
n02883205_7.JPEG	33	24	42	29
n02883205_8.JPEG	10	45	36	63
n02883205_9.JPEG	29	20	35	24
n02883205_10.JPEG	38	26	45	32
n02883205_11.JPEG	11	38	55	63
n02883205_12.JPEG	23	27	41	59
n02883205_13.JPEG	0	23	63	55
n02883205_14.JPEG	17	48	24	53
n02883205_15.JPEG	5	41	58	63
n02883205_16.JPEG	21	41	34	47
n02883205_17.JPEG	27	11	37	17
n02883205_18.JPEG	20	26	54	39
n02883205_19.JPEG	17	31	23	36
n02883205_20.JPEG	5	12	60	48
n02883205_21.JPEG	33	46	54	54
n02883205_22.JPEG	15	33	28	42
n02883205_23.JPEG	0	41	31	63
n02883205_24.JPEG	43	40	59	49
n02883205_25.JPEG	9	38	34	63
n02883205_26.JPEG	18	16	50	33
n02883205_27.JPEG	0	54	63	63
n02883205_28.JPEG	15	0	31	21
n02883205_29.JPEG	22	45	38	60
n02883205_30.JPEG	25	43	40	51
n02883205_31.JPEG	25	48	49	63
n02883205_32.JPEG	19	10	25	13
n02883205_33.JPEG	26	52	37	62
n02883205_34.JPEG	30	10	36	15
n02883205_35.JPEG	18	23	22	27
n02883205_36.JPEG	29	20	33	21
n02883205_37.JPEG	45	14	48	16
n02883205_38.JPEG	29	28	50	42
n02883205_39.JPEG	30	46	49	58
n02883205_40.JPEG	24	50	46	63
n02883205_41.JPEG	26	43	48	53
n02883205_42.JPEG	19	25	29	30
n02883205_43.JPEG	13	43	26	54
n02883205_44.JPEG	17	0	38	5
n02883205_45.JPEG	21	48	43	62
n02883205_46.JPEG	22	37	39	48
n02883205_47.JPEG	4	2	57	58
n02883205_48.JPEG	25	31	29	33
n02883205_49.JPEG	9	44	51	57
n02883205_50.JPEG	23	44	44	50
n02883205_51.JPEG	22	25	28	29
n02883205_52.JPEG	14	45	38	59
n02883205_53.JPEG	27	28	38	36
n02883205_54.JPEG	27	44	36	47
n02883205_55.JPEG	3	1	63	40
n02883205_56.JPEG	22	17	28	19
n02883205_57.JPEG	19	47	44	63
n02883205_58.JPEG	30	15	35	17
n02883205_59.JPEG	16	16	52	31
n02883205_60.JPEG	38	49	63	63
n02883205_61.JPEG	18	22	63	51
n02883205_62.JPEG	0	38	39	57
n02883205_63.JPEG	30	33	39	39
n02883205_64.JPEG	37	22	45	27
n02883205_65.JPEG	20	35	36	51
n02883205_66.JPEG	21	27	29	31
n02883205_67.JPEG	43	30	52	35
n02883205_68.JPEG	0	38	5	45
n02883205_69.JPEG	23	40	32	48
n02883205_70.JPEG	40	15	52	20
n02883205_71.JPEG	17	0	63	35
n02883205_72.JPEG	18	17	36	32
n02883205_73.JPEG	24	23	31	30
n02883205_74.JPEG	22	28	37	38
n02883205_75.JPEG	4	41	33	57
n02883205_76.JPEG	4	6	41	51
n02883205_77.JPEG	26	37	33	41
n02883205_78.JPEG	43	21	49	27
n02883205_79.JPEG	16	24	49	36
n02883205_80.JPEG	23	41	42	53
n02883205_81.JPEG	19	26	34	36
n02883205_82.JPEG	0	6	53	48
n02883205_83.JPEG	28	39	38	49
n02883205_84.JPEG	0	3	63	61
n02883205_85.JPEG	6	23	58	53
n02883205_86.JPEG	37	28	63	48
n02883205_87.JPEG	26	29	30	32
n02883205_88.JPEG	26	32	41	48
n02883205_89.JPEG	33	24	39	29
n02883205_90.JPEG	31	30	49	38
n02883205_91.JPEG	26	36	52	47
n02883205_92.JPEG	20	38	39	49
n02883205_93.JPEG	19	43	36	56
n02883205_94.JPEG	11	37	32	56
n02883205_95.JPEG	3	18	11	33
n02883205_96.JPEG	26	27	37	32
n02883205_97.JPEG	41	27	63	46
n02883205_98.JPEG	29	16	34	20
n02883205_99.JPEG	30	26	39	30
n02883205_100.JPEG	32	16	38	21
n02883205_101.JPEG	24	19	34	27
n02883205_102.JPEG	34	45	63	62
n02883205_103.JPEG	16	26	27	31
n02883205_104.JPEG	20	8	36	19
n02883205_105.JPEG	30	20	45	42
n02883205_106.JPEG	37	59	52	63
n02883205_107.JPEG	26	21	39	33
n02883205_108.JPEG	39	21	48	24
n02883205_109.JPEG	4	35	45	58
n02883205_110.JPEG	19	52	47	63
n02883205_111.JPEG	12	39	29	48
n02883205_112.JPEG	30	42	42	49
n02883205_113.JPEG	13	28	35	44
n02883205_114.JPEG	28	27	36	32
n02883205_115.JPEG	18	38	31	48
n02883205_116.JPEG	25	38	40	50
n02883205_117.JPEG	34	22	49	30
n02883205_118.JPEG	19	38	47	55
n02883205_119.JPEG	17	31	24	36
n02883205_120.JPEG	19	21	41	35
n02883205_121.JPEG	21	42	49	63
n02883205_122.JPEG	47	33	54	38
n02883205_123.JPEG	55	24	60	30
n02883205_124.JPEG	0	17	63	52
n02883205_125.JPEG	17	17	28	25
n02883205_126.JPEG	23	5	28	10
n02883205_127.JPEG	34	4	41	9
n02883205_128.JPEG	19	27	60	63
n02883205_129.JPEG	26	33	39	44
n02883205_130.JPEG	46	9	57	17
n02883205_131.JPEG	39	41	49	50
n02883205_132.JPEG	42	15	49	18
n02883205_133.JPEG	30	28	42	33
n02883205_134.JPEG	28	39	52	47
n02883205_135.JPEG	29	20	35	24
n02883205_136.JPEG	45	39	55	50
n02883205_137.JPEG	20	24	40	36
n02883205_138.JPEG	26	43	40	50
n02883205_139.JPEG	17	46	42	59
n02883205_140.JPEG	13	44	31	58
n02883205_141.JPEG	37	22	44	30
n02883205_142.JPEG	25	21	41	34
n02883205_143.JPEG	29	22	53	39
n02883205_144.JPEG	21	34	31	40
n02883205_145.JPEG	34	46	56	57
n02883205_146.JPEG	0	4	63	61
n02883205_147.JPEG	12	0	51	6
n02883205_148.JPEG	16	43	30	51
n02883205_149.JPEG	0	0	63	63
n02883205_150.JPEG	33	12	39	17
n02883205_151.JPEG	31	29	39	34
n02883205_152.JPEG	7	12	56	41
n02883205_153.JPEG	4	22	52	57
n02883205_154.JPEG	27	0	37	5
n02883205_155.JPEG	19	26	33	38
n02883205_156.JPEG	31	34	39	40
n02883205_157.JPEG	0	4	63	59
n02883205_158.JPEG	32	32	47	43
n02883205_159.JPEG	28	11	36	17
n02883205_160.JPEG	19	36	37	49
n02883205_161.JPEG	40	8	63	27
n02883205_162.JPEG	0	0	63	57
n02883205_163.JPEG	4	10	62	42
n02883205_164.JPEG	29	43	48	61
n02883205_165.JPEG	24	32	38	43
n02883205_166.JPEG	24	16	54	26
n02883205_167.JPEG	26	0	51	56
n02883205_168.JPEG	18	31	45	46
n02883205_169.JPEG	46	23	55	29
n02883205_170.JPEG	29	27	36	30
n02883205_171.JPEG	44	24	49	27
n02883205_172.JPEG	6	14	63	46
n02883205_173.JPEG	10	29	48	52
n02883205_174.JPEG	19	39	45	53
n02883205_175.JPEG	0	23	12	34
n02883205_176.JPEG	9	27	22	35
n02883205_177.JPEG	0	11	61	56
n02883205_178.JPEG	29	16	49	25
n02883205_179.JPEG	18	31	38	40
n02883205_180.JPEG	23	41	40	48
n02883205_181.JPEG	0	35	53	63
n02883205_182.JPEG	48	13	60	27
n02883205_183.JPEG	24	49	34	54
n02883205_184.JPEG	0	10	54	41
n02883205_185.JPEG	23	27	40	37
n02883205_186.JPEG	19	35	35	43
n02883205_187.JPEG	9	53	47	63
n02883205_188.JPEG	45	38	56	48
n02883205_189.JPEG	28	3	35	7
n02883205_190.JPEG	0	1	63	60
n02883205_191.JPEG	31	18	38	24
n02883205_192.JPEG	2	1	63	63
n02883205_193.JPEG	14	12	61	54
n02883205_194.JPEG	23	42	42	51
n02883205_195.JPEG	12	41	44	62
n02883205_196.JPEG	20	44	47	53
n02883205_197.JPEG	43	39	62	47
n02883205_198.JPEG	19	24	31	29
n02883205_199.JPEG	30	28	39	33
n02883205_200.JPEG	1	55	56	63
n02883205_201.JPEG	25	12	33	18
n02883205_202.JPEG	29	41	39	45
n02883205_203.JPEG	6	50	29	63
n02883205_204.JPEG	7	17	20	26
n02883205_205.JPEG	21	35	43	45
n02883205_206.JPEG	23	10	33	14
n02883205_207.JPEG	7	31	19	39
n02883205_208.JPEG	4	31	63	62
n02883205_209.JPEG	22	58	47	63
n02883205_210.JPEG	20	9	24	13
n02883205_211.JPEG	21	12	28	18
n02883205_212.JPEG	21	34	29	40
n02883205_213.JPEG	0	15	63	58
n02883205_214.JPEG	17	33	29	41
n02883205_215.JPEG	4	0	58	63
n02883205_216.JPEG	20	9	44	24
n02883205_217.JPEG	41	14	48	18
n02883205_218.JPEG	22	39	36	45
n02883205_219.JPEG	22	37	43	49
n02883205_220.JPEG	7	28	13	33
n02883205_221.JPEG	6	12	60	55
n02883205_222.JPEG	0	2	63	59
n02883205_223.JPEG	37	3	42	7
n02883205_224.JPEG	28	17	39	23
n02883205_225.JPEG	24	15	29	18
n02883205_226.JPEG	45	24	63	41
n02883205_227.JPEG	0	1	63	62
n02883205_228.JPEG	19	45	49	60
n02883205_229.JPEG	21	30	34	38
n02883205_230.JPEG	24	45	51	62
n02883205_231.JPEG	0	9	63	63
n02883205_232.JPEG	31	35	42	40
n02883205_233.JPEG	9	3	63	45
n02883205_234.JPEG	40	40	57	51
n02883205_235.JPEG	21	9	30	15
n02883205_236.JPEG	20	32	35	41
n02883205_237.JPEG	22	15	40	24
n02883205_238.JPEG	24	40	48	56
n02883205_239.JPEG	0	11	60	53
n02883205_240.JPEG	0	7	63	61
n02883205_241.JPEG	33	12	43	19
n02883205_242.JPEG	6	26	19	33
n02883205_243.JPEG	27	21	37	27
n02883205_244.JPEG	27	36	39	44
n02883205_245.JPEG	19	57	47	63
n02883205_246.JPEG	24	28	35	36
n02883205_247.JPEG	48	27	54	31
n02883205_248.JPEG	21	42	43	58
n02883205_249.JPEG	26	35	35	40
n02883205_250.JPEG	3	10	63	56
n02883205_251.JPEG	0	20	63	63
n02883205_252.JPEG	40	31	50	35
n02883205_253.JPEG	26	31	38	38
n02883205_254.JPEG	0	21	23	32
n02883205_255.JPEG	20	8	56	39
n02883205_256.JPEG	23	21	49	62
n02883205_257.JPEG	0	16	47	56
n02883205_258.JPEG	15	56	39	63
n02883205_259.JPEG	26	40	42	51
n02883205_260.JPEG	3	45	7	48
n02883205_261.JPEG	49	40	58	45
n02883205_262.JPEG	49	28	55	34
n02883205_263.JPEG	25	40	43	54
n02883205_264.JPEG	10	25	28	43
n02883205_265.JPEG	44	39	61	54
n02883205_266.JPEG	29	27	34	30
n02883205_267.JPEG	46	25	63	38
n02883205_268.JPEG	42	23	49	25
n02883205_269.JPEG	0	9	63	45
n02883205_270.JPEG	13	36	51	62
n02883205_271.JPEG	38	35	63	54
n02883205_272.JPEG	30	34	54	44
n02883205_273.JPEG	29	23	35	27
n02883205_274.JPEG	38	16	44	18
n02883205_275.JPEG	16	21	22	26
n02883205_276.JPEG	30	32	63	51
n02883205_277.JPEG	29	20	42	29
n02883205_278.JPEG	0	3	63	48
n02883205_279.JPEG	18	11	24	15
n02883205_280.JPEG	27	28	38	36
n02883205_281.JPEG	21	42	46	59
n02883205_282.JPEG	4	21	59	57
n02883205_283.JPEG	24	39	30	42
n02883205_284.JPEG	28	40	38	51
n02883205_285.JPEG	0	1	63	61
n02883205_286.JPEG	19	32	46	43
n02883205_287.JPEG	24	44	45	63
n02883205_288.JPEG	13	47	32	60
n02883205_289.JPEG	24	28	36	36
n02883205_290.JPEG	10	0	53	41
n02883205_291.JPEG	30	37	49	47
n02883205_292.JPEG	32	38	45	46
n02883205_293.JPEG	21	50	39	62
n02883205_294.JPEG	9	11	33	25
n02883205_295.JPEG	0	15	38	63
n02883205_296.JPEG	0	10	46	40
n02883205_297.JPEG	8	0	51	25
n02883205_298.JPEG	40	11	46	15
n02883205_299.JPEG	31	38	52	51
n02883205_300.JPEG	0	10	63	56
n02883205_301.JPEG	28	34	44	43
n02883205_302.JPEG	22	45	41	58
n02883205_303.JPEG	34	29	43	34
n02883205_304.JPEG	45	41	55	47
n02883205_305.JPEG	20	54	38	63
n02883205_306.JPEG	30	18	43	25
n02883205_307.JPEG	34	22	42	28
n02883205_308.JPEG	0	18	63	55
n02883205_309.JPEG	29	41	42	53
n02883205_310.JPEG	31	40	45	52
n02883205_311.JPEG	31	30	40	35
n02883205_312.JPEG	0	10	63	63
n02883205_313.JPEG	16	62	42	63
n02883205_314.JPEG	46	15	50	17
n02883205_315.JPEG	23	11	39	20
n02883205_316.JPEG	24	60	51	63
n02883205_317.JPEG	34	33	47	51
n02883205_318.JPEG	14	57	44	63
n02883205_319.JPEG	25	32	34	39
n02883205_320.JPEG	28	6	37	13
n02883205_321.JPEG	5	23	62	54
n02883205_322.JPEG	0	9	62	53
n02883205_323.JPEG	27	39	47	54
n02883205_324.JPEG	40	28	50	34
n02883205_325.JPEG	26	19	34	28
n02883205_326.JPEG	31	18	37	23
n02883205_327.JPEG	37	49	63	63
n02883205_328.JPEG	29	37	52	53
n02883205_329.JPEG	27	32	42	38
n02883205_330.JPEG	35	46	50	55
n02883205_331.JPEG	44	20	54	27
n02883205_332.JPEG	53	25	63	31
n02883205_333.JPEG	29	54	42	63
n02883205_334.JPEG	25	59	58	63
n02883205_335.JPEG	2	3	62	61
n02883205_336.JPEG	23	20	28	23
n02883205_337.JPEG	17	39	56	63
n02883205_338.JPEG	19	24	24	27
n02883205_339.JPEG	18	41	42	57
n02883205_340.JPEG	18	32	42	50
n02883205_341.JPEG	4	4	63	53
n02883205_342.JPEG	34	18	54	30
n02883205_343.JPEG	26	46	47	60
n02883205_344.JPEG	24	24	42	47
n02883205_345.JPEG	32	38	50	55
n02883205_346.JPEG	18	9	28	15
n02883205_347.JPEG	37	22	47	30
n02883205_348.JPEG	30	48	50	58
n02883205_349.JPEG	25	10	30	14
n02883205_350.JPEG	21	12	44	28
n02883205_351.JPEG	37	34	44	38
n02883205_352.JPEG	21	12	32	17
n02883205_353.JPEG	0	5	63	60
n02883205_354.JPEG	44	43	63	56
n02883205_355.JPEG	11	9	55	31
n02883205_356.JPEG	38	42	55	52
n02883205_357.JPEG	16	33	52	54
n02883205_358.JPEG	20	46	43	61
n02883205_359.JPEG	25	6	35	11
n02883205_360.JPEG	22	33	31	38
n02883205_361.JPEG	30	19	40	23
n02883205_362.JPEG	26	0	35	5
n02883205_363.JPEG	24	29	39	38
n02883205_364.JPEG	15	52	51	63
n02883205_365.JPEG	29	37	41	47
n02883205_366.JPEG	14	36	26	43
n02883205_367.JPEG	10	34	17	38
n02883205_368.JPEG	19	35	25	37
n02883205_369.JPEG	8	1	63	54
n02883205_370.JPEG	31	7	37	10
n02883205_371.JPEG	30	28	39	34
n02883205_372.JPEG	34	35	40	42
n02883205_373.JPEG	31	18	37	21
n02883205_374.JPEG	24	29	46	40
n02883205_375.JPEG	26	39	39	47
n02883205_376.JPEG	28	5	42	13
n02883205_377.JPEG	20	43	42	61
n02883205_378.JPEG	12	38	22	43
n02883205_379.JPEG	19	49	44	63
n02883205_380.JPEG	22	30	40	38
n02883205_381.JPEG	9	27	16	31
n02883205_382.JPEG	34	12	44	16
n02883205_383.JPEG	9	21	56	45
n02883205_384.JPEG	19	58	53	63
n02883205_385.JPEG	26	13	35	18
n02883205_386.JPEG	26	40	35	47
n02883205_387.JPEG	15	4	58	62
n02883205_388.JPEG	44	34	57	43
n02883205_389.JPEG	14	31	29	40
n02883205_390.JPEG	3	18	15	27
n02883205_391.JPEG	51	29	63	39
n02883205_392.JPEG	42	36	57	46
n02883205_393.JPEG	0	3	63	60
n02883205_394.JPEG	28	27	37	30
n02883205_395.JPEG	27	49	44	63
n02883205_396.JPEG	19	48	40	62
n02883205_397.JPEG	14	33	26	43
n02883205_398.JPEG	0	17	32	41
n02883205_399.JPEG	0	2	63	46
n02883205_400.JPEG	37	5	43	8
n02883205_401.JPEG	29	45	40	53
n02883205_402.JPEG	49	27	58	33
n02883205_403.JPEG	20	12	28	16
n02883205_404.JPEG	18	40	34	49
n02883205_405.JPEG	31	47	56	58
n02883205_406.JPEG	40	22	51	30
n02883205_407.JPEG	22	33	35	41
n02883205_408.JPEG	33	24	40	28
n02883205_409.JPEG	26	1	32	4
n02883205_410.JPEG	24	13	41	23
n02883205_411.JPEG	16	22	27	28
n02883205_412.JPEG	35	33	48	42
n02883205_413.JPEG	23	16	50	28
n02883205_414.JPEG	23	49	44	58
n02883205_415.JPEG	27	27	32	37
n02883205_416.JPEG	32	23	40	29
n02883205_417.JPEG	0	15	55	55
n02883205_418.JPEG	0	2	63	58
n02883205_419.JPEG	17	37	23	41
n02883205_420.JPEG	34	24	48	32
n02883205_421.JPEG	34	40	51	48
n02883205_422.JPEG	14	32	62	61
n02883205_423.JPEG	7	27	38	45
n02883205_424.JPEG	27	4	42	11
n02883205_425.JPEG	12	56	46	63
n02883205_426.JPEG	41	49	49	52
n02883205_427.JPEG	26	21	48	34
n02883205_428.JPEG	19	22	29	28
n02883205_429.JPEG	9	8	52	32
n02883205_430.JPEG	18	47	26	53
n02883205_431.JPEG	19	29	37	43
n02883205_432.JPEG	0	0	63	63
n02883205_433.JPEG	36	13	40	16
n02883205_434.JPEG	0	13	63	50
n02883205_435.JPEG	23	28	63	63
n02883205_436.JPEG	27	43	48	56
n02883205_437.JPEG	4	30	41	49
n02883205_438.JPEG	29	35	38	42
n02883205_439.JPEG	26	2	34	7
n02883205_440.JPEG	22	11	28	14
n02883205_441.JPEG	24	37	35	47
n02883205_442.JPEG	26	51	48	63
n02883205_443.JPEG	36	43	53	55
n02883205_444.JPEG	16	45	36	61
n02883205_445.JPEG	0	34	9	41
n02883205_446.JPEG	1	38	33	60
n02883205_447.JPEG	20	50	38	60
n02883205_448.JPEG	19	28	42	40
n02883205_449.JPEG	34	23	39	25
n02883205_450.JPEG	41	34	53	39
n02883205_451.JPEG	16	7	22	10
n02883205_452.JPEG	0	29	45	59
n02883205_453.JPEG	17	31	63	63
n02883205_454.JPEG	21	13	39	25
n02883205_455.JPEG	27	36	36	45
n02883205_456.JPEG	0	5	60	61
n02883205_457.JPEG	9	26	27	39
n02883205_458.JPEG	0	14	63	59
n02883205_459.JPEG	10	8	63	59
n02883205_460.JPEG	29	7	63	52
n02883205_461.JPEG	10	40	46	59
n02883205_462.JPEG	0	7	63	59
n02883205_463.JPEG	0	15	63	44
n02883205_464.JPEG	25	47	42	57
n02883205_465.JPEG	30	45	45	55
n02883205_466.JPEG	23	30	32	34
n02883205_467.JPEG	21	26	40	37
n02883205_468.JPEG	28	52	36	63
n02883205_469.JPEG	27	29	41	38
n02883205_470.JPEG	4	10	45	52
n02883205_471.JPEG	8	40	28	55
n02883205_472.JPEG	15	28	22	31
n02883205_473.JPEG	44	18	54	26
n02883205_474.JPEG	29	18	62	34
n02883205_475.JPEG	46	40	63	59
n02883205_476.JPEG	25	17	32	22
n02883205_477.JPEG	33	20	41	24
n02883205_478.JPEG	2	15	63	55
n02883205_479.JPEG	21	45	39	56
n02883205_480.JPEG	25	48	53	63
n02883205_481.JPEG	21	38	44	49
n02883205_482.JPEG	35	11	42	14
n02883205_483.JPEG	35	25	44	30
n02883205_484.JPEG	3	14	62	52
n02883205_485.JPEG	50	8	58	13
n02883205_486.JPEG	17	15	35	26
n02883205_487.JPEG	22	46	31	58
n02883205_488.JPEG	13	0	47	16
n02883205_489.JPEG	12	29	41	44
n02883205_490.JPEG	46	49	63	63
n02883205_491.JPEG	0	8	57	60
n02883205_492.JPEG	23	16	33	23
n02883205_493.JPEG	27	42	54	57
n02883205_494.JPEG	0	15	52	63
n02883205_495.JPEG	20	35	31	43
n02883205_496.JPEG	30	21	39	27
n02883205_497.JPEG	19	35	28	39
n02883205_498.JPEG	21	29	45	46
n02883205_499.JPEG	27	40	51	57
