n04070727_0.JPEG	12	2	54	63
n04070727_1.JPEG	0	0	63	63
n04070727_2.JPEG	0	0	63	63
n04070727_3.JPEG	7	0	54	60
n04070727_4.JPEG	0	1	63	63
n04070727_5.JPEG	0	0	63	63
n04070727_6.JPEG	2	0	63	63
n04070727_7.JPEG	28	15	63	63
n04070727_8.JPEG	0	0	42	63
n04070727_9.JPEG	0	6	54	63
n04070727_10.JPEG	0	0	63	63
n04070727_11.JPEG	1	0	63	63
n04070727_12.JPEG	0	0	63	63
n04070727_13.JPEG	0	0	63	63
n04070727_14.JPEG	0	1	63	63
n04070727_15.JPEG	1	0	56	63
n04070727_16.JPEG	0	0	52	63
n04070727_17.JPEG	3	0	48	63
n04070727_18.JPEG	0	0	63	63
n04070727_19.JPEG	0	1	63	63
n04070727_20.JPEG	0	0	63	63
n04070727_21.JPEG	2	0	61	63
n04070727_22.JPEG	2	0	63	63
n04070727_23.JPEG	9	0	63	63
n04070727_24.JPEG	11	0	51	62
n04070727_25.JPEG	4	0	60	63
n04070727_26.JPEG	0	1	63	63
n04070727_27.JPEG	22	0	63	63
n04070727_28.JPEG	0	0	53	61
n04070727_29.JPEG	4	0	63	63
n04070727_30.JPEG	4	0	60	63
n04070727_31.JPEG	21	0	63	63
n04070727_32.JPEG	14	17	49	63
n04070727_33.JPEG	0	0	63	63
n04070727_34.JPEG	3	1	63	63
n04070727_35.JPEG	0	0	63	63
n04070727_36.JPEG	0	0	63	63
n04070727_37.JPEG	38	0	63	63
n04070727_38.JPEG	9	0	57	63
n04070727_39.JPEG	1	0	63	63
n04070727_40.JPEG	30	11	63	63
n04070727_41.JPEG	3	0	55	63
n04070727_42.JPEG	20	10	57	63
n04070727_43.JPEG	5	3	60	62
n04070727_44.JPEG	13	4	57	63
n04070727_45.JPEG	8	4	53	61
n04070727_46.JPEG	35	0	62	63
n04070727_47.JPEG	0	12	63	63
n04070727_48.JPEG	3	0	63	63
n04070727_49.JPEG	33	1	54	39
n04070727_50.JPEG	24	23	45	62
n04070727_51.JPEG	0	9	39	63
n04070727_52.JPEG	0	0	63	63
n04070727_53.JPEG	0	0	63	63
n04070727_54.JPEG	3	0	59	63
n04070727_55.JPEG	0	0	63	63
n04070727_56.JPEG	13	0	56	63
n04070727_57.JPEG	0	0	63	63
n04070727_58.JPEG	10	2	54	62
n04070727_59.JPEG	1	0	63	63
n04070727_60.JPEG	0	0	63	63
n04070727_61.JPEG	0	0	63	63
n04070727_62.JPEG	0	8	34	63
n04070727_63.JPEG	0	0	63	63
n04070727_64.JPEG	0	11	63	63
n04070727_65.JPEG	0	0	63	63
n04070727_66.JPEG	0	1	63	63
n04070727_67.JPEG	0	1	63	63
n04070727_68.JPEG	4	0	63	63
n04070727_69.JPEG	0	1	35	53
n04070727_70.JPEG	9	0	50	63
n04070727_71.JPEG	0	0	63	63
n04070727_72.JPEG	31	9	63	61
n04070727_73.JPEG	0	0	63	63
n04070727_74.JPEG	5	0	63	63
n04070727_75.JPEG	26	34	39	62
n04070727_76.JPEG	0	0	63	63
n04070727_77.JPEG	0	0	63	63
n04070727_78.JPEG	0	0	63	63
n04070727_79.JPEG	0	11	25	63
n04070727_80.JPEG	15	0	59	63
n04070727_81.JPEG	17	5	47	63
n04070727_82.JPEG	19	19	57	61
n04070727_83.JPEG	0	0	63	63
n04070727_84.JPEG	5	12	34	63
n04070727_85.JPEG	0	0	63	63
n04070727_86.JPEG	0	0	43	63
n04070727_87.JPEG	5	8	61	58
n04070727_88.JPEG	0	0	63	63
n04070727_89.JPEG	0	0	63	63
n04070727_90.JPEG	4	3	52	63
n04070727_91.JPEG	13	20	55	63
n04070727_92.JPEG	2	28	15	50
n04070727_93.JPEG	0	0	63	63
n04070727_94.JPEG	14	0	52	63
n04070727_95.JPEG	32	23	56	63
n04070727_96.JPEG	4	0	62	63
n04070727_97.JPEG	0	2	63	63
n04070727_98.JPEG	10	0	54	63
n04070727_99.JPEG	0	7	63	63
n04070727_100.JPEG	0	0	63	63
n04070727_101.JPEG	0	1	46	51
n04070727_102.JPEG	0	0	63	63
n04070727_103.JPEG	36	15	57	63
n04070727_104.JPEG	1	0	63	63
n04070727_105.JPEG	5	0	54	63
n04070727_106.JPEG	0	0	63	63
n04070727_107.JPEG	14	0	50	63
n04070727_108.JPEG	13	22	31	62
n04070727_109.JPEG	0	0	63	63
n04070727_110.JPEG	12	0	63	63
n04070727_111.JPEG	0	0	63	63
n04070727_112.JPEG	0	0	63	63
n04070727_113.JPEG	0	0	63	63
n04070727_114.JPEG	0	0	63	63
n04070727_115.JPEG	5	0	63	63
n04070727_116.JPEG	0	0	56	63
n04070727_117.JPEG	0	0	63	63
n04070727_118.JPEG	0	0	63	63
n04070727_119.JPEG	1	0	63	63
n04070727_120.JPEG	0	6	44	63
n04070727_121.JPEG	0	0	63	63
n04070727_122.JPEG	0	1	63	63
n04070727_123.JPEG	5	19	24	63
n04070727_124.JPEG	0	4	63	63
n04070727_125.JPEG	6	0	62	63
n04070727_126.JPEG	2	28	46	63
n04070727_127.JPEG	8	0	55	63
n04070727_128.JPEG	0	0	63	63
n04070727_129.JPEG	1	0	63	63
n04070727_130.JPEG	0	0	63	63
n04070727_131.JPEG	0	0	63	63
n04070727_132.JPEG	1	0	63	63
n04070727_133.JPEG	0	0	54	63
n04070727_134.JPEG	9	14	33	57
n04070727_135.JPEG	1	0	63	63
n04070727_136.JPEG	0	0	63	63
n04070727_137.JPEG	10	20	36	62
n04070727_138.JPEG	0	0	63	63
n04070727_139.JPEG	5	0	61	63
n04070727_140.JPEG	20	19	48	57
n04070727_141.JPEG	0	0	63	63
n04070727_142.JPEG	0	0	63	63
n04070727_143.JPEG	0	0	63	63
n04070727_144.JPEG	10	0	55	63
n04070727_145.JPEG	0	1	63	63
n04070727_146.JPEG	0	0	63	63
n04070727_147.JPEG	7	0	53	63
n04070727_148.JPEG	1	0	63	63
n04070727_149.JPEG	20	0	63	63
n04070727_150.JPEG	0	1	63	63
n04070727_151.JPEG	18	8	52	63
n04070727_152.JPEG	12	0	53	63
n04070727_153.JPEG	0	0	63	63
n04070727_154.JPEG	0	0	63	63
n04070727_155.JPEG	0	0	63	63
n04070727_156.JPEG	32	19	60	63
n04070727_157.JPEG	36	6	63	58
n04070727_158.JPEG	8	0	58	63
n04070727_159.JPEG	3	0	63	63
n04070727_160.JPEG	1	5	63	63
n04070727_161.JPEG	9	20	54	63
n04070727_162.JPEG	0	0	63	63
n04070727_163.JPEG	0	28	61	63
n04070727_164.JPEG	40	27	63	63
n04070727_165.JPEG	8	0	63	63
n04070727_166.JPEG	9	19	63	63
n04070727_167.JPEG	24	10	57	63
n04070727_168.JPEG	0	0	63	63
n04070727_169.JPEG	12	9	43	63
n04070727_170.JPEG	0	0	63	63
n04070727_171.JPEG	3	0	63	63
n04070727_172.JPEG	0	0	63	63
n04070727_173.JPEG	0	0	63	63
n04070727_174.JPEG	0	0	63	63
n04070727_175.JPEG	0	0	63	63
n04070727_176.JPEG	3	0	63	63
n04070727_177.JPEG	0	8	63	63
n04070727_178.JPEG	1	0	62	63
n04070727_179.JPEG	11	0	48	62
n04070727_180.JPEG	0	1	63	63
n04070727_181.JPEG	22	4	63	63
n04070727_182.JPEG	0	3	63	63
n04070727_183.JPEG	0	0	63	63
n04070727_184.JPEG	2	3	63	63
n04070727_185.JPEG	0	1	63	63
n04070727_186.JPEG	0	0	63	63
n04070727_187.JPEG	32	0	63	63
n04070727_188.JPEG	0	0	63	63
n04070727_189.JPEG	6	0	63	63
n04070727_190.JPEG	2	0	55	63
n04070727_191.JPEG	0	0	63	63
n04070727_192.JPEG	0	0	63	63
n04070727_193.JPEG	0	0	63	63
n04070727_194.JPEG	1	0	63	63
n04070727_195.JPEG	22	23	39	59
n04070727_196.JPEG	16	6	45	54
n04070727_197.JPEG	0	0	63	63
n04070727_198.JPEG	0	0	63	63
n04070727_199.JPEG	0	20	37	63
n04070727_200.JPEG	0	1	63	63
n04070727_201.JPEG	48	19	63	63
n04070727_202.JPEG	0	0	63	63
n04070727_203.JPEG	24	14	39	40
n04070727_204.JPEG	1	0	63	63
n04070727_205.JPEG	28	0	63	63
n04070727_206.JPEG	4	2	45	63
n04070727_207.JPEG	0	0	63	63
n04070727_208.JPEG	0	0	63	63
n04070727_209.JPEG	3	2	63	63
n04070727_210.JPEG	0	1	63	63
n04070727_211.JPEG	1	0	63	63
n04070727_212.JPEG	0	1	63	63
n04070727_213.JPEG	0	15	8	63
n04070727_214.JPEG	11	1	63	63
n04070727_215.JPEG	8	22	22	49
n04070727_216.JPEG	4	7	56	61
n04070727_217.JPEG	2	0	63	63
n04070727_218.JPEG	1	0	63	63
n04070727_219.JPEG	20	5	61	63
n04070727_220.JPEG	15	0	52	63
n04070727_221.JPEG	1	0	63	63
n04070727_222.JPEG	20	0	56	63
n04070727_223.JPEG	1	0	62	63
n04070727_224.JPEG	0	0	63	63
n04070727_225.JPEG	15	0	63	63
n04070727_226.JPEG	2	0	62	63
n04070727_227.JPEG	0	1	63	63
n04070727_228.JPEG	6	0	54	63
n04070727_229.JPEG	0	0	50	63
n04070727_230.JPEG	4	4	63	63
n04070727_231.JPEG	8	0	54	63
n04070727_232.JPEG	0	0	63	63
n04070727_233.JPEG	32	13	52	58
n04070727_234.JPEG	0	0	63	63
n04070727_235.JPEG	0	11	63	63
n04070727_236.JPEG	10	0	50	63
n04070727_237.JPEG	10	17	54	63
n04070727_238.JPEG	0	0	63	63
n04070727_239.JPEG	0	0	63	63
n04070727_240.JPEG	0	0	63	63
n04070727_241.JPEG	0	0	55	63
n04070727_242.JPEG	0	0	63	63
n04070727_243.JPEG	0	0	63	63
n04070727_244.JPEG	17	24	37	46
n04070727_245.JPEG	3	0	63	63
n04070727_246.JPEG	0	0	63	63
n04070727_247.JPEG	0	0	61	63
n04070727_248.JPEG	0	0	63	63
n04070727_249.JPEG	0	0	63	63
n04070727_250.JPEG	1	0	63	63
n04070727_251.JPEG	0	0	63	63
n04070727_252.JPEG	5	0	59	63
n04070727_253.JPEG	0	0	63	63
n04070727_254.JPEG	1	0	63	63
n04070727_255.JPEG	35	5	51	30
n04070727_256.JPEG	0	0	63	63
n04070727_257.JPEG	0	0	63	63
n04070727_258.JPEG	11	2	53	63
n04070727_259.JPEG	0	0	63	63
n04070727_260.JPEG	0	0	63	63
n04070727_261.JPEG	15	0	61	56
n04070727_262.JPEG	16	0	54	63
n04070727_263.JPEG	6	0	63	63
n04070727_264.JPEG	0	0	63	63
n04070727_265.JPEG	13	8	55	63
n04070727_266.JPEG	1	1	63	63
n04070727_267.JPEG	0	1	63	63
n04070727_268.JPEG	1	3	43	63
n04070727_269.JPEG	0	1	63	63
n04070727_270.JPEG	0	0	63	63
n04070727_271.JPEG	0	0	63	63
n04070727_272.JPEG	0	0	63	63
n04070727_273.JPEG	0	1	63	63
n04070727_274.JPEG	0	13	37	63
n04070727_275.JPEG	0	0	63	63
n04070727_276.JPEG	1	0	63	63
n04070727_277.JPEG	6	28	57	63
n04070727_278.JPEG	0	0	59	63
n04070727_279.JPEG	28	7	63	63
n04070727_280.JPEG	1	3	63	62
n04070727_281.JPEG	6	0	59	63
n04070727_282.JPEG	0	0	63	63
n04070727_283.JPEG	0	0	63	63
n04070727_284.JPEG	7	12	36	63
n04070727_285.JPEG	0	0	63	63
n04070727_286.JPEG	3	8	38	63
n04070727_287.JPEG	0	0	63	63
n04070727_288.JPEG	6	8	57	63
n04070727_289.JPEG	0	1	63	63
n04070727_290.JPEG	0	14	41	63
n04070727_291.JPEG	0	1	63	63
n04070727_292.JPEG	2	0	63	63
n04070727_293.JPEG	40	0	63	63
n04070727_294.JPEG	0	0	63	63
n04070727_295.JPEG	27	22	43	49
n04070727_296.JPEG	0	6	23	60
n04070727_297.JPEG	0	0	63	63
n04070727_298.JPEG	12	7	48	63
n04070727_299.JPEG	10	0	54	63
n04070727_300.JPEG	0	0	63	63
n04070727_301.JPEG	31	0	63	63
n04070727_302.JPEG	5	0	63	63
n04070727_303.JPEG	19	3	63	63
n04070727_304.JPEG	0	0	56	63
n04070727_305.JPEG	0	0	40	63
n04070727_306.JPEG	5	0	55	63
n04070727_307.JPEG	0	0	63	63
n04070727_308.JPEG	13	5	63	63
n04070727_309.JPEG	0	1	63	63
n04070727_310.JPEG	1	0	63	63
n04070727_311.JPEG	0	0	63	63
n04070727_312.JPEG	14	1	49	63
n04070727_313.JPEG	18	1	56	63
n04070727_314.JPEG	0	1	63	63
n04070727_315.JPEG	14	0	63	63
n04070727_316.JPEG	24	13	63	61
n04070727_317.JPEG	8	6	63	63
n04070727_318.JPEG	0	0	63	63
n04070727_319.JPEG	23	2	51	61
n04070727_320.JPEG	0	1	35	63
n04070727_321.JPEG	0	0	63	63
n04070727_322.JPEG	0	0	63	63
n04070727_323.JPEG	24	0	58	52
n04070727_324.JPEG	7	0	57	63
n04070727_325.JPEG	1	0	63	63
n04070727_326.JPEG	34	17	63	63
n04070727_327.JPEG	0	0	63	63
n04070727_328.JPEG	9	0	63	63
n04070727_329.JPEG	1	0	54	63
n04070727_330.JPEG	22	10	44	54
n04070727_331.JPEG	8	0	61	63
n04070727_332.JPEG	4	0	57	63
n04070727_333.JPEG	0	0	63	63
n04070727_334.JPEG	16	30	32	63
n04070727_335.JPEG	0	0	63	63
n04070727_336.JPEG	1	0	45	63
n04070727_337.JPEG	0	0	63	63
n04070727_338.JPEG	0	0	63	63
n04070727_339.JPEG	12	0	58	63
n04070727_340.JPEG	11	1	57	63
n04070727_341.JPEG	18	7	63	63
n04070727_342.JPEG	0	0	63	63
n04070727_343.JPEG	15	3	63	63
n04070727_344.JPEG	0	6	48	63
n04070727_345.JPEG	3	0	60	63
n04070727_346.JPEG	16	6	60	63
n04070727_347.JPEG	0	0	63	63
n04070727_348.JPEG	15	0	57	63
n04070727_349.JPEG	1	0	63	63
n04070727_350.JPEG	0	0	58	63
n04070727_351.JPEG	17	13	48	63
n04070727_352.JPEG	0	8	40	63
n04070727_353.JPEG	0	0	63	63
n04070727_354.JPEG	0	0	63	63
n04070727_355.JPEG	18	0	50	63
n04070727_356.JPEG	0	0	63	63
n04070727_357.JPEG	1	0	63	63
n04070727_358.JPEG	23	10	59	63
n04070727_359.JPEG	0	0	63	63
n04070727_360.JPEG	5	0	50	63
n04070727_361.JPEG	16	6	54	63
n04070727_362.JPEG	14	0	57	63
n04070727_363.JPEG	0	0	62	63
n04070727_364.JPEG	0	0	63	63
n04070727_365.JPEG	2	0	61	63
n04070727_366.JPEG	41	0	63	63
n04070727_367.JPEG	8	0	59	63
n04070727_368.JPEG	2	0	63	63
n04070727_369.JPEG	0	14	63	63
n04070727_370.JPEG	0	0	63	63
n04070727_371.JPEG	0	0	63	63
n04070727_372.JPEG	0	0	63	63
n04070727_373.JPEG	16	5	63	63
n04070727_374.JPEG	6	9	35	63
n04070727_375.JPEG	16	6	47	63
n04070727_376.JPEG	0	0	63	63
n04070727_377.JPEG	0	2	63	63
n04070727_378.JPEG	0	0	63	63
n04070727_379.JPEG	0	0	55	63
n04070727_380.JPEG	0	0	63	63
n04070727_381.JPEG	0	35	63	63
n04070727_382.JPEG	0	0	63	63
n04070727_383.JPEG	1	0	63	63
n04070727_384.JPEG	1	0	63	63
n04070727_385.JPEG	0	2	63	63
n04070727_386.JPEG	26	19	44	54
n04070727_387.JPEG	0	0	63	63
n04070727_388.JPEG	0	0	63	63
n04070727_389.JPEG	0	0	63	63
n04070727_390.JPEG	0	0	63	63
n04070727_391.JPEG	0	0	63	63
n04070727_392.JPEG	1	0	63	63
n04070727_393.JPEG	18	0	53	54
n04070727_394.JPEG	14	0	62	63
n04070727_395.JPEG	0	0	63	63
n04070727_396.JPEG	0	1	63	63
n04070727_397.JPEG	0	24	63	63
n04070727_398.JPEG	16	0	56	63
n04070727_399.JPEG	25	9	63	63
n04070727_400.JPEG	15	1	63	63
n04070727_401.JPEG	0	0	63	63
n04070727_402.JPEG	5	0	47	63
n04070727_403.JPEG	7	1	61	63
n04070727_404.JPEG	0	0	63	63
n04070727_405.JPEG	0	0	63	63
n04070727_406.JPEG	23	8	50	57
n04070727_407.JPEG	0	2	1	60
n04070727_408.JPEG	0	0	63	63
n04070727_409.JPEG	17	5	49	59
n04070727_410.JPEG	0	0	63	63
n04070727_411.JPEG	0	0	63	63
n04070727_412.JPEG	4	0	56	63
n04070727_413.JPEG	1	2	63	58
n04070727_414.JPEG	1	0	63	63
n04070727_415.JPEG	21	7	59	63
n04070727_416.JPEG	0	1	63	62
n04070727_417.JPEG	0	0	63	63
n04070727_418.JPEG	13	1	50	63
n04070727_419.JPEG	0	0	63	63
n04070727_420.JPEG	0	14	16	59
n04070727_421.JPEG	16	15	42	63
n04070727_422.JPEG	0	0	63	63
n04070727_423.JPEG	0	0	51	63
n04070727_424.JPEG	1	0	63	63
n04070727_425.JPEG	0	30	7	63
n04070727_426.JPEG	24	10	60	63
n04070727_427.JPEG	12	0	49	63
n04070727_428.JPEG	0	0	63	63
n04070727_429.JPEG	0	0	63	63
n04070727_430.JPEG	1	0	63	63
n04070727_431.JPEG	0	0	63	63
n04070727_432.JPEG	0	0	63	63
n04070727_433.JPEG	4	3	59	63
n04070727_434.JPEG	9	5	52	63
n04070727_435.JPEG	0	0	63	63
n04070727_436.JPEG	0	0	63	63
n04070727_437.JPEG	0	0	63	63
n04070727_438.JPEG	0	0	63	63
n04070727_439.JPEG	3	24	53	63
n04070727_440.JPEG	11	0	63	63
n04070727_441.JPEG	0	0	63	63
n04070727_442.JPEG	0	0	63	63
n04070727_443.JPEG	14	7	45	63
n04070727_444.JPEG	16	0	43	63
n04070727_445.JPEG	0	0	63	63
n04070727_446.JPEG	16	4	49	62
n04070727_447.JPEG	0	0	63	63
n04070727_448.JPEG	1	0	63	63
n04070727_449.JPEG	0	0	63	60
n04070727_450.JPEG	19	0	47	63
n04070727_451.JPEG	15	0	51	63
n04070727_452.JPEG	0	0	63	63
n04070727_453.JPEG	10	0	53	63
n04070727_454.JPEG	17	0	63	63
n04070727_455.JPEG	0	0	63	63
n04070727_456.JPEG	0	0	63	63
n04070727_457.JPEG	2	7	63	63
n04070727_458.JPEG	15	0	57	63
n04070727_459.JPEG	0	0	63	63
n04070727_460.JPEG	0	0	63	63
n04070727_461.JPEG	0	0	63	63
n04070727_462.JPEG	1	0	63	63
n04070727_463.JPEG	0	0	63	63
n04070727_464.JPEG	8	0	59	63
n04070727_465.JPEG	0	0	63	63
n04070727_466.JPEG	24	15	49	57
n04070727_467.JPEG	1	1	63	63
n04070727_468.JPEG	31	19	55	63
n04070727_469.JPEG	7	6	36	63
n04070727_470.JPEG	0	0	63	63
n04070727_471.JPEG	0	1	63	63
n04070727_472.JPEG	0	0	63	63
n04070727_473.JPEG	0	0	63	63
n04070727_474.JPEG	0	0	63	63
n04070727_475.JPEG	0	1	63	63
n04070727_476.JPEG	0	0	63	63
n04070727_477.JPEG	6	0	49	63
n04070727_478.JPEG	0	0	63	63
n04070727_479.JPEG	44	21	63	56
n04070727_480.JPEG	0	0	63	63
n04070727_481.JPEG	2	0	58	63
n04070727_482.JPEG	0	0	63	63
n04070727_483.JPEG	24	33	63	61
n04070727_484.JPEG	0	0	63	63
n04070727_485.JPEG	1	0	63	63
n04070727_486.JPEG	0	11	6	63
n04070727_487.JPEG	7	0	51	63
n04070727_488.JPEG	4	10	63	63
n04070727_489.JPEG	0	18	14	59
n04070727_490.JPEG	3	0	63	63
n04070727_491.JPEG	0	0	63	63
n04070727_492.JPEG	0	1	63	63
n04070727_493.JPEG	0	0	63	63
n04070727_494.JPEG	0	1	63	63
n04070727_495.JPEG	9	0	63	63
n04070727_496.JPEG	1	0	54	59
n04070727_497.JPEG	0	0	63	63
n04070727_498.JPEG	0	0	63	63
n04070727_499.JPEG	0	0	63	63
