n03891332_0.JPEG	29	27	49	63
n03891332_1.JPEG	49	4	63	63
n03891332_2.JPEG	10	6	52	63
n03891332_3.JPEG	2	0	57	63
n03891332_4.JPEG	0	7	63	63
n03891332_5.JPEG	25	2	52	63
n03891332_6.JPEG	33	4	60	56
n03891332_7.JPEG	31	5	41	51
n03891332_8.JPEG	7	0	44	63
n03891332_9.JPEG	0	2	63	63
n03891332_10.JPEG	31	0	41	18
n03891332_11.JPEG	17	4	57	63
n03891332_12.JPEG	25	1	41	63
n03891332_13.JPEG	3	4	63	63
n03891332_14.JPEG	0	35	8	63
n03891332_15.JPEG	5	0	63	63
n03891332_16.JPEG	8	4	63	63
n03891332_17.JPEG	47	7	52	48
n03891332_18.JPEG	0	0	63	63
n03891332_19.JPEG	13	5	51	63
n03891332_20.JPEG	0	15	52	60
n03891332_21.JPEG	7	0	29	44
n03891332_22.JPEG	1	0	63	63
n03891332_23.JPEG	7	2	58	63
n03891332_24.JPEG	40	38	60	63
n03891332_25.JPEG	45	1	63	63
n03891332_26.JPEG	9	0	50	63
n03891332_27.JPEG	25	44	34	63
n03891332_28.JPEG	11	0	53	63
n03891332_29.JPEG	4	22	22	43
n03891332_30.JPEG	17	0	56	63
n03891332_31.JPEG	0	0	63	63
n03891332_32.JPEG	0	1	63	63
n03891332_33.JPEG	17	12	47	63
n03891332_34.JPEG	5	2	56	63
n03891332_35.JPEG	27	0	44	63
n03891332_36.JPEG	59	31	63	60
n03891332_37.JPEG	26	2	56	63
n03891332_38.JPEG	4	4	59	63
n03891332_39.JPEG	63	35	63	45
n03891332_40.JPEG	7	0	57	63
n03891332_41.JPEG	14	1	63	63
n03891332_42.JPEG	0	1	63	63
n03891332_43.JPEG	0	3	63	63
n03891332_44.JPEG	8	0	56	63
n03891332_45.JPEG	31	18	42	37
n03891332_46.JPEG	0	0	41	63
n03891332_47.JPEG	0	0	63	63
n03891332_48.JPEG	19	21	26	52
n03891332_49.JPEG	37	21	63	63
n03891332_50.JPEG	0	0	63	63
n03891332_51.JPEG	39	14	44	48
n03891332_52.JPEG	15	0	50	63
n03891332_53.JPEG	23	0	40	35
n03891332_54.JPEG	10	5	56	63
n03891332_55.JPEG	21	15	46	63
n03891332_56.JPEG	36	0	63	60
n03891332_57.JPEG	0	0	46	61
n03891332_58.JPEG	4	1	63	63
n03891332_59.JPEG	0	0	63	63
n03891332_60.JPEG	0	10	43	63
n03891332_61.JPEG	12	0	59	63
n03891332_62.JPEG	22	0	52	46
n03891332_63.JPEG	0	0	63	63
n03891332_64.JPEG	19	1	50	63
n03891332_65.JPEG	0	1	63	63
n03891332_66.JPEG	32	24	43	46
n03891332_67.JPEG	37	0	44	32
n03891332_68.JPEG	11	0	51	63
n03891332_69.JPEG	19	4	37	50
n03891332_70.JPEG	1	0	58	63
n03891332_71.JPEG	0	0	63	63
n03891332_72.JPEG	15	0	44	63
n03891332_73.JPEG	0	0	42	63
n03891332_74.JPEG	15	0	50	63
n03891332_75.JPEG	24	0	44	34
n03891332_76.JPEG	6	0	57	63
n03891332_77.JPEG	0	2	63	63
n03891332_78.JPEG	0	2	63	63
n03891332_79.JPEG	0	0	63	63
n03891332_80.JPEG	14	17	37	63
n03891332_81.JPEG	9	0	50	63
n03891332_82.JPEG	1	0	42	63
n03891332_83.JPEG	18	0	51	35
n03891332_84.JPEG	23	20	30	39
n03891332_85.JPEG	0	0	63	63
n03891332_86.JPEG	46	6	54	60
n03891332_87.JPEG	33	0	59	44
n03891332_88.JPEG	1	0	63	63
n03891332_89.JPEG	2	2	58	63
n03891332_90.JPEG	12	4	52	63
n03891332_91.JPEG	21	24	38	61
n03891332_92.JPEG	55	26	63	54
n03891332_93.JPEG	0	5	39	63
n03891332_94.JPEG	40	0	52	20
n03891332_95.JPEG	1	14	5	19
n03891332_96.JPEG	6	0	62	63
n03891332_97.JPEG	30	28	57	63
n03891332_98.JPEG	19	5	63	63
n03891332_99.JPEG	63	16	63	49
n03891332_100.JPEG	35	29	62	63
n03891332_101.JPEG	24	16	53	63
n03891332_102.JPEG	0	1	63	63
n03891332_103.JPEG	58	21	63	63
n03891332_104.JPEG	52	0	63	63
n03891332_105.JPEG	20	12	63	63
n03891332_106.JPEG	13	25	35	63
n03891332_107.JPEG	14	0	50	63
n03891332_108.JPEG	0	0	33	63
n03891332_109.JPEG	3	20	9	37
n03891332_110.JPEG	0	1	63	63
n03891332_111.JPEG	6	0	56	63
n03891332_112.JPEG	13	0	51	63
n03891332_113.JPEG	0	5	63	63
n03891332_114.JPEG	27	0	34	14
n03891332_115.JPEG	0	2	58	63
n03891332_116.JPEG	0	22	0	37
n03891332_117.JPEG	5	0	39	63
n03891332_118.JPEG	9	0	58	63
n03891332_119.JPEG	0	2	42	51
n03891332_120.JPEG	0	1	63	63
n03891332_121.JPEG	31	42	38	57
n03891332_122.JPEG	0	0	29	45
n03891332_123.JPEG	0	9	63	63
n03891332_124.JPEG	45	3	61	34
n03891332_125.JPEG	0	1	31	63
n03891332_126.JPEG	4	7	62	63
n03891332_127.JPEG	43	0	60	53
n03891332_128.JPEG	10	20	52	63
n03891332_129.JPEG	5	0	50	63
n03891332_130.JPEG	0	4	52	63
n03891332_131.JPEG	55	4	63	63
n03891332_132.JPEG	4	14	14	34
n03891332_133.JPEG	2	0	63	63
n03891332_134.JPEG	29	1	63	63
n03891332_135.JPEG	0	11	63	63
n03891332_136.JPEG	32	0	63	50
n03891332_137.JPEG	27	25	42	63
n03891332_138.JPEG	24	0	43	63
n03891332_139.JPEG	0	1	63	63
n03891332_140.JPEG	23	39	32	59
n03891332_141.JPEG	35	20	53	63
n03891332_142.JPEG	0	14	63	63
n03891332_143.JPEG	23	5	49	61
n03891332_144.JPEG	0	0	63	63
n03891332_145.JPEG	17	0	50	63
n03891332_146.JPEG	1	5	24	63
n03891332_147.JPEG	0	13	34	63
n03891332_148.JPEG	9	24	63	63
n03891332_149.JPEG	16	0	40	63
n03891332_150.JPEG	8	1	58	63
n03891332_151.JPEG	49	10	63	63
n03891332_152.JPEG	7	1	47	63
n03891332_153.JPEG	9	0	54	63
n03891332_154.JPEG	0	6	19	63
n03891332_155.JPEG	25	5	44	41
n03891332_156.JPEG	22	15	34	63
n03891332_157.JPEG	0	1	63	63
n03891332_158.JPEG	30	10	63	63
n03891332_159.JPEG	0	2	63	63
n03891332_160.JPEG	23	18	41	63
n03891332_161.JPEG	3	13	63	63
n03891332_162.JPEG	11	3	63	63
n03891332_163.JPEG	12	9	49	63
n03891332_164.JPEG	15	0	48	63
n03891332_165.JPEG	0	7	31	63
n03891332_166.JPEG	51	30	61	63
n03891332_167.JPEG	17	12	26	33
n03891332_168.JPEG	0	0	34	63
n03891332_169.JPEG	22	0	63	63
n03891332_170.JPEG	16	5	53	63
n03891332_171.JPEG	0	20	4	54
n03891332_172.JPEG	42	0	63	63
n03891332_173.JPEG	50	5	60	23
n03891332_174.JPEG	13	10	25	49
n03891332_175.JPEG	0	7	26	60
n03891332_176.JPEG	8	31	14	50
n03891332_177.JPEG	35	6	63	63
n03891332_178.JPEG	0	0	21	63
n03891332_179.JPEG	0	3	63	63
n03891332_180.JPEG	37	18	54	58
n03891332_181.JPEG	12	9	63	63
n03891332_182.JPEG	0	24	1	38
n03891332_183.JPEG	0	5	52	63
n03891332_184.JPEG	2	0	58	63
n03891332_185.JPEG	27	38	63	63
n03891332_186.JPEG	12	26	52	63
n03891332_187.JPEG	24	16	63	63
n03891332_188.JPEG	0	0	63	63
n03891332_189.JPEG	0	0	59	63
n03891332_190.JPEG	15	0	46	63
n03891332_191.JPEG	0	0	63	63
n03891332_192.JPEG	0	21	63	63
n03891332_193.JPEG	11	1	52	63
n03891332_194.JPEG	7	0	55	47
n03891332_195.JPEG	0	28	2	54
n03891332_196.JPEG	0	0	63	63
n03891332_197.JPEG	0	24	10	33
n03891332_198.JPEG	45	31	63	63
n03891332_199.JPEG	25	11	59	63
n03891332_200.JPEG	0	16	30	63
n03891332_201.JPEG	58	6	63	48
n03891332_202.JPEG	42	0	63	44
n03891332_203.JPEG	0	6	44	63
n03891332_204.JPEG	11	21	57	58
n03891332_205.JPEG	16	38	55	63
n03891332_206.JPEG	28	14	39	26
n03891332_207.JPEG	6	14	11	25
n03891332_208.JPEG	0	1	63	63
n03891332_209.JPEG	11	0	53	63
n03891332_210.JPEG	3	4	63	63
n03891332_211.JPEG	0	0	63	63
n03891332_212.JPEG	27	19	42	58
n03891332_213.JPEG	23	0	63	63
n03891332_214.JPEG	19	6	44	63
n03891332_215.JPEG	29	0	42	63
n03891332_216.JPEG	41	7	63	63
n03891332_217.JPEG	0	0	63	63
n03891332_218.JPEG	12	17	40	63
n03891332_219.JPEG	15	8	34	46
n03891332_220.JPEG	10	17	28	54
n03891332_221.JPEG	11	0	34	30
n03891332_222.JPEG	23	20	50	55
n03891332_223.JPEG	3	0	40	63
n03891332_224.JPEG	23	36	55	49
n03891332_225.JPEG	0	1	61	63
n03891332_226.JPEG	28	10	52	63
n03891332_227.JPEG	0	18	32	63
n03891332_228.JPEG	17	0	56	63
n03891332_229.JPEG	33	2	58	53
n03891332_230.JPEG	8	0	54	57
n03891332_231.JPEG	4	17	63	63
n03891332_232.JPEG	0	1	63	63
n03891332_233.JPEG	0	12	48	63
n03891332_234.JPEG	1	0	63	63
n03891332_235.JPEG	0	4	63	63
n03891332_236.JPEG	8	3	56	63
n03891332_237.JPEG	14	8	52	63
n03891332_238.JPEG	2	0	60	63
n03891332_239.JPEG	14	1	63	63
n03891332_240.JPEG	34	4	51	63
n03891332_241.JPEG	16	8	34	51
n03891332_242.JPEG	20	1	51	63
n03891332_243.JPEG	2	0	63	63
n03891332_244.JPEG	0	6	59	63
n03891332_245.JPEG	0	0	63	63
n03891332_246.JPEG	0	8	23	63
n03891332_247.JPEG	6	11	63	63
n03891332_248.JPEG	8	10	63	58
n03891332_249.JPEG	13	0	46	38
n03891332_250.JPEG	8	14	27	57
n03891332_251.JPEG	0	2	63	63
n03891332_252.JPEG	0	17	51	63
n03891332_253.JPEG	24	27	51	63
n03891332_254.JPEG	0	8	32	63
n03891332_255.JPEG	0	7	63	63
n03891332_256.JPEG	5	0	51	63
n03891332_257.JPEG	5	0	61	63
n03891332_258.JPEG	0	1	63	63
n03891332_259.JPEG	58	39	63	63
n03891332_260.JPEG	11	41	31	63
n03891332_261.JPEG	0	0	63	63
n03891332_262.JPEG	27	0	59	62
n03891332_263.JPEG	35	6	42	41
n03891332_264.JPEG	16	0	29	63
n03891332_265.JPEG	13	13	21	29
n03891332_266.JPEG	0	30	0	54
n03891332_267.JPEG	17	6	46	63
n03891332_268.JPEG	45	4	63	63
n03891332_269.JPEG	25	22	41	38
n03891332_270.JPEG	19	3	63	61
n03891332_271.JPEG	1	11	63	63
n03891332_272.JPEG	0	0	54	63
n03891332_273.JPEG	63	31	63	51
n03891332_274.JPEG	13	0	54	63
n03891332_275.JPEG	13	0	52	63
n03891332_276.JPEG	2	0	59	63
n03891332_277.JPEG	14	1	63	63
n03891332_278.JPEG	0	0	63	63
n03891332_279.JPEG	0	12	26	49
n03891332_280.JPEG	23	3	51	63
n03891332_281.JPEG	1	0	63	63
n03891332_282.JPEG	11	0	58	53
n03891332_283.JPEG	32	7	63	63
n03891332_284.JPEG	0	13	58	63
n03891332_285.JPEG	1	0	62	63
n03891332_286.JPEG	0	11	21	63
n03891332_287.JPEG	25	15	36	40
n03891332_288.JPEG	3	8	27	60
n03891332_289.JPEG	18	9	35	48
n03891332_290.JPEG	0	4	20	63
n03891332_291.JPEG	0	0	47	63
n03891332_292.JPEG	0	1	61	63
n03891332_293.JPEG	6	0	36	63
n03891332_294.JPEG	7	0	61	63
n03891332_295.JPEG	24	0	62	63
n03891332_296.JPEG	5	28	19	63
n03891332_297.JPEG	0	6	63	63
n03891332_298.JPEG	13	0	57	63
n03891332_299.JPEG	17	21	33	63
n03891332_300.JPEG	21	8	34	63
n03891332_301.JPEG	10	0	38	62
n03891332_302.JPEG	15	14	21	24
n03891332_303.JPEG	22	7	46	61
n03891332_304.JPEG	28	0	38	20
n03891332_305.JPEG	17	15	26	63
n03891332_306.JPEG	0	1	63	63
n03891332_307.JPEG	23	8	63	63
n03891332_308.JPEG	32	12	63	54
n03891332_309.JPEG	0	0	63	63
n03891332_310.JPEG	0	19	63	41
n03891332_311.JPEG	10	23	27	60
n03891332_312.JPEG	47	28	52	59
n03891332_313.JPEG	15	0	55	63
n03891332_314.JPEG	12	0	45	63
n03891332_315.JPEG	19	5	44	51
n03891332_316.JPEG	27	0	63	63
n03891332_317.JPEG	0	0	63	63
n03891332_318.JPEG	0	0	63	63
n03891332_319.JPEG	0	0	63	63
n03891332_320.JPEG	13	10	27	63
n03891332_321.JPEG	16	9	47	56
n03891332_322.JPEG	0	3	27	63
n03891332_323.JPEG	0	2	30	49
n03891332_324.JPEG	0	3	22	63
n03891332_325.JPEG	0	2	63	63
n03891332_326.JPEG	38	12	50	63
n03891332_327.JPEG	15	0	56	63
n03891332_328.JPEG	17	0	48	55
n03891332_329.JPEG	11	4	54	63
n03891332_330.JPEG	31	35	60	63
n03891332_331.JPEG	20	22	40	63
n03891332_332.JPEG	6	0	60	63
n03891332_333.JPEG	13	20	34	55
n03891332_334.JPEG	4	0	63	63
n03891332_335.JPEG	16	2	49	63
n03891332_336.JPEG	3	0	24	39
n03891332_337.JPEG	0	6	63	63
n03891332_338.JPEG	48	23	59	63
n03891332_339.JPEG	49	32	54	42
n03891332_340.JPEG	0	4	20	63
n03891332_341.JPEG	9	22	63	63
n03891332_342.JPEG	46	15	56	39
n03891332_343.JPEG	7	14	63	63
n03891332_344.JPEG	22	0	56	63
n03891332_345.JPEG	17	0	50	62
n03891332_346.JPEG	0	0	63	63
n03891332_347.JPEG	2	0	63	63
n03891332_348.JPEG	34	7	58	58
n03891332_349.JPEG	7	2	63	63
n03891332_350.JPEG	0	0	56	63
n03891332_351.JPEG	1	16	54	63
n03891332_352.JPEG	22	5	59	63
n03891332_353.JPEG	0	1	63	63
n03891332_354.JPEG	0	1	59	63
n03891332_355.JPEG	9	1	16	56
n03891332_356.JPEG	23	0	60	63
n03891332_357.JPEG	0	21	38	63
n03891332_358.JPEG	0	10	63	63
n03891332_359.JPEG	3	44	17	63
n03891332_360.JPEG	18	7	63	63
n03891332_361.JPEG	0	0	63	63
n03891332_362.JPEG	28	0	37	38
n03891332_363.JPEG	1	0	55	63
n03891332_364.JPEG	10	0	60	63
n03891332_365.JPEG	44	6	50	29
n03891332_366.JPEG	41	0	61	57
n03891332_367.JPEG	1	0	42	63
n03891332_368.JPEG	14	0	51	63
n03891332_369.JPEG	9	6	41	63
n03891332_370.JPEG	0	0	63	63
n03891332_371.JPEG	6	0	31	39
n03891332_372.JPEG	30	24	38	42
n03891332_373.JPEG	33	0	61	63
n03891332_374.JPEG	19	0	53	53
n03891332_375.JPEG	15	9	35	63
n03891332_376.JPEG	0	0	63	63
n03891332_377.JPEG	62	19	63	33
n03891332_378.JPEG	18	13	23	47
n03891332_379.JPEG	23	24	34	53
n03891332_380.JPEG	30	18	36	45
n03891332_381.JPEG	24	26	45	59
n03891332_382.JPEG	20	0	45	63
n03891332_383.JPEG	0	1	63	63
n03891332_384.JPEG	48	29	63	63
n03891332_385.JPEG	21	45	44	63
n03891332_386.JPEG	25	0	45	63
n03891332_387.JPEG	21	16	37	63
n03891332_388.JPEG	10	6	54	63
n03891332_389.JPEG	15	20	30	40
n03891332_390.JPEG	0	1	35	63
n03891332_391.JPEG	55	0	63	63
n03891332_392.JPEG	3	10	57	63
n03891332_393.JPEG	0	0	55	63
n03891332_394.JPEG	1	0	63	63
n03891332_395.JPEG	21	8	34	63
n03891332_396.JPEG	5	22	56	63
n03891332_397.JPEG	21	23	40	63
n03891332_398.JPEG	51	12	62	50
n03891332_399.JPEG	0	3	63	63
n03891332_400.JPEG	18	0	29	19
n03891332_401.JPEG	18	20	37	63
n03891332_402.JPEG	48	14	63	52
n03891332_403.JPEG	23	12	63	63
n03891332_404.JPEG	32	16	62	59
n03891332_405.JPEG	0	0	63	63
n03891332_406.JPEG	5	46	31	63
n03891332_407.JPEG	25	3	35	55
n03891332_408.JPEG	0	1	63	63
n03891332_409.JPEG	0	0	25	49
n03891332_410.JPEG	0	27	16	63
n03891332_411.JPEG	11	0	38	63
n03891332_412.JPEG	5	1	63	63
n03891332_413.JPEG	24	22	43	63
n03891332_414.JPEG	6	0	55	63
n03891332_415.JPEG	17	14	38	63
n03891332_416.JPEG	0	10	63	63
n03891332_417.JPEG	15	0	52	63
n03891332_418.JPEG	9	0	54	63
n03891332_419.JPEG	0	10	37	63
n03891332_420.JPEG	20	38	33	63
n03891332_421.JPEG	32	17	63	63
n03891332_422.JPEG	0	0	63	63
n03891332_423.JPEG	54	37	59	45
n03891332_424.JPEG	47	28	63	63
n03891332_425.JPEG	11	3	52	63
n03891332_426.JPEG	24	6	40	63
n03891332_427.JPEG	63	22	63	46
n03891332_428.JPEG	2	26	18	63
n03891332_429.JPEG	13	28	23	63
n03891332_430.JPEG	14	0	46	63
n03891332_431.JPEG	0	0	63	63
n03891332_432.JPEG	27	9	55	63
n03891332_433.JPEG	17	12	52	63
n03891332_434.JPEG	0	2	6	36
n03891332_435.JPEG	0	0	63	63
n03891332_436.JPEG	2	8	63	63
n03891332_437.JPEG	56	24	63	63
n03891332_438.JPEG	17	0	49	63
n03891332_439.JPEG	0	1	63	63
n03891332_440.JPEG	0	6	3	63
n03891332_441.JPEG	2	6	58	63
n03891332_442.JPEG	16	2	57	63
n03891332_443.JPEG	0	9	63	63
n03891332_444.JPEG	6	31	15	46
n03891332_445.JPEG	0	33	62	63
n03891332_446.JPEG	42	6	60	25
n03891332_447.JPEG	0	1	63	63
n03891332_448.JPEG	32	15	51	63
n03891332_449.JPEG	0	0	63	63
n03891332_450.JPEG	17	6	50	63
n03891332_451.JPEG	0	14	63	63
n03891332_452.JPEG	20	8	52	63
n03891332_453.JPEG	0	6	31	63
n03891332_454.JPEG	0	20	5	63
n03891332_455.JPEG	0	22	5	45
n03891332_456.JPEG	23	15	42	63
n03891332_457.JPEG	44	0	59	33
n03891332_458.JPEG	38	25	55	63
n03891332_459.JPEG	1	0	63	63
n03891332_460.JPEG	5	0	47	63
n03891332_461.JPEG	46	42	50	47
n03891332_462.JPEG	9	8	58	63
n03891332_463.JPEG	24	13	40	29
n03891332_464.JPEG	0	37	9	63
n03891332_465.JPEG	5	0	59	63
n03891332_466.JPEG	0	1	63	63
n03891332_467.JPEG	15	0	52	63
n03891332_468.JPEG	19	0	46	63
n03891332_469.JPEG	19	12	33	42
n03891332_470.JPEG	24	17	43	63
n03891332_471.JPEG	4	7	63	63
n03891332_472.JPEG	4	3	60	63
n03891332_473.JPEG	21	3	43	48
n03891332_474.JPEG	11	0	52	63
n03891332_475.JPEG	2	0	63	63
n03891332_476.JPEG	0	0	63	63
n03891332_477.JPEG	0	1	63	63
n03891332_478.JPEG	4	0	47	63
n03891332_479.JPEG	7	0	27	63
n03891332_480.JPEG	18	0	42	63
n03891332_481.JPEG	13	9	39	63
n03891332_482.JPEG	32	16	60	63
n03891332_483.JPEG	0	1	63	63
n03891332_484.JPEG	0	5	63	63
n03891332_485.JPEG	0	0	50	63
n03891332_486.JPEG	20	1	32	63
n03891332_487.JPEG	23	8	36	63
n03891332_488.JPEG	20	0	44	63
n03891332_489.JPEG	0	0	38	63
n03891332_490.JPEG	0	0	57	63
n03891332_491.JPEG	39	14	56	53
n03891332_492.JPEG	0	14	34	63
n03891332_493.JPEG	37	2	58	63
n03891332_494.JPEG	33	35	36	41
n03891332_495.JPEG	26	16	45	63
n03891332_496.JPEG	0	37	63	63
n03891332_497.JPEG	20	5	36	41
n03891332_498.JPEG	16	0	54	63
n03891332_499.JPEG	0	0	58	63
