n02281406_0.JPEG	17	23	37	38
n02281406_1.JPEG	4	7	30	55
n02281406_2.JPEG	21	12	52	43
n02281406_3.JPEG	25	5	46	26
n02281406_4.JPEG	38	10	63	60
n02281406_5.JPEG	25	11	63	63
n02281406_6.JPEG	1	5	42	45
n02281406_7.JPEG	0	5	20	27
n02281406_8.JPEG	4	13	58	63
n02281406_9.JPEG	23	15	63	50
n02281406_10.JPEG	0	1	63	57
n02281406_11.JPEG	0	5	49	61
n02281406_12.JPEG	16	17	46	47
n02281406_13.JPEG	29	25	43	39
n02281406_14.JPEG	16	7	51	42
n02281406_15.JPEG	10	15	54	54
n02281406_16.JPEG	3	18	56	57
n02281406_17.JPEG	0	2	63	53
n02281406_18.JPEG	29	3	57	37
n02281406_19.JPEG	6	8	42	40
n02281406_20.JPEG	1	7	36	49
n02281406_21.JPEG	4	10	43	60
n02281406_22.JPEG	4	8	53	61
n02281406_23.JPEG	13	7	60	55
n02281406_24.JPEG	19	18	40	57
n02281406_25.JPEG	3	2	60	48
n02281406_26.JPEG	7	12	59	60
n02281406_27.JPEG	14	3	49	63
n02281406_28.JPEG	14	21	33	46
n02281406_29.JPEG	0	7	34	39
n02281406_30.JPEG	17	0	60	40
n02281406_31.JPEG	8	1	61	63
n02281406_32.JPEG	10	4	63	54
n02281406_33.JPEG	5	9	50	63
n02281406_34.JPEG	4	6	56	58
n02281406_35.JPEG	3	21	37	56
n02281406_36.JPEG	18	7	49	50
n02281406_37.JPEG	22	24	54	63
n02281406_38.JPEG	14	9	61	52
n02281406_39.JPEG	18	11	40	35
n02281406_40.JPEG	10	5	45	62
n02281406_41.JPEG	0	3	62	61
n02281406_42.JPEG	23	21	48	44
n02281406_43.JPEG	9	8	47	38
n02281406_44.JPEG	11	4	51	63
n02281406_45.JPEG	22	5	62	45
n02281406_46.JPEG	18	13	49	47
n02281406_47.JPEG	5	0	59	47
n02281406_48.JPEG	27	26	39	35
n02281406_49.JPEG	0	7	63	47
n02281406_50.JPEG	25	0	63	40
n02281406_51.JPEG	13	5	59	63
n02281406_52.JPEG	13	14	57	53
n02281406_53.JPEG	0	11	33	41
n02281406_54.JPEG	12	9	28	30
n02281406_55.JPEG	24	25	56	58
n02281406_56.JPEG	18	18	52	55
n02281406_57.JPEG	10	11	39	47
n02281406_58.JPEG	0	9	37	43
n02281406_59.JPEG	6	22	34	55
n02281406_60.JPEG	3	5	52	56
n02281406_61.JPEG	0	6	20	29
n02281406_62.JPEG	26	9	63	58
n02281406_63.JPEG	28	27	63	62
n02281406_64.JPEG	0	9	41	61
n02281406_65.JPEG	40	23	60	48
n02281406_66.JPEG	14	17	41	42
n02281406_67.JPEG	24	13	58	44
n02281406_68.JPEG	11	0	50	40
n02281406_69.JPEG	10	21	41	49
n02281406_70.JPEG	0	26	25	59
n02281406_71.JPEG	16	2	45	61
n02281406_72.JPEG	31	26	63	58
n02281406_73.JPEG	9	9	52	49
n02281406_74.JPEG	23	15	63	61
n02281406_75.JPEG	18	19	60	52
n02281406_76.JPEG	19	5	55	41
n02281406_77.JPEG	15	0	55	41
n02281406_78.JPEG	12	24	46	61
n02281406_79.JPEG	20	16	58	49
n02281406_80.JPEG	5	18	46	49
n02281406_81.JPEG	8	17	40	50
n02281406_82.JPEG	4	1	62	61
n02281406_83.JPEG	20	16	53	46
n02281406_84.JPEG	6	4	46	47
n02281406_85.JPEG	40	5	63	46
n02281406_86.JPEG	0	13	48	63
n02281406_87.JPEG	6	10	53	49
n02281406_88.JPEG	16	6	63	58
n02281406_89.JPEG	11	10	50	41
n02281406_90.JPEG	14	12	58	53
n02281406_91.JPEG	0	1	50	50
n02281406_92.JPEG	35	8	63	36
n02281406_93.JPEG	0	9	61	59
n02281406_94.JPEG	30	7	52	29
n02281406_95.JPEG	1	7	51	41
n02281406_96.JPEG	0	5	63	58
n02281406_97.JPEG	18	13	63	49
n02281406_98.JPEG	10	17	48	46
n02281406_99.JPEG	3	6	61	58
n02281406_100.JPEG	18	21	49	55
n02281406_101.JPEG	2	9	42	58
n02281406_102.JPEG	18	3	63	62
n02281406_103.JPEG	5	1	63	62
n02281406_104.JPEG	3	2	49	51
n02281406_105.JPEG	21	22	48	41
n02281406_106.JPEG	0	0	63	62
n02281406_107.JPEG	1	0	63	63
n02281406_108.JPEG	6	20	47	50
n02281406_109.JPEG	6	7	41	41
n02281406_110.JPEG	9	8	54	56
n02281406_111.JPEG	2	25	40	60
n02281406_112.JPEG	31	17	63	51
n02281406_113.JPEG	26	11	47	40
n02281406_114.JPEG	21	9	63	60
n02281406_115.JPEG	0	0	56	49
n02281406_116.JPEG	12	6	63	53
n02281406_117.JPEG	20	32	60	63
n02281406_118.JPEG	25	14	44	35
n02281406_119.JPEG	9	19	52	52
n02281406_120.JPEG	2	10	49	50
n02281406_121.JPEG	26	7	63	49
n02281406_122.JPEG	4	10	50	52
n02281406_123.JPEG	14	13	58	59
n02281406_124.JPEG	1	1	29	31
n02281406_125.JPEG	5	6	52	53
n02281406_126.JPEG	26	19	53	39
n02281406_127.JPEG	32	26	49	44
n02281406_128.JPEG	20	27	37	39
n02281406_129.JPEG	0	1	63	63
n02281406_130.JPEG	1	1	63	58
n02281406_131.JPEG	12	20	38	44
n02281406_132.JPEG	0	10	46	52
n02281406_133.JPEG	0	8	50	56
n02281406_134.JPEG	20	18	43	45
n02281406_135.JPEG	8	11	47	45
n02281406_136.JPEG	3	3	61	41
n02281406_137.JPEG	6	9	50	56
n02281406_138.JPEG	20	30	47	63
n02281406_139.JPEG	14	23	48	45
n02281406_140.JPEG	0	9	46	54
n02281406_141.JPEG	9	2	56	53
n02281406_142.JPEG	32	16	63	53
n02281406_143.JPEG	0	3	63	62
n02281406_144.JPEG	2	0	61	63
n02281406_145.JPEG	13	12	57	63
n02281406_146.JPEG	0	4	63	60
n02281406_147.JPEG	8	10	57	55
n02281406_148.JPEG	18	15	50	45
n02281406_149.JPEG	0	3	63	62
n02281406_150.JPEG	21	18	48	50
n02281406_151.JPEG	19	18	42	38
n02281406_152.JPEG	0	11	33	57
n02281406_153.JPEG	5	26	43	61
n02281406_154.JPEG	27	16	62	55
n02281406_155.JPEG	23	19	58	56
n02281406_156.JPEG	13	15	54	55
n02281406_157.JPEG	0	0	63	63
n02281406_158.JPEG	5	8	57	57
n02281406_159.JPEG	0	12	46	56
n02281406_160.JPEG	3	5	63	60
n02281406_161.JPEG	32	12	61	39
n02281406_162.JPEG	11	9	60	59
n02281406_163.JPEG	11	19	41	54
n02281406_164.JPEG	10	5	63	56
n02281406_165.JPEG	28	17	53	44
n02281406_166.JPEG	38	9	61	30
n02281406_167.JPEG	0	8	63	63
n02281406_168.JPEG	21	5	56	40
n02281406_169.JPEG	32	14	63	46
n02281406_170.JPEG	0	16	38	57
n02281406_171.JPEG	23	28	63	57
n02281406_172.JPEG	9	15	41	48
n02281406_173.JPEG	0	15	33	53
n02281406_174.JPEG	17	8	63	43
n02281406_175.JPEG	36	7	53	25
n02281406_176.JPEG	4	1	63	63
n02281406_177.JPEG	0	2	55	53
n02281406_178.JPEG	0	8	63	56
n02281406_179.JPEG	6	9	43	41
n02281406_180.JPEG	4	0	61	63
n02281406_181.JPEG	16	24	63	63
n02281406_182.JPEG	0	8	26	49
n02281406_183.JPEG	11	2	63	59
n02281406_184.JPEG	0	23	53	61
n02281406_185.JPEG	26	16	55	45
n02281406_186.JPEG	19	22	50	52
n02281406_187.JPEG	23	19	46	47
n02281406_188.JPEG	0	15	54	50
n02281406_189.JPEG	3	13	56	56
n02281406_190.JPEG	3	9	54	56
n02281406_191.JPEG	1	7	63	55
n02281406_192.JPEG	3	0	52	44
n02281406_193.JPEG	6	47	36	63
n02281406_194.JPEG	12	7	39	44
n02281406_195.JPEG	7	15	63	59
n02281406_196.JPEG	20	15	46	37
n02281406_197.JPEG	5	0	59	55
n02281406_198.JPEG	14	12	55	57
n02281406_199.JPEG	10	16	52	44
n02281406_200.JPEG	0	9	45	57
n02281406_201.JPEG	8	8	57	55
n02281406_202.JPEG	36	9	63	52
n02281406_203.JPEG	0	14	48	51
n02281406_204.JPEG	14	8	46	36
n02281406_205.JPEG	16	10	58	56
n02281406_206.JPEG	31	9	56	42
n02281406_207.JPEG	11	13	53	47
n02281406_208.JPEG	2	0	63	54
n02281406_209.JPEG	9	0	51	63
n02281406_210.JPEG	24	14	53	43
n02281406_211.JPEG	4	3	47	43
n02281406_212.JPEG	4	6	58	59
n02281406_213.JPEG	10	10	54	56
n02281406_214.JPEG	6	17	62	47
n02281406_215.JPEG	27	9	63	57
n02281406_216.JPEG	15	16	49	60
n02281406_217.JPEG	9	17	52	52
n02281406_218.JPEG	16	7	52	49
n02281406_219.JPEG	25	3	63	44
n02281406_220.JPEG	8	12	54	48
n02281406_221.JPEG	0	5	30	41
n02281406_222.JPEG	14	3	63	63
n02281406_223.JPEG	0	1	63	61
n02281406_224.JPEG	20	18	43	44
n02281406_225.JPEG	24	0	57	43
n02281406_226.JPEG	9	8	53	44
n02281406_227.JPEG	0	14	36	54
n02281406_228.JPEG	22	17	60	51
n02281406_229.JPEG	27	13	60	41
n02281406_230.JPEG	15	14	48	54
n02281406_231.JPEG	38	1	63	42
n02281406_232.JPEG	0	5	63	60
n02281406_233.JPEG	9	11	62	56
n02281406_234.JPEG	16	10	49	42
n02281406_235.JPEG	30	21	49	35
n02281406_236.JPEG	0	9	63	59
n02281406_237.JPEG	9	12	53	62
n02281406_238.JPEG	7	13	45	56
n02281406_239.JPEG	27	29	63	59
n02281406_240.JPEG	11	13	39	59
n02281406_241.JPEG	9	8	51	57
n02281406_242.JPEG	4	11	48	50
n02281406_243.JPEG	0	3	62	58
n02281406_244.JPEG	16	15	50	47
n02281406_245.JPEG	1	14	37	45
n02281406_246.JPEG	15	1	63	56
n02281406_247.JPEG	0	14	50	59
n02281406_248.JPEG	25	19	40	37
n02281406_249.JPEG	7	6	58	62
n02281406_250.JPEG	8	11	53	53
n02281406_251.JPEG	7	12	48	56
n02281406_252.JPEG	0	0	56	63
n02281406_253.JPEG	16	14	34	33
n02281406_254.JPEG	10	7	63	58
n02281406_255.JPEG	32	20	57	46
n02281406_256.JPEG	0	9	36	45
n02281406_257.JPEG	13	13	54	47
n02281406_258.JPEG	6	8	63	56
n02281406_259.JPEG	0	6	52	57
n02281406_260.JPEG	0	26	63	63
n02281406_261.JPEG	12	14	57	51
n02281406_262.JPEG	1	0	54	63
n02281406_263.JPEG	15	7	63	45
n02281406_264.JPEG	0	2	47	51
n02281406_265.JPEG	17	10	46	34
n02281406_266.JPEG	0	8	51	56
n02281406_267.JPEG	5	4	60	62
n02281406_268.JPEG	13	3	51	63
n02281406_269.JPEG	19	11	53	60
n02281406_270.JPEG	15	0	61	50
n02281406_271.JPEG	3	14	56	50
n02281406_272.JPEG	5	17	33	43
n02281406_273.JPEG	9	6	61	58
n02281406_274.JPEG	1	9	62	54
n02281406_275.JPEG	0	6	63	62
n02281406_276.JPEG	24	25	49	47
n02281406_277.JPEG	19	19	57	58
n02281406_278.JPEG	24	15	63	54
n02281406_279.JPEG	3	21	25	48
n02281406_280.JPEG	0	0	63	63
n02281406_281.JPEG	15	20	52	55
n02281406_282.JPEG	0	2	51	63
n02281406_283.JPEG	4	9	43	63
n02281406_284.JPEG	22	5	44	37
n02281406_285.JPEG	28	5	63	53
n02281406_286.JPEG	19	13	40	49
n02281406_287.JPEG	7	4	56	57
n02281406_288.JPEG	3	15	62	45
n02281406_289.JPEG	16	18	63	59
n02281406_290.JPEG	0	19	35	57
n02281406_291.JPEG	20	26	50	56
n02281406_292.JPEG	18	12	61	57
n02281406_293.JPEG	0	4	63	58
n02281406_294.JPEG	0	12	35	50
n02281406_295.JPEG	9	19	50	50
n02281406_296.JPEG	4	5	63	63
n02281406_297.JPEG	8	0	44	63
n02281406_298.JPEG	13	12	63	50
n02281406_299.JPEG	4	0	61	54
n02281406_300.JPEG	0	3	50	53
n02281406_301.JPEG	0	8	44	48
n02281406_302.JPEG	29	9	50	34
n02281406_303.JPEG	4	2	52	60
n02281406_304.JPEG	4	9	46	41
n02281406_305.JPEG	3	6	40	48
n02281406_306.JPEG	5	6	54	49
n02281406_307.JPEG	5	6	62	61
n02281406_308.JPEG	6	8	36	57
n02281406_309.JPEG	3	0	31	26
n02281406_310.JPEG	17	7	63	46
n02281406_311.JPEG	0	3	63	62
n02281406_312.JPEG	14	14	47	58
n02281406_313.JPEG	0	6	63	61
n02281406_314.JPEG	5	12	55	60
n02281406_315.JPEG	38	26	63	61
n02281406_316.JPEG	16	21	55	52
n02281406_317.JPEG	2	4	38	59
n02281406_318.JPEG	23	7	63	48
n02281406_319.JPEG	0	21	30	43
n02281406_320.JPEG	10	3	51	39
n02281406_321.JPEG	8	18	35	61
n02281406_322.JPEG	0	3	63	56
n02281406_323.JPEG	9	5	63	60
n02281406_324.JPEG	22	18	60	50
n02281406_325.JPEG	5	0	42	63
n02281406_326.JPEG	14	7	54	51
n02281406_327.JPEG	10	16	43	58
n02281406_328.JPEG	25	6	63	51
n02281406_329.JPEG	0	36	0	51
n02281406_330.JPEG	22	2	63	53
n02281406_331.JPEG	7	22	44	52
n02281406_332.JPEG	11	13	45	47
n02281406_333.JPEG	12	16	55	59
n02281406_334.JPEG	25	23	42	40
n02281406_335.JPEG	14	11	59	55
n02281406_336.JPEG	3	8	58	59
n02281406_337.JPEG	11	8	41	31
n02281406_338.JPEG	9	6	50	45
n02281406_339.JPEG	0	20	48	62
n02281406_340.JPEG	28	9	63	58
n02281406_341.JPEG	17	2	63	54
n02281406_342.JPEG	10	3	55	47
n02281406_343.JPEG	15	20	41	49
n02281406_344.JPEG	0	2	46	59
n02281406_345.JPEG	36	13	63	53
n02281406_346.JPEG	9	0	62	63
n02281406_347.JPEG	6	10	39	38
n02281406_348.JPEG	18	17	51	46
n02281406_349.JPEG	0	3	57	58
n02281406_350.JPEG	0	12	37	47
n02281406_351.JPEG	19	11	46	43
n02281406_352.JPEG	0	20	37	57
n02281406_353.JPEG	13	11	63	49
n02281406_354.JPEG	15	17	60	55
n02281406_355.JPEG	0	0	63	58
n02281406_356.JPEG	0	1	58	63
n02281406_357.JPEG	14	5	55	44
n02281406_358.JPEG	0	7	63	63
n02281406_359.JPEG	6	24	40	49
n02281406_360.JPEG	9	0	58	63
n02281406_361.JPEG	2	7	53	58
n02281406_362.JPEG	3	9	63	56
n02281406_363.JPEG	18	11	61	63
n02281406_364.JPEG	11	6	56	48
n02281406_365.JPEG	20	12	63	60
n02281406_366.JPEG	12	12	52	43
n02281406_367.JPEG	3	20	55	57
n02281406_368.JPEG	13	14	42	41
n02281406_369.JPEG	9	1	63	63
n02281406_370.JPEG	33	19	63	51
n02281406_371.JPEG	7	1	63	49
n02281406_372.JPEG	8	19	25	45
n02281406_373.JPEG	21	7	62	48
n02281406_374.JPEG	4	10	47	55
n02281406_375.JPEG	0	5	63	58
n02281406_376.JPEG	0	4	63	61
n02281406_377.JPEG	0	5	63	62
n02281406_378.JPEG	0	8	52	50
n02281406_379.JPEG	13	1	48	53
n02281406_380.JPEG	3	0	63	63
n02281406_381.JPEG	3	2	60	63
n02281406_382.JPEG	6	13	55	52
n02281406_383.JPEG	4	4	57	62
n02281406_384.JPEG	0	2	57	61
n02281406_385.JPEG	4	4	63	63
n02281406_386.JPEG	4	4	55	59
n02281406_387.JPEG	1	5	60	63
n02281406_388.JPEG	0	4	49	61
n02281406_389.JPEG	14	5	55	40
n02281406_390.JPEG	6	5	47	61
n02281406_391.JPEG	3	4	62	63
n02281406_392.JPEG	25	3	63	61
n02281406_393.JPEG	28	13	63	46
n02281406_394.JPEG	15	13	42	42
n02281406_395.JPEG	6	11	40	39
n02281406_396.JPEG	22	15	58	47
n02281406_397.JPEG	0	17	32	49
n02281406_398.JPEG	9	13	52	57
n02281406_399.JPEG	10	3	58	61
n02281406_400.JPEG	10	18	36	46
n02281406_401.JPEG	35	20	56	40
n02281406_402.JPEG	11	24	32	46
n02281406_403.JPEG	6	13	63	50
n02281406_404.JPEG	13	16	46	53
n02281406_405.JPEG	1	0	62	58
n02281406_406.JPEG	26	27	45	42
n02281406_407.JPEG	18	9	63	61
n02281406_408.JPEG	21	14	63	59
n02281406_409.JPEG	11	10	53	51
n02281406_410.JPEG	25	22	46	38
n02281406_411.JPEG	7	11	53	54
n02281406_412.JPEG	19	20	50	45
n02281406_413.JPEG	18	15	44	47
n02281406_414.JPEG	5	7	45	38
n02281406_415.JPEG	25	12	46	41
n02281406_416.JPEG	0	17	35	50
n02281406_417.JPEG	0	11	63	63
n02281406_418.JPEG	0	8	63	58
n02281406_419.JPEG	6	3	62	57
n02281406_420.JPEG	0	0	63	53
n02281406_421.JPEG	5	17	30	38
n02281406_422.JPEG	22	10	47	33
n02281406_423.JPEG	9	14	50	53
n02281406_424.JPEG	14	17	50	48
n02281406_425.JPEG	3	1	51	58
n02281406_426.JPEG	10	9	29	32
n02281406_427.JPEG	0	23	36	56
n02281406_428.JPEG	8	0	54	37
n02281406_429.JPEG	27	10	63	53
n02281406_430.JPEG	7	7	52	52
n02281406_431.JPEG	29	2	63	58
n02281406_432.JPEG	15	7	62	55
n02281406_433.JPEG	6	14	42	40
n02281406_434.JPEG	10	7	63	59
n02281406_435.JPEG	16	26	47	63
n02281406_436.JPEG	5	5	41	44
n02281406_437.JPEG	7	13	28	41
n02281406_438.JPEG	9	5	63	57
n02281406_439.JPEG	11	14	48	46
n02281406_440.JPEG	36	15	60	40
n02281406_441.JPEG	10	4	54	59
n02281406_442.JPEG	23	16	60	52
n02281406_443.JPEG	18	13	56	49
n02281406_444.JPEG	13	9	36	33
n02281406_445.JPEG	16	26	45	44
n02281406_446.JPEG	21	5	50	58
n02281406_447.JPEG	0	7	49	63
n02281406_448.JPEG	32	23	63	53
n02281406_449.JPEG	20	8	63	53
n02281406_450.JPEG	0	4	63	63
n02281406_451.JPEG	9	18	54	47
n02281406_452.JPEG	0	11	61	47
n02281406_453.JPEG	14	12	63	62
n02281406_454.JPEG	19	18	57	47
n02281406_455.JPEG	25	9	51	59
n02281406_456.JPEG	9	18	54	53
n02281406_457.JPEG	22	15	52	43
n02281406_458.JPEG	4	4	57	63
n02281406_459.JPEG	19	11	62	58
n02281406_460.JPEG	7	17	39	57
n02281406_461.JPEG	5	6	48	52
n02281406_462.JPEG	19	2	49	36
n02281406_463.JPEG	1	5	54	55
n02281406_464.JPEG	5	12	36	44
n02281406_465.JPEG	2	0	38	45
n02281406_466.JPEG	20	13	53	48
n02281406_467.JPEG	3	8	42	47
n02281406_468.JPEG	25	9	61	41
n02281406_469.JPEG	21	14	63	62
n02281406_470.JPEG	40	10	63	33
n02281406_471.JPEG	4	18	39	48
n02281406_472.JPEG	12	0	63	62
n02281406_473.JPEG	16	20	48	41
n02281406_474.JPEG	13	5	61	58
n02281406_475.JPEG	25	11	63	55
n02281406_476.JPEG	4	6	63	49
n02281406_477.JPEG	19	26	43	63
n02281406_478.JPEG	16	10	54	48
n02281406_479.JPEG	16	11	45	44
n02281406_480.JPEG	24	25	52	47
n02281406_481.JPEG	7	7	47	44
n02281406_482.JPEG	13	9	49	38
n02281406_483.JPEG	29	24	57	56
n02281406_484.JPEG	0	4	47	49
n02281406_485.JPEG	9	10	53	53
n02281406_486.JPEG	10	9	38	39
n02281406_487.JPEG	5	12	63	63
n02281406_488.JPEG	8	5	59	58
n02281406_489.JPEG	0	4	23	31
n02281406_490.JPEG	10	10	63	55
n02281406_491.JPEG	0	13	57	60
n02281406_492.JPEG	10	13	47	50
n02281406_493.JPEG	30	10	63	54
n02281406_494.JPEG	34	13	62	44
n02281406_495.JPEG	8	0	56	61
n02281406_496.JPEG	11	19	52	51
n02281406_497.JPEG	0	15	46	51
n02281406_498.JPEG	14	6	63	51
n02281406_499.JPEG	0	16	63	59
