n02437312_0.JPEG	0	19	63	63
n02437312_1.JPEG	11	12	63	63
n02437312_2.JPEG	21	37	47	58
n02437312_3.JPEG	16	21	44	47
n02437312_4.JPEG	3	1	59	63
n02437312_5.JPEG	0	13	34	61
n02437312_6.JPEG	2	9	56	56
n02437312_7.JPEG	0	16	33	63
n02437312_8.JPEG	0	11	63	63
n02437312_9.JPEG	0	16	63	63
n02437312_10.JPEG	4	7	57	55
n02437312_11.JPEG	3	11	63	63
n02437312_12.JPEG	1	4	60	63
n02437312_13.JPEG	2	18	53	63
n02437312_14.JPEG	31	12	61	63
n02437312_15.JPEG	0	7	63	63
n02437312_16.JPEG	0	38	46	63
n02437312_17.JPEG	0	9	60	60
n02437312_18.JPEG	2	0	63	63
n02437312_19.JPEG	8	21	53	56
n02437312_20.JPEG	0	18	63	63
n02437312_21.JPEG	29	23	63	57
n02437312_22.JPEG	0	31	12	54
n02437312_23.JPEG	34	37	48	63
n02437312_24.JPEG	27	22	58	56
n02437312_25.JPEG	0	7	50	63
n02437312_26.JPEG	0	4	43	63
n02437312_27.JPEG	0	0	60	63
n02437312_28.JPEG	15	18	36	42
n02437312_29.JPEG	0	6	63	61
n02437312_30.JPEG	0	8	63	63
n02437312_31.JPEG	13	7	59	63
n02437312_32.JPEG	0	1	63	63
n02437312_33.JPEG	24	16	54	63
n02437312_34.JPEG	0	25	18	39
n02437312_35.JPEG	2	3	63	63
n02437312_36.JPEG	6	25	51	63
n02437312_37.JPEG	20	18	55	60
n02437312_38.JPEG	4	5	61	60
n02437312_39.JPEG	0	0	63	63
n02437312_40.JPEG	2	4	62	61
n02437312_41.JPEG	6	9	54	63
n02437312_42.JPEG	0	10	63	59
n02437312_43.JPEG	0	13	63	46
n02437312_44.JPEG	0	5	49	58
n02437312_45.JPEG	4	12	63	54
n02437312_46.JPEG	31	23	55	43
n02437312_47.JPEG	0	18	47	63
n02437312_48.JPEG	4	8	63	58
n02437312_49.JPEG	30	14	63	63
n02437312_50.JPEG	16	5	42	62
n02437312_51.JPEG	6	17	63	46
n02437312_52.JPEG	16	14	57	47
n02437312_53.JPEG	0	3	63	62
n02437312_54.JPEG	0	1	63	63
n02437312_55.JPEG	12	10	54	58
n02437312_56.JPEG	0	4	63	61
n02437312_57.JPEG	29	22	61	53
n02437312_58.JPEG	7	15	55	60
n02437312_59.JPEG	5	18	57	61
n02437312_60.JPEG	7	0	53	62
n02437312_61.JPEG	32	26	47	39
n02437312_62.JPEG	22	11	43	56
n02437312_63.JPEG	0	13	57	61
n02437312_64.JPEG	0	13	49	63
n02437312_65.JPEG	4	18	33	55
n02437312_66.JPEG	0	0	63	63
n02437312_67.JPEG	3	28	54	59
n02437312_68.JPEG	0	5	63	63
n02437312_69.JPEG	25	22	51	54
n02437312_70.JPEG	1	4	63	60
n02437312_71.JPEG	8	34	50	63
n02437312_72.JPEG	0	18	37	51
n02437312_73.JPEG	0	11	62	63
n02437312_74.JPEG	9	29	36	63
n02437312_75.JPEG	20	17	44	52
n02437312_76.JPEG	13	16	55	58
n02437312_77.JPEG	0	13	55	63
n02437312_78.JPEG	21	30	55	60
n02437312_79.JPEG	0	22	24	54
n02437312_80.JPEG	12	16	63	57
n02437312_81.JPEG	3	1	54	58
n02437312_82.JPEG	4	19	63	63
n02437312_83.JPEG	0	11	59	63
n02437312_84.JPEG	16	12	63	63
n02437312_85.JPEG	3	5	62	59
n02437312_86.JPEG	10	21	47	47
n02437312_87.JPEG	0	10	61	63
n02437312_88.JPEG	25	33	36	46
n02437312_89.JPEG	0	7	61	61
n02437312_90.JPEG	1	10	63	58
n02437312_91.JPEG	0	30	63	63
n02437312_92.JPEG	0	6	63	62
n02437312_93.JPEG	21	18	63	63
n02437312_94.JPEG	10	18	55	60
n02437312_95.JPEG	31	11	50	60
n02437312_96.JPEG	20	14	63	60
n02437312_97.JPEG	16	3	56	38
n02437312_98.JPEG	0	23	36	55
n02437312_99.JPEG	18	15	63	63
n02437312_100.JPEG	3	11	53	47
n02437312_101.JPEG	0	34	26	63
n02437312_102.JPEG	40	20	63	56
n02437312_103.JPEG	7	13	60	52
n02437312_104.JPEG	33	1	63	63
n02437312_105.JPEG	7	6	63	63
n02437312_106.JPEG	0	17	62	63
n02437312_107.JPEG	15	0	63	63
n02437312_108.JPEG	7	7	63	63
n02437312_109.JPEG	0	10	63	56
n02437312_110.JPEG	5	7	63	48
n02437312_111.JPEG	28	16	49	40
n02437312_112.JPEG	0	13	63	63
n02437312_113.JPEG	4	10	52	62
n02437312_114.JPEG	0	12	63	63
n02437312_115.JPEG	0	6	63	63
n02437312_116.JPEG	0	14	63	62
n02437312_117.JPEG	12	19	62	54
n02437312_118.JPEG	40	16	63	42
n02437312_119.JPEG	11	25	39	39
n02437312_120.JPEG	0	1	63	62
n02437312_121.JPEG	0	4	62	52
n02437312_122.JPEG	4	11	61	50
n02437312_123.JPEG	6	4	62	63
n02437312_124.JPEG	9	4	63	63
n02437312_125.JPEG	0	15	62	61
n02437312_126.JPEG	19	0	45	55
n02437312_127.JPEG	4	0	63	63
n02437312_128.JPEG	0	0	43	63
n02437312_129.JPEG	0	2	59	62
n02437312_130.JPEG	16	18	56	52
n02437312_131.JPEG	9	12	59	63
n02437312_132.JPEG	16	18	62	57
n02437312_133.JPEG	0	10	63	63
n02437312_134.JPEG	7	18	56	60
n02437312_135.JPEG	0	0	52	63
n02437312_136.JPEG	1	2	63	57
n02437312_137.JPEG	0	15	32	63
n02437312_138.JPEG	5	0	57	63
n02437312_139.JPEG	13	22	63	63
n02437312_140.JPEG	11	6	47	63
n02437312_141.JPEG	17	3	53	63
n02437312_142.JPEG	3	3	55	63
n02437312_143.JPEG	42	29	59	42
n02437312_144.JPEG	21	20	63	63
n02437312_145.JPEG	20	15	63	63
n02437312_146.JPEG	0	0	63	59
n02437312_147.JPEG	9	8	63	63
n02437312_148.JPEG	0	3	63	63
n02437312_149.JPEG	0	9	57	63
n02437312_150.JPEG	18	15	58	63
n02437312_151.JPEG	0	23	42	59
n02437312_152.JPEG	29	17	63	61
n02437312_153.JPEG	5	12	51	60
n02437312_154.JPEG	0	21	57	63
n02437312_155.JPEG	0	32	57	63
n02437312_156.JPEG	0	7	38	63
n02437312_157.JPEG	0	32	0	45
n02437312_158.JPEG	0	16	34	63
n02437312_159.JPEG	5	0	63	63
n02437312_160.JPEG	11	12	55	63
n02437312_161.JPEG	0	15	38	63
n02437312_162.JPEG	0	9	63	63
n02437312_163.JPEG	0	18	45	57
n02437312_164.JPEG	0	5	63	63
n02437312_165.JPEG	5	4	59	50
n02437312_166.JPEG	37	14	63	63
n02437312_167.JPEG	11	23	46	46
n02437312_168.JPEG	1	8	56	63
n02437312_169.JPEG	9	14	58	61
n02437312_170.JPEG	6	10	63	63
n02437312_171.JPEG	0	10	63	63
n02437312_172.JPEG	0	14	63	63
n02437312_173.JPEG	13	5	63	63
n02437312_174.JPEG	16	23	43	63
n02437312_175.JPEG	8	5	40	63
n02437312_176.JPEG	34	31	57	58
n02437312_177.JPEG	0	0	34	63
n02437312_178.JPEG	10	23	63	63
n02437312_179.JPEG	7	15	53	59
n02437312_180.JPEG	16	7	63	63
n02437312_181.JPEG	13	21	53	51
n02437312_182.JPEG	0	6	56	52
n02437312_183.JPEG	15	6	45	63
n02437312_184.JPEG	3	0	59	63
n02437312_185.JPEG	0	3	63	63
n02437312_186.JPEG	0	13	58	63
n02437312_187.JPEG	14	12	55	47
n02437312_188.JPEG	30	24	54	63
n02437312_189.JPEG	0	14	63	60
n02437312_190.JPEG	1	10	46	63
n02437312_191.JPEG	0	15	63	63
n02437312_192.JPEG	4	6	63	63
n02437312_193.JPEG	2	20	53	53
n02437312_194.JPEG	5	8	59	59
n02437312_195.JPEG	40	19	47	35
n02437312_196.JPEG	0	11	50	41
n02437312_197.JPEG	20	25	63	63
n02437312_198.JPEG	0	1	63	63
n02437312_199.JPEG	7	13	63	61
n02437312_200.JPEG	0	0	63	63
n02437312_201.JPEG	0	10	47	63
n02437312_202.JPEG	56	14	63	50
n02437312_203.JPEG	1	2	61	63
n02437312_204.JPEG	1	15	62	63
n02437312_205.JPEG	0	0	63	63
n02437312_206.JPEG	20	12	35	49
n02437312_207.JPEG	8	19	50	63
n02437312_208.JPEG	0	10	63	57
n02437312_209.JPEG	27	13	63	63
n02437312_210.JPEG	7	10	57	57
n02437312_211.JPEG	0	5	62	59
n02437312_212.JPEG	1	13	63	60
n02437312_213.JPEG	0	5	63	63
n02437312_214.JPEG	21	19	52	53
n02437312_215.JPEG	18	7	43	60
n02437312_216.JPEG	3	1	63	63
n02437312_217.JPEG	13	30	43	51
n02437312_218.JPEG	6	24	63	63
n02437312_219.JPEG	0	11	63	51
n02437312_220.JPEG	14	21	63	63
n02437312_221.JPEG	9	28	63	63
n02437312_222.JPEG	16	19	63	63
n02437312_223.JPEG	15	14	58	63
n02437312_224.JPEG	17	6	63	53
n02437312_225.JPEG	19	25	47	50
n02437312_226.JPEG	11	14	50	43
n02437312_227.JPEG	0	14	63	57
n02437312_228.JPEG	10	16	47	53
n02437312_229.JPEG	6	23	41	59
n02437312_230.JPEG	31	14	63	63
n02437312_231.JPEG	42	13	63	58
n02437312_232.JPEG	0	1	63	63
n02437312_233.JPEG	3	0	62	63
n02437312_234.JPEG	14	18	31	55
n02437312_235.JPEG	1	7	63	63
n02437312_236.JPEG	22	15	63	57
n02437312_237.JPEG	5	0	63	63
n02437312_238.JPEG	15	16	45	56
n02437312_239.JPEG	20	15	50	44
n02437312_240.JPEG	6	13	52	60
n02437312_241.JPEG	0	1	63	63
n02437312_242.JPEG	0	6	63	63
n02437312_243.JPEG	0	1	63	61
n02437312_244.JPEG	17	1	63	63
n02437312_245.JPEG	0	4	28	31
n02437312_246.JPEG	0	1	63	62
n02437312_247.JPEG	7	19	63	63
n02437312_248.JPEG	0	0	63	63
n02437312_249.JPEG	5	21	21	54
n02437312_250.JPEG	10	21	47	48
n02437312_251.JPEG	0	16	41	63
n02437312_252.JPEG	49	34	63	50
n02437312_253.JPEG	2	5	63	52
n02437312_254.JPEG	0	9	63	63
n02437312_255.JPEG	9	8	63	63
n02437312_256.JPEG	8	12	49	63
n02437312_257.JPEG	23	7	63	63
n02437312_258.JPEG	9	17	63	63
n02437312_259.JPEG	1	0	63	63
n02437312_260.JPEG	19	18	52	48
n02437312_261.JPEG	3	31	63	63
n02437312_262.JPEG	15	14	57	56
n02437312_263.JPEG	0	1	63	63
n02437312_264.JPEG	1	0	61	63
n02437312_265.JPEG	0	0	63	62
n02437312_266.JPEG	13	0	49	63
n02437312_267.JPEG	11	0	54	63
n02437312_268.JPEG	0	14	54	63
n02437312_269.JPEG	2	4	63	63
n02437312_270.JPEG	5	6	62	52
n02437312_271.JPEG	0	11	59	56
n02437312_272.JPEG	11	46	28	63
n02437312_273.JPEG	0	11	60	45
n02437312_274.JPEG	0	14	63	61
n02437312_275.JPEG	0	11	63	63
n02437312_276.JPEG	7	7	45	60
n02437312_277.JPEG	0	8	39	55
n02437312_278.JPEG	0	7	63	63
n02437312_279.JPEG	0	5	55	63
n02437312_280.JPEG	5	21	31	63
n02437312_281.JPEG	49	12	63	63
n02437312_282.JPEG	8	8	62	58
n02437312_283.JPEG	13	23	63	62
n02437312_284.JPEG	0	12	63	63
n02437312_285.JPEG	16	1	63	63
n02437312_286.JPEG	0	22	36	46
n02437312_287.JPEG	29	20	58	55
n02437312_288.JPEG	1	24	32	56
n02437312_289.JPEG	3	6	63	63
n02437312_290.JPEG	0	0	63	63
n02437312_291.JPEG	0	18	42	63
n02437312_292.JPEG	0	13	53	60
n02437312_293.JPEG	0	1	63	63
n02437312_294.JPEG	18	23	49	51
n02437312_295.JPEG	7	11	59	63
n02437312_296.JPEG	14	24	37	43
n02437312_297.JPEG	0	14	63	56
n02437312_298.JPEG	0	7	63	63
n02437312_299.JPEG	0	9	63	63
n02437312_300.JPEG	7	12	63	63
n02437312_301.JPEG	6	17	49	63
n02437312_302.JPEG	24	26	48	51
n02437312_303.JPEG	0	13	34	58
n02437312_304.JPEG	6	4	63	63
n02437312_305.JPEG	0	6	57	63
n02437312_306.JPEG	7	25	59	63
n02437312_307.JPEG	23	18	60	56
n02437312_308.JPEG	0	20	63	52
n02437312_309.JPEG	14	1	63	63
n02437312_310.JPEG	11	26	61	57
n02437312_311.JPEG	0	32	27	56
n02437312_312.JPEG	0	13	55	59
n02437312_313.JPEG	0	16	44	60
n02437312_314.JPEG	0	16	32	63
n02437312_315.JPEG	0	9	63	63
n02437312_316.JPEG	0	2	63	63
n02437312_317.JPEG	0	1	63	63
n02437312_318.JPEG	4	10	63	59
n02437312_319.JPEG	0	8	63	60
n02437312_320.JPEG	0	39	29	59
n02437312_321.JPEG	0	24	26	52
n02437312_322.JPEG	0	27	63	63
n02437312_323.JPEG	24	0	63	63
n02437312_324.JPEG	12	30	43	63
n02437312_325.JPEG	0	13	30	63
n02437312_326.JPEG	0	5	63	60
n02437312_327.JPEG	0	19	23	46
n02437312_328.JPEG	0	26	45	61
n02437312_329.JPEG	30	13	50	34
n02437312_330.JPEG	1	30	20	39
n02437312_331.JPEG	0	4	63	63
n02437312_332.JPEG	44	21	51	48
n02437312_333.JPEG	14	7	63	62
n02437312_334.JPEG	1	8	63	63
n02437312_335.JPEG	0	17	53	43
n02437312_336.JPEG	0	13	55	63
n02437312_337.JPEG	6	15	63	63
n02437312_338.JPEG	0	10	36	47
n02437312_339.JPEG	4	3	63	63
n02437312_340.JPEG	0	0	63	63
n02437312_341.JPEG	2	20	63	63
n02437312_342.JPEG	0	0	61	63
n02437312_343.JPEG	14	17	53	63
n02437312_344.JPEG	0	3	63	63
n02437312_345.JPEG	27	21	63	51
n02437312_346.JPEG	0	18	50	63
n02437312_347.JPEG	3	2	56	63
n02437312_348.JPEG	7	19	63	59
n02437312_349.JPEG	24	0	63	41
n02437312_350.JPEG	0	3	63	60
n02437312_351.JPEG	1	10	49	63
n02437312_352.JPEG	15	7	51	63
n02437312_353.JPEG	4	5	57	63
n02437312_354.JPEG	33	11	59	40
n02437312_355.JPEG	14	6	63	63
n02437312_356.JPEG	11	9	63	63
n02437312_357.JPEG	0	9	63	63
n02437312_358.JPEG	10	0	51	63
n02437312_359.JPEG	0	2	63	62
n02437312_360.JPEG	0	13	63	63
n02437312_361.JPEG	0	0	63	63
n02437312_362.JPEG	2	1	54	63
n02437312_363.JPEG	0	3	53	63
n02437312_364.JPEG	0	7	63	63
n02437312_365.JPEG	0	15	55	60
n02437312_366.JPEG	1	18	38	56
n02437312_367.JPEG	0	6	53	57
n02437312_368.JPEG	4	12	61	60
n02437312_369.JPEG	3	23	30	54
n02437312_370.JPEG	34	5	63	63
n02437312_371.JPEG	38	41	51	54
n02437312_372.JPEG	13	13	48	58
n02437312_373.JPEG	0	1	59	63
n02437312_374.JPEG	9	8	63	63
n02437312_375.JPEG	0	1	46	63
n02437312_376.JPEG	1	19	37	48
n02437312_377.JPEG	7	8	52	56
n02437312_378.JPEG	44	44	59	56
n02437312_379.JPEG	0	5	40	38
n02437312_380.JPEG	20	23	30	50
n02437312_381.JPEG	9	18	50	54
n02437312_382.JPEG	25	28	63	63
n02437312_383.JPEG	0	6	63	63
n02437312_384.JPEG	9	0	51	63
n02437312_385.JPEG	15	14	49	59
n02437312_386.JPEG	0	4	63	63
n02437312_387.JPEG	21	28	28	39
n02437312_388.JPEG	5	0	61	63
n02437312_389.JPEG	14	1	63	52
n02437312_390.JPEG	0	0	63	63
n02437312_391.JPEG	0	8	63	63
n02437312_392.JPEG	4	16	41	63
n02437312_393.JPEG	0	24	51	63
n02437312_394.JPEG	27	32	36	44
n02437312_395.JPEG	7	12	63	63
n02437312_396.JPEG	3	4	61	63
n02437312_397.JPEG	24	26	42	40
n02437312_398.JPEG	1	0	56	58
n02437312_399.JPEG	17	21	52	50
n02437312_400.JPEG	0	1	63	63
n02437312_401.JPEG	9	0	61	63
n02437312_402.JPEG	13	25	40	54
n02437312_403.JPEG	14	3	51	63
n02437312_404.JPEG	0	18	52	63
n02437312_405.JPEG	3	22	15	52
n02437312_406.JPEG	0	1	63	63
n02437312_407.JPEG	28	4	63	63
n02437312_408.JPEG	19	25	46	45
n02437312_409.JPEG	43	22	63	61
n02437312_410.JPEG	10	10	63	57
n02437312_411.JPEG	19	1	57	63
n02437312_412.JPEG	0	6	63	63
n02437312_413.JPEG	14	5	56	63
n02437312_414.JPEG	39	32	63	51
n02437312_415.JPEG	13	6	58	51
n02437312_416.JPEG	42	11	63	56
n02437312_417.JPEG	11	10	63	60
n02437312_418.JPEG	4	8	63	60
n02437312_419.JPEG	1	20	59	41
n02437312_420.JPEG	0	16	51	51
n02437312_421.JPEG	6	20	56	63
n02437312_422.JPEG	0	28	57	63
n02437312_423.JPEG	0	11	50	63
n02437312_424.JPEG	35	29	51	46
n02437312_425.JPEG	31	13	55	55
n02437312_426.JPEG	31	17	45	30
n02437312_427.JPEG	30	13	63	61
n02437312_428.JPEG	0	14	50	63
n02437312_429.JPEG	0	1	63	63
n02437312_430.JPEG	0	12	62	62
n02437312_431.JPEG	0	7	63	63
n02437312_432.JPEG	22	12	63	62
n02437312_433.JPEG	12	23	47	42
n02437312_434.JPEG	19	14	56	44
n02437312_435.JPEG	27	12	63	63
n02437312_436.JPEG	1	6	61	60
n02437312_437.JPEG	13	42	57	63
n02437312_438.JPEG	32	57	46	63
n02437312_439.JPEG	19	0	63	63
n02437312_440.JPEG	18	18	36	63
n02437312_441.JPEG	0	0	57	63
n02437312_442.JPEG	0	8	49	63
n02437312_443.JPEG	0	20	63	54
n02437312_444.JPEG	0	12	63	49
n02437312_445.JPEG	0	4	57	60
n02437312_446.JPEG	0	5	63	63
n02437312_447.JPEG	8	27	52	59
n02437312_448.JPEG	0	13	63	63
n02437312_449.JPEG	17	16	62	54
n02437312_450.JPEG	0	6	63	63
n02437312_451.JPEG	2	0	62	63
n02437312_452.JPEG	0	26	37	63
n02437312_453.JPEG	11	6	63	63
n02437312_454.JPEG	60	37	63	55
n02437312_455.JPEG	0	8	61	63
n02437312_456.JPEG	19	19	44	63
n02437312_457.JPEG	22	20	59	51
n02437312_458.JPEG	1	2	63	63
n02437312_459.JPEG	0	11	63	61
n02437312_460.JPEG	36	27	63	59
n02437312_461.JPEG	40	5	63	63
n02437312_462.JPEG	0	15	60	63
n02437312_463.JPEG	1	0	45	57
n02437312_464.JPEG	0	3	63	53
n02437312_465.JPEG	0	16	63	63
n02437312_466.JPEG	41	4	63	63
n02437312_467.JPEG	44	33	51	48
n02437312_468.JPEG	8	17	55	57
n02437312_469.JPEG	4	5	52	63
n02437312_470.JPEG	0	22	38	63
n02437312_471.JPEG	0	17	49	63
n02437312_472.JPEG	10	12	63	43
n02437312_473.JPEG	1	10	61	58
n02437312_474.JPEG	3	10	63	63
n02437312_475.JPEG	31	27	50	63
n02437312_476.JPEG	0	6	51	63
n02437312_477.JPEG	13	5	63	63
n02437312_478.JPEG	5	17	49	39
n02437312_479.JPEG	0	1	63	63
n02437312_480.JPEG	5	15	35	63
n02437312_481.JPEG	5	11	61	63
n02437312_482.JPEG	0	5	63	63
n02437312_483.JPEG	4	15	57	61
n02437312_484.JPEG	0	6	63	63
n02437312_485.JPEG	48	9	63	55
n02437312_486.JPEG	1	16	63	63
n02437312_487.JPEG	15	16	63	63
n02437312_488.JPEG	47	24	59	35
n02437312_489.JPEG	1	4	63	62
n02437312_490.JPEG	0	10	59	59
n02437312_491.JPEG	11	6	63	63
n02437312_492.JPEG	44	24	63	50
n02437312_493.JPEG	45	28	59	49
n02437312_494.JPEG	8	0	58	63
n02437312_495.JPEG	3	30	48	63
n02437312_496.JPEG	11	0	50	63
n02437312_497.JPEG	9	17	55	52
n02437312_498.JPEG	1	4	43	54
n02437312_499.JPEG	18	4	63	55
