n03804744_0.JPEG	17	4	51	63
n03804744_1.JPEG	7	11	50	63
n03804744_2.JPEG	34	30	38	48
n03804744_3.JPEG	0	2	46	39
n03804744_4.JPEG	26	21	44	39
n03804744_5.JPEG	0	35	54	62
n03804744_6.JPEG	27	32	37	63
n03804744_7.JPEG	45	4	59	42
n03804744_8.JPEG	29	16	62	48
n03804744_9.JPEG	2	14	61	50
n03804744_10.JPEG	16	17	52	56
n03804744_11.JPEG	9	4	56	62
n03804744_12.JPEG	33	37	63	58
n03804744_13.JPEG	0	16	0	50
n03804744_14.JPEG	0	14	33	35
n03804744_15.JPEG	7	10	62	48
n03804744_16.JPEG	2	18	31	47
n03804744_17.JPEG	0	27	27	52
n03804744_18.JPEG	27	25	34	57
n03804744_19.JPEG	8	22	44	50
n03804744_20.JPEG	0	8	63	38
n03804744_21.JPEG	24	27	38	37
n03804744_22.JPEG	46	36	55	52
n03804744_23.JPEG	0	1	40	26
n03804744_24.JPEG	34	22	49	26
n03804744_25.JPEG	23	30	41	35
n03804744_26.JPEG	0	5	63	47
n03804744_27.JPEG	32	6	40	59
n03804744_28.JPEG	10	6	62	41
n03804744_29.JPEG	2	14	63	42
n03804744_30.JPEG	33	5	37	6
n03804744_31.JPEG	5	27	60	41
n03804744_32.JPEG	5	17	23	51
n03804744_33.JPEG	6	23	63	41
n03804744_34.JPEG	0	0	29	22
n03804744_35.JPEG	48	11	62	18
n03804744_36.JPEG	27	26	34	32
n03804744_37.JPEG	27	6	38	63
n03804744_38.JPEG	14	6	36	58
n03804744_39.JPEG	10	23	39	59
n03804744_40.JPEG	14	1	63	56
n03804744_41.JPEG	26	25	42	31
n03804744_42.JPEG	12	18	43	61
n03804744_43.JPEG	12	16	49	43
n03804744_44.JPEG	24	32	44	51
n03804744_45.JPEG	17	33	25	38
n03804744_46.JPEG	4	4	61	61
n03804744_47.JPEG	0	10	63	28
n03804744_48.JPEG	28	16	38	55
n03804744_49.JPEG	31	41	45	45
n03804744_50.JPEG	14	7	30	47
n03804744_51.JPEG	39	13	52	34
n03804744_52.JPEG	21	22	50	45
n03804744_53.JPEG	43	38	45	52
n03804744_54.JPEG	34	31	39	49
n03804744_55.JPEG	17	1	33	15
n03804744_56.JPEG	0	23	28	38
n03804744_57.JPEG	18	23	41	45
n03804744_58.JPEG	20	15	60	45
n03804744_59.JPEG	38	12	63	31
n03804744_60.JPEG	23	26	56	49
n03804744_61.JPEG	63	3	63	12
n03804744_62.JPEG	38	12	57	53
n03804744_63.JPEG	16	1	24	45
n03804744_64.JPEG	30	1	48	62
n03804744_65.JPEG	58	43	60	57
n03804744_66.JPEG	55	10	58	37
n03804744_67.JPEG	0	8	5	26
n03804744_68.JPEG	29	14	38	33
n03804744_69.JPEG	14	4	17	10
n03804744_70.JPEG	44	13	53	29
n03804744_71.JPEG	16	34	46	41
n03804744_72.JPEG	44	21	53	51
n03804744_73.JPEG	0	29	20	51
n03804744_74.JPEG	18	20	32	33
n03804744_75.JPEG	0	42	0	60
n03804744_76.JPEG	12	13	63	55
n03804744_77.JPEG	1	26	31	41
n03804744_78.JPEG	26	19	38	39
n03804744_79.JPEG	0	12	63	52
n03804744_80.JPEG	9	12	39	29
n03804744_81.JPEG	14	23	41	40
n03804744_82.JPEG	47	13	63	27
n03804744_83.JPEG	0	19	1	61
n03804744_84.JPEG	26	4	37	46
n03804744_85.JPEG	0	15	37	53
n03804744_86.JPEG	0	4	18	55
n03804744_87.JPEG	0	10	45	54
n03804744_88.JPEG	30	29	34	33
n03804744_89.JPEG	17	30	35	46
n03804744_90.JPEG	0	4	63	60
n03804744_91.JPEG	4	16	62	51
n03804744_92.JPEG	39	4	58	54
n03804744_93.JPEG	0	13	63	46
n03804744_94.JPEG	0	19	63	40
n03804744_95.JPEG	46	35	56	47
n03804744_96.JPEG	28	7	56	55
n03804744_97.JPEG	13	12	51	49
n03804744_98.JPEG	27	24	35	38
n03804744_99.JPEG	15	23	63	62
n03804744_100.JPEG	11	16	53	46
n03804744_101.JPEG	17	9	24	61
n03804744_102.JPEG	46	24	63	52
n03804744_103.JPEG	3	3	60	62
n03804744_104.JPEG	0	36	31	46
n03804744_105.JPEG	17	9	26	54
n03804744_106.JPEG	44	13	63	48
n03804744_107.JPEG	32	10	60	23
n03804744_108.JPEG	13	26	24	35
n03804744_109.JPEG	26	6	42	56
n03804744_110.JPEG	21	9	51	48
n03804744_111.JPEG	33	23	46	33
n03804744_112.JPEG	31	8	63	50
n03804744_113.JPEG	29	52	61	63
n03804744_114.JPEG	21	28	40	36
n03804744_115.JPEG	8	7	54	58
n03804744_116.JPEG	44	13	55	37
n03804744_117.JPEG	45	2	60	56
n03804744_118.JPEG	0	20	63	43
n03804744_119.JPEG	7	12	54	50
n03804744_120.JPEG	63	32	63	48
n03804744_121.JPEG	30	9	52	38
n03804744_122.JPEG	28	1	35	14
n03804744_123.JPEG	8	14	61	54
n03804744_124.JPEG	20	24	35	38
n03804744_125.JPEG	29	9	43	61
n03804744_126.JPEG	46	30	54	37
n03804744_127.JPEG	17	37	51	50
n03804744_128.JPEG	16	28	27	52
n03804744_129.JPEG	28	13	39	45
n03804744_130.JPEG	0	28	51	53
n03804744_131.JPEG	0	13	6	31
n03804744_132.JPEG	22	29	40	34
n03804744_133.JPEG	6	28	31	40
n03804744_134.JPEG	28	13	40	56
n03804744_135.JPEG	0	49	62	57
n03804744_136.JPEG	25	24	36	48
n03804744_137.JPEG	23	7	44	61
n03804744_138.JPEG	31	51	39	63
n03804744_139.JPEG	39	42	49	63
n03804744_140.JPEG	20	17	38	56
n03804744_141.JPEG	39	23	43	38
n03804744_142.JPEG	0	1	52	59
n03804744_143.JPEG	23	21	43	47
n03804744_144.JPEG	0	10	63	54
n03804744_145.JPEG	15	43	30	63
n03804744_146.JPEG	39	15	54	37
n03804744_147.JPEG	28	20	37	32
n03804744_148.JPEG	37	18	46	50
n03804744_149.JPEG	16	3	47	63
n03804744_150.JPEG	5	11	63	47
n03804744_151.JPEG	0	9	63	22
n03804744_152.JPEG	6	16	35	42
n03804744_153.JPEG	37	5	42	15
n03804744_154.JPEG	22	23	51	42
n03804744_155.JPEG	0	0	63	63
n03804744_156.JPEG	11	4	47	33
n03804744_157.JPEG	0	19	26	44
n03804744_158.JPEG	11	33	62	57
n03804744_159.JPEG	6	14	56	44
n03804744_160.JPEG	43	13	58	42
n03804744_161.JPEG	17	42	26	63
n03804744_162.JPEG	32	19	48	32
n03804744_163.JPEG	7	26	29	52
n03804744_164.JPEG	21	27	55	43
n03804744_165.JPEG	42	14	61	37
n03804744_166.JPEG	18	0	58	34
n03804744_167.JPEG	35	24	62	35
n03804744_168.JPEG	32	28	48	39
n03804744_169.JPEG	12	15	63	56
n03804744_170.JPEG	33	48	60	54
n03804744_171.JPEG	17	23	49	32
n03804744_172.JPEG	15	8	33	28
n03804744_173.JPEG	35	19	48	35
n03804744_174.JPEG	37	13	54	26
n03804744_175.JPEG	20	43	56	59
n03804744_176.JPEG	33	9	42	15
n03804744_177.JPEG	4	19	63	39
n03804744_178.JPEG	8	22	63	54
n03804744_179.JPEG	32	30	48	55
n03804744_180.JPEG	47	9	58	54
n03804744_181.JPEG	0	3	54	63
n03804744_182.JPEG	3	4	31	44
n03804744_183.JPEG	25	0	53	63
n03804744_184.JPEG	5	24	40	59
n03804744_185.JPEG	9	29	13	48
n03804744_186.JPEG	37	34	63	45
n03804744_187.JPEG	43	10	46	37
n03804744_188.JPEG	24	28	37	46
n03804744_189.JPEG	44	20	62	58
n03804744_190.JPEG	7	13	40	58
n03804744_191.JPEG	9	15	63	27
n03804744_192.JPEG	17	24	49	37
n03804744_193.JPEG	7	15	20	51
n03804744_194.JPEG	5	27	56	35
n03804744_195.JPEG	45	11	61	29
n03804744_196.JPEG	1	3	63	58
n03804744_197.JPEG	60	12	63	60
n03804744_198.JPEG	50	14	63	24
n03804744_199.JPEG	13	27	34	38
n03804744_200.JPEG	26	5	55	27
n03804744_201.JPEG	21	20	45	46
n03804744_202.JPEG	6	19	31	62
n03804744_203.JPEG	36	31	56	41
n03804744_204.JPEG	8	3	61	61
n03804744_205.JPEG	29	30	39	40
n03804744_206.JPEG	19	23	44	47
n03804744_207.JPEG	49	55	53	63
n03804744_208.JPEG	11	0	57	63
n03804744_209.JPEG	0	2	63	61
n03804744_210.JPEG	15	37	36	45
n03804744_211.JPEG	18	27	57	34
n03804744_212.JPEG	26	23	34	35
n03804744_213.JPEG	26	24	39	49
n03804744_214.JPEG	24	20	38	42
n03804744_215.JPEG	18	21	26	28
n03804744_216.JPEG	9	28	39	63
n03804744_217.JPEG	23	26	39	41
n03804744_218.JPEG	16	20	37	39
n03804744_219.JPEG	25	28	38	36
n03804744_220.JPEG	12	21	51	46
n03804744_221.JPEG	0	11	34	33
n03804744_222.JPEG	20	0	38	13
n03804744_223.JPEG	28	27	34	36
n03804744_224.JPEG	0	20	6	31
n03804744_225.JPEG	4	1	61	63
n03804744_226.JPEG	0	12	63	46
n03804744_227.JPEG	0	17	10	63
n03804744_228.JPEG	0	16	49	42
n03804744_229.JPEG	32	4	43	32
n03804744_230.JPEG	3	21	61	57
n03804744_231.JPEG	14	2	35	49
n03804744_232.JPEG	23	6	41	60
n03804744_233.JPEG	21	15	47	51
n03804744_234.JPEG	26	25	51	33
n03804744_235.JPEG	0	0	37	40
n03804744_236.JPEG	16	13	40	38
n03804744_237.JPEG	49	1	63	61
n03804744_238.JPEG	41	16	57	46
n03804744_239.JPEG	28	6	41	58
n03804744_240.JPEG	26	6	35	55
n03804744_241.JPEG	28	20	60	58
n03804744_242.JPEG	31	32	42	42
n03804744_243.JPEG	24	7	35	32
n03804744_244.JPEG	63	18	63	63
n03804744_245.JPEG	18	20	53	63
n03804744_246.JPEG	17	30	45	47
n03804744_247.JPEG	22	14	33	43
n03804744_248.JPEG	38	54	63	60
n03804744_249.JPEG	32	46	48	51
n03804744_250.JPEG	9	21	51	39
n03804744_251.JPEG	38	9	63	48
n03804744_252.JPEG	22	27	29	54
n03804744_253.JPEG	43	15	58	38
n03804744_254.JPEG	21	0	42	53
n03804744_255.JPEG	46	19	57	29
n03804744_256.JPEG	21	4	63	31
n03804744_257.JPEG	38	3	63	44
n03804744_258.JPEG	11	13	37	58
n03804744_259.JPEG	35	1	45	61
n03804744_260.JPEG	42	35	54	51
n03804744_261.JPEG	1	0	63	63
n03804744_262.JPEG	18	1	61	61
n03804744_263.JPEG	32	11	37	23
n03804744_264.JPEG	26	20	47	63
n03804744_265.JPEG	28	28	40	38
n03804744_266.JPEG	28	33	34	63
n03804744_267.JPEG	30	4	43	10
n03804744_268.JPEG	13	31	36	38
n03804744_269.JPEG	25	21	37	63
n03804744_270.JPEG	6	5	62	56
n03804744_271.JPEG	38	2	63	30
n03804744_272.JPEG	28	11	63	23
n03804744_273.JPEG	49	42	63	61
n03804744_274.JPEG	17	17	47	50
n03804744_275.JPEG	0	12	5	26
n03804744_276.JPEG	8	0	24	4
n03804744_277.JPEG	50	0	57	63
n03804744_278.JPEG	0	0	63	63
n03804744_279.JPEG	0	19	44	44
n03804744_280.JPEG	0	23	63	63
n03804744_281.JPEG	0	14	0	53
n03804744_282.JPEG	7	22	43	41
n03804744_283.JPEG	21	25	44	48
n03804744_284.JPEG	41	13	53	63
n03804744_285.JPEG	0	31	63	58
n03804744_286.JPEG	25	23	32	43
n03804744_287.JPEG	28	31	38	44
n03804744_288.JPEG	34	6	47	48
n03804744_289.JPEG	33	14	45	51
n03804744_290.JPEG	3	9	39	56
n03804744_291.JPEG	34	36	59	59
n03804744_292.JPEG	18	24	38	32
n03804744_293.JPEG	14	0	40	63
n03804744_294.JPEG	23	0	38	63
n03804744_295.JPEG	17	17	28	35
n03804744_296.JPEG	43	26	53	34
n03804744_297.JPEG	21	42	28	59
n03804744_298.JPEG	46	20	57	25
n03804744_299.JPEG	29	30	40	52
n03804744_300.JPEG	28	9	50	41
n03804744_301.JPEG	15	28	30	34
n03804744_302.JPEG	9	45	12	49
n03804744_303.JPEG	13	21	20	42
n03804744_304.JPEG	0	6	63	31
n03804744_305.JPEG	17	0	52	63
n03804744_306.JPEG	20	35	33	62
n03804744_307.JPEG	0	16	63	49
n03804744_308.JPEG	23	32	54	47
n03804744_309.JPEG	9	28	29	52
n03804744_310.JPEG	25	5	31	35
n03804744_311.JPEG	27	19	46	39
n03804744_312.JPEG	17	4	56	58
n03804744_313.JPEG	17	5	63	40
n03804744_314.JPEG	15	24	41	41
n03804744_315.JPEG	9	14	40	28
n03804744_316.JPEG	0	1	63	63
n03804744_317.JPEG	38	14	49	26
n03804744_318.JPEG	28	1	63	63
n03804744_319.JPEG	28	42	32	56
n03804744_320.JPEG	20	23	28	29
n03804744_321.JPEG	27	14	38	41
n03804744_322.JPEG	20	30	36	36
n03804744_323.JPEG	7	22	36	43
n03804744_324.JPEG	17	3	27	14
n03804744_325.JPEG	0	8	63	60
n03804744_326.JPEG	47	9	63	33
n03804744_327.JPEG	29	34	58	53
n03804744_328.JPEG	10	0	33	63
n03804744_329.JPEG	40	18	53	25
n03804744_330.JPEG	4	3	56	16
n03804744_331.JPEG	0	14	63	47
n03804744_332.JPEG	29	34	37	63
n03804744_333.JPEG	0	4	63	58
n03804744_334.JPEG	29	11	37	44
n03804744_335.JPEG	0	4	63	33
n03804744_336.JPEG	26	22	56	45
n03804744_337.JPEG	37	19	44	59
n03804744_338.JPEG	33	48	37	50
n03804744_339.JPEG	43	6	63	41
n03804744_340.JPEG	40	39	59	55
n03804744_341.JPEG	0	0	60	47
n03804744_342.JPEG	37	10	63	19
n03804744_343.JPEG	18	40	48	62
n03804744_344.JPEG	42	20	52	63
n03804744_345.JPEG	21	11	41	28
n03804744_346.JPEG	6	26	17	40
n03804744_347.JPEG	6	24	60	35
n03804744_348.JPEG	23	32	34	35
n03804744_349.JPEG	34	21	57	54
n03804744_350.JPEG	19	33	28	37
n03804744_351.JPEG	44	38	63	63
n03804744_352.JPEG	11	23	26	47
n03804744_353.JPEG	21	16	39	45
n03804744_354.JPEG	7	11	36	41
n03804744_355.JPEG	0	21	49	55
n03804744_356.JPEG	39	12	46	52
n03804744_357.JPEG	27	29	54	40
n03804744_358.JPEG	16	0	49	63
n03804744_359.JPEG	46	34	55	42
n03804744_360.JPEG	42	16	50	21
n03804744_361.JPEG	22	32	46	46
n03804744_362.JPEG	45	20	59	35
n03804744_363.JPEG	8	2	56	59
n03804744_364.JPEG	3	42	35	63
n03804744_365.JPEG	6	35	21	63
n03804744_366.JPEG	13	18	39	63
n03804744_367.JPEG	25	2	42	63
n03804744_368.JPEG	31	23	59	40
n03804744_369.JPEG	13	23	63	54
n03804744_370.JPEG	11	21	63	44
n03804744_371.JPEG	25	21	39	48
n03804744_372.JPEG	39	9	49	43
n03804744_373.JPEG	29	24	39	53
n03804744_374.JPEG	23	29	62	50
n03804744_375.JPEG	7	12	17	24
n03804744_376.JPEG	23	24	38	61
n03804744_377.JPEG	4	6	42	53
n03804744_378.JPEG	0	26	33	38
n03804744_379.JPEG	2	19	59	40
n03804744_380.JPEG	20	28	27	35
n03804744_381.JPEG	2	30	62	37
n03804744_382.JPEG	38	9	58	25
n03804744_383.JPEG	24	27	48	37
n03804744_384.JPEG	12	0	52	39
n03804744_385.JPEG	0	18	23	63
n03804744_386.JPEG	43	26	54	38
n03804744_387.JPEG	14	22	47	55
n03804744_388.JPEG	5	17	13	34
n03804744_389.JPEG	24	16	43	52
n03804744_390.JPEG	0	35	63	49
n03804744_391.JPEG	0	10	59	44
n03804744_392.JPEG	19	10	57	63
n03804744_393.JPEG	8	13	16	29
n03804744_394.JPEG	0	19	13	35
n03804744_395.JPEG	35	15	39	30
n03804744_396.JPEG	14	30	63	62
n03804744_397.JPEG	7	20	48	27
n03804744_398.JPEG	28	0	33	41
n03804744_399.JPEG	22	3	55	47
n03804744_400.JPEG	40	19	54	28
n03804744_401.JPEG	34	50	46	60
n03804744_402.JPEG	21	36	47	50
n03804744_403.JPEG	19	13	40	39
n03804744_404.JPEG	29	13	32	42
n03804744_405.JPEG	39	21	47	51
n03804744_406.JPEG	36	26	60	52
n03804744_407.JPEG	34	0	52	0
n03804744_408.JPEG	29	12	46	35
n03804744_409.JPEG	0	19	63	39
n03804744_410.JPEG	45	28	60	56
n03804744_411.JPEG	27	26	37	33
n03804744_412.JPEG	0	1	57	62
n03804744_413.JPEG	34	16	49	57
n03804744_414.JPEG	20	6	33	51
n03804744_415.JPEG	50	25	59	45
n03804744_416.JPEG	26	28	41	38
n03804744_417.JPEG	24	29	30	35
n03804744_418.JPEG	28	3	38	43
n03804744_419.JPEG	0	11	10	31
n03804744_420.JPEG	18	12	34	44
n03804744_421.JPEG	9	0	34	16
n03804744_422.JPEG	8	32	13	49
n03804744_423.JPEG	22	21	39	36
n03804744_424.JPEG	3	8	63	29
n03804744_425.JPEG	23	16	35	43
n03804744_426.JPEG	0	20	17	37
n03804744_427.JPEG	56	3	63	34
n03804744_428.JPEG	22	44	30	61
n03804744_429.JPEG	34	16	55	38
n03804744_430.JPEG	4	22	53	32
n03804744_431.JPEG	19	18	48	51
n03804744_432.JPEG	20	13	50	63
n03804744_433.JPEG	28	15	47	42
n03804744_434.JPEG	25	21	33	50
n03804744_435.JPEG	14	23	46	55
n03804744_436.JPEG	22	8	47	20
n03804744_437.JPEG	31	34	60	61
n03804744_438.JPEG	15	21	63	44
n03804744_439.JPEG	0	0	63	60
n03804744_440.JPEG	20	26	45	56
n03804744_441.JPEG	30	32	43	45
n03804744_442.JPEG	17	3	35	18
n03804744_443.JPEG	21	40	25	57
n03804744_444.JPEG	22	16	31	34
n03804744_445.JPEG	41	30	57	49
n03804744_446.JPEG	17	20	63	60
n03804744_447.JPEG	31	32	36	34
n03804744_448.JPEG	36	38	43	56
n03804744_449.JPEG	0	11	63	52
n03804744_450.JPEG	43	26	52	42
n03804744_451.JPEG	0	24	63	42
n03804744_452.JPEG	5	0	50	63
n03804744_453.JPEG	38	21	59	50
n03804744_454.JPEG	27	28	50	42
n03804744_455.JPEG	26	12	36	35
n03804744_456.JPEG	5	19	16	48
n03804744_457.JPEG	0	19	63	37
n03804744_458.JPEG	14	17	31	35
n03804744_459.JPEG	14	58	58	60
n03804744_460.JPEG	36	1	48	63
n03804744_461.JPEG	40	39	53	49
n03804744_462.JPEG	0	6	63	55
n03804744_463.JPEG	6	6	49	44
n03804744_464.JPEG	27	23	34	41
n03804744_465.JPEG	63	35	63	57
n03804744_466.JPEG	59	28	62	44
n03804744_467.JPEG	3	18	17	46
n03804744_468.JPEG	32	23	39	42
n03804744_469.JPEG	30	15	37	46
n03804744_470.JPEG	0	21	63	60
n03804744_471.JPEG	6	18	52	44
n03804744_472.JPEG	0	34	30	47
n03804744_473.JPEG	9	14	59	46
n03804744_474.JPEG	26	26	40	40
n03804744_475.JPEG	0	27	53	37
n03804744_476.JPEG	35	52	44	63
n03804744_477.JPEG	0	18	63	42
n03804744_478.JPEG	0	44	14	63
n03804744_479.JPEG	28	23	35	49
n03804744_480.JPEG	28	7	43	24
n03804744_481.JPEG	12	16	29	43
n03804744_482.JPEG	48	9	59	56
n03804744_483.JPEG	26	12	56	31
n03804744_484.JPEG	8	32	18	48
n03804744_485.JPEG	24	0	38	21
n03804744_486.JPEG	21	0	37	63
n03804744_487.JPEG	0	10	63	45
n03804744_488.JPEG	37	12	53	49
n03804744_489.JPEG	0	30	23	35
n03804744_490.JPEG	39	24	54	49
n03804744_491.JPEG	39	15	63	28
n03804744_492.JPEG	29	12	39	49
n03804744_493.JPEG	1	24	9	53
n03804744_494.JPEG	23	10	27	17
n03804744_495.JPEG	31	11	34	14
n03804744_496.JPEG	7	7	54	55
n03804744_497.JPEG	40	45	43	59
n03804744_498.JPEG	19	5	50	56
n03804744_499.JPEG	2	27	63	43
