n02165456_0.JPEG	16	10	35	26
n02165456_1.JPEG	12	15	43	52
n02165456_2.JPEG	0	35	33	54
n02165456_3.JPEG	36	21	56	34
n02165456_4.JPEG	29	16	43	34
n02165456_5.JPEG	31	11	63	41
n02165456_6.JPEG	31	31	59	54
n02165456_7.JPEG	27	28	48	43
n02165456_8.JPEG	20	14	63	58
n02165456_9.JPEG	15	7	49	39
n02165456_10.JPEG	5	18	56	55
n02165456_11.JPEG	16	16	32	33
n02165456_12.JPEG	30	29	42	39
n02165456_13.JPEG	27	21	41	35
n02165456_14.JPEG	31	28	39	37
n02165456_15.JPEG	18	18	47	51
n02165456_16.JPEG	17	31	39	55
n02165456_17.JPEG	0	7	38	52
n02165456_18.JPEG	13	2	53	50
n02165456_19.JPEG	2	17	24	40
n02165456_20.JPEG	58	15	63	21
n02165456_21.JPEG	16	19	22	23
n02165456_22.JPEG	26	21	52	45
n02165456_23.JPEG	0	0	60	48
n02165456_24.JPEG	0	12	39	41
n02165456_25.JPEG	44	20	62	30
n02165456_26.JPEG	7	16	46	44
n02165456_27.JPEG	22	6	39	20
n02165456_28.JPEG	27	31	51	46
n02165456_29.JPEG	9	13	37	38
n02165456_30.JPEG	13	34	21	46
n02165456_31.JPEG	0	28	16	50
n02165456_32.JPEG	12	18	43	39
n02165456_33.JPEG	24	26	37	38
n02165456_34.JPEG	35	12	57	32
n02165456_35.JPEG	21	25	37	38
n02165456_36.JPEG	17	49	23	59
n02165456_37.JPEG	15	20	26	28
n02165456_38.JPEG	28	20	52	48
n02165456_39.JPEG	5	15	53	53
n02165456_40.JPEG	21	24	41	44
n02165456_41.JPEG	15	38	28	53
n02165456_42.JPEG	37	17	57	31
n02165456_43.JPEG	41	27	60	45
n02165456_44.JPEG	20	31	26	39
n02165456_45.JPEG	32	37	42	45
n02165456_46.JPEG	7	20	40	49
n02165456_47.JPEG	18	15	46	52
n02165456_48.JPEG	7	30	28	49
n02165456_49.JPEG	5	24	18	39
n02165456_50.JPEG	28	28	37	34
n02165456_51.JPEG	10	13	56	50
n02165456_52.JPEG	13	28	49	48
n02165456_53.JPEG	24	29	35	37
n02165456_54.JPEG	24	26	35	35
n02165456_55.JPEG	32	24	47	38
n02165456_56.JPEG	33	15	43	27
n02165456_57.JPEG	0	11	34	38
n02165456_58.JPEG	20	25	30	32
n02165456_59.JPEG	26	29	44	50
n02165456_60.JPEG	34	25	40	31
n02165456_61.JPEG	8	21	39	44
n02165456_62.JPEG	38	17	46	25
n02165456_63.JPEG	21	17	40	38
n02165456_64.JPEG	18	18	45	39
n02165456_65.JPEG	18	15	45	47
n02165456_66.JPEG	41	16	63	40
n02165456_67.JPEG	11	18	54	45
n02165456_68.JPEG	29	18	33	22
n02165456_69.JPEG	30	25	43	44
n02165456_70.JPEG	31	31	39	41
n02165456_71.JPEG	24	24	59	57
n02165456_72.JPEG	9	16	31	41
n02165456_73.JPEG	29	26	50	41
n02165456_74.JPEG	12	10	53	50
n02165456_75.JPEG	15	16	50	40
n02165456_76.JPEG	39	2	52	19
n02165456_77.JPEG	3	22	35	44
n02165456_78.JPEG	35	26	49	40
n02165456_79.JPEG	11	5	46	57
n02165456_80.JPEG	15	23	28	39
n02165456_81.JPEG	22	17	34	38
n02165456_82.JPEG	14	38	30	54
n02165456_83.JPEG	25	35	60	55
n02165456_84.JPEG	20	19	40	42
n02165456_85.JPEG	27	24	39	30
n02165456_86.JPEG	46	7	56	19
n02165456_87.JPEG	26	18	42	34
n02165456_88.JPEG	29	19	56	37
n02165456_89.JPEG	35	20	46	32
n02165456_90.JPEG	12	40	25	47
n02165456_91.JPEG	12	40	31	63
n02165456_92.JPEG	13	17	49	48
n02165456_93.JPEG	18	38	26	44
n02165456_94.JPEG	42	29	54	42
n02165456_95.JPEG	24	26	53	51
n02165456_96.JPEG	37	11	53	25
n02165456_97.JPEG	28	28	34	35
n02165456_98.JPEG	29	31	45	44
n02165456_99.JPEG	14	29	48	56
n02165456_100.JPEG	28	17	60	42
n02165456_101.JPEG	6	10	46	38
n02165456_102.JPEG	4	9	63	63
n02165456_103.JPEG	0	14	63	49
n02165456_104.JPEG	38	33	58	50
n02165456_105.JPEG	15	19	37	39
n02165456_106.JPEG	27	28	34	39
n02165456_107.JPEG	17	20	41	36
n02165456_108.JPEG	43	35	55	47
n02165456_109.JPEG	13	4	31	27
n02165456_110.JPEG	6	14	42	43
n02165456_111.JPEG	18	26	42	51
n02165456_112.JPEG	0	27	28	50
n02165456_113.JPEG	41	10	58	35
n02165456_114.JPEG	34	35	41	41
n02165456_115.JPEG	18	23	40	41
n02165456_116.JPEG	20	19	49	47
n02165456_117.JPEG	30	30	53	47
n02165456_118.JPEG	13	36	24	51
n02165456_119.JPEG	16	12	42	51
n02165456_120.JPEG	1	10	34	54
n02165456_121.JPEG	37	27	57	47
n02165456_122.JPEG	26	25	56	49
n02165456_123.JPEG	16	41	24	49
n02165456_124.JPEG	18	20	51	45
n02165456_125.JPEG	26	28	40	40
n02165456_126.JPEG	20	36	30	43
n02165456_127.JPEG	13	16	45	46
n02165456_128.JPEG	33	32	63	53
n02165456_129.JPEG	13	12	55	57
n02165456_130.JPEG	9	15	55	50
n02165456_131.JPEG	48	33	53	38
n02165456_132.JPEG	26	24	38	35
n02165456_133.JPEG	13	15	26	26
n02165456_134.JPEG	19	30	35	51
n02165456_135.JPEG	30	35	42	45
n02165456_136.JPEG	25	3	50	28
n02165456_137.JPEG	12	26	23	42
n02165456_138.JPEG	13	43	31	58
n02165456_139.JPEG	30	33	36	39
n02165456_140.JPEG	26	38	34	47
n02165456_141.JPEG	15	21	39	42
n02165456_142.JPEG	26	27	41	38
n02165456_143.JPEG	19	26	45	44
n02165456_144.JPEG	6	17	21	38
n02165456_145.JPEG	13	13	48	39
n02165456_146.JPEG	24	23	37	39
n02165456_147.JPEG	34	23	44	33
n02165456_148.JPEG	35	17	63	50
n02165456_149.JPEG	30	32	47	49
n02165456_150.JPEG	28	21	37	34
n02165456_151.JPEG	27	27	37	39
n02165456_152.JPEG	20	17	49	55
n02165456_153.JPEG	2	7	57	50
n02165456_154.JPEG	44	16	63	40
n02165456_155.JPEG	22	14	38	27
n02165456_156.JPEG	27	32	46	45
n02165456_157.JPEG	10	10	56	54
n02165456_158.JPEG	19	27	36	39
n02165456_159.JPEG	8	14	36	43
n02165456_160.JPEG	31	14	63	55
n02165456_161.JPEG	12	38	21	48
n02165456_162.JPEG	21	17	61	44
n02165456_163.JPEG	35	26	44	36
n02165456_164.JPEG	63	23	63	51
n02165456_165.JPEG	18	19	29	31
n02165456_166.JPEG	28	21	42	34
n02165456_167.JPEG	39	20	57	41
n02165456_168.JPEG	17	10	51	63
n02165456_169.JPEG	14	30	49	56
n02165456_170.JPEG	29	16	37	27
n02165456_171.JPEG	13	26	40	40
n02165456_172.JPEG	29	25	35	34
n02165456_173.JPEG	26	16	63	44
n02165456_174.JPEG	26	26	45	46
n02165456_175.JPEG	9	23	25	37
n02165456_176.JPEG	4	15	63	53
n02165456_177.JPEG	23	24	42	39
n02165456_178.JPEG	22	9	48	43
n02165456_179.JPEG	22	21	40	38
n02165456_180.JPEG	17	17	32	39
n02165456_181.JPEG	0	18	26	36
n02165456_182.JPEG	23	16	40	28
n02165456_183.JPEG	21	21	45	41
n02165456_184.JPEG	18	15	47	48
n02165456_185.JPEG	22	20	58	47
n02165456_186.JPEG	25	30	43	53
n02165456_187.JPEG	14	14	24	23
n02165456_188.JPEG	26	27	37	36
n02165456_189.JPEG	3	29	27	44
n02165456_190.JPEG	16	13	47	50
n02165456_191.JPEG	35	32	51	48
n02165456_192.JPEG	23	13	49	44
n02165456_193.JPEG	33	21	51	40
n02165456_194.JPEG	40	31	54	51
n02165456_195.JPEG	28	35	37	46
n02165456_196.JPEG	29	26	44	39
n02165456_197.JPEG	25	38	51	58
n02165456_198.JPEG	0	23	34	50
n02165456_199.JPEG	20	14	49	48
n02165456_200.JPEG	35	26	63	50
n02165456_201.JPEG	15	46	29	63
n02165456_202.JPEG	19	23	41	41
n02165456_203.JPEG	16	12	53	52
n02165456_204.JPEG	16	20	48	41
n02165456_205.JPEG	10	37	29	54
n02165456_206.JPEG	13	31	29	44
n02165456_207.JPEG	29	32	45	51
n02165456_208.JPEG	47	13	63	42
n02165456_209.JPEG	19	20	44	43
n02165456_210.JPEG	0	26	20	50
n02165456_211.JPEG	14	15	41	49
n02165456_212.JPEG	30	32	40	39
n02165456_213.JPEG	20	15	56	56
n02165456_214.JPEG	30	28	36	36
n02165456_215.JPEG	25	18	43	49
n02165456_216.JPEG	21	9	60	48
n02165456_217.JPEG	26	24	38	41
n02165456_218.JPEG	28	27	42	40
n02165456_219.JPEG	44	22	55	39
n02165456_220.JPEG	19	24	27	35
n02165456_221.JPEG	18	17	43	48
n02165456_222.JPEG	22	33	33	41
n02165456_223.JPEG	46	15	63	34
n02165456_224.JPEG	17	20	54	47
n02165456_225.JPEG	37	6	47	13
n02165456_226.JPEG	15	15	40	31
n02165456_227.JPEG	27	27	39	39
n02165456_228.JPEG	21	9	56	63
n02165456_229.JPEG	28	26	50	42
n02165456_230.JPEG	51	28	62	33
n02165456_231.JPEG	26	11	37	26
n02165456_232.JPEG	18	2	50	49
n02165456_233.JPEG	19	11	60	53
n02165456_234.JPEG	22	26	46	55
n02165456_235.JPEG	23	27	40	44
n02165456_236.JPEG	28	15	63	52
n02165456_237.JPEG	22	48	29	53
n02165456_238.JPEG	19	29	30	43
n02165456_239.JPEG	19	18	43	49
n02165456_240.JPEG	19	24	37	43
n02165456_241.JPEG	10	3	53	50
n02165456_242.JPEG	26	22	52	46
n02165456_243.JPEG	1	13	21	25
n02165456_244.JPEG	4	15	49	50
n02165456_245.JPEG	10	19	40	41
n02165456_246.JPEG	11	21	20	33
n02165456_247.JPEG	29	31	37	38
n02165456_248.JPEG	34	21	42	34
n02165456_249.JPEG	22	27	34	43
n02165456_250.JPEG	19	17	44	47
n02165456_251.JPEG	25	27	39	40
n02165456_252.JPEG	26	29	63	58
n02165456_253.JPEG	31	24	57	55
n02165456_254.JPEG	0	5	43	49
n02165456_255.JPEG	15	23	63	63
n02165456_256.JPEG	35	13	56	42
n02165456_257.JPEG	31	32	37	38
n02165456_258.JPEG	27	12	60	43
n02165456_259.JPEG	12	23	21	32
n02165456_260.JPEG	32	26	40	37
n02165456_261.JPEG	28	21	60	46
n02165456_262.JPEG	28	23	52	48
n02165456_263.JPEG	39	35	63	60
n02165456_264.JPEG	7	24	30	51
n02165456_265.JPEG	1	17	52	63
n02165456_266.JPEG	25	25	47	45
n02165456_267.JPEG	0	18	6	30
n02165456_268.JPEG	16	11	39	35
n02165456_269.JPEG	22	21	52	56
n02165456_270.JPEG	0	2	63	63
n02165456_271.JPEG	10	19	41	55
n02165456_272.JPEG	40	32	62	56
n02165456_273.JPEG	30	26	46	35
n02165456_274.JPEG	24	26	37	35
n02165456_275.JPEG	37	51	52	61
n02165456_276.JPEG	35	29	46	41
n02165456_277.JPEG	23	26	38	37
n02165456_278.JPEG	29	24	46	45
n02165456_279.JPEG	42	28	60	45
n02165456_280.JPEG	13	32	27	45
n02165456_281.JPEG	32	30	37	37
n02165456_282.JPEG	18	22	32	33
n02165456_283.JPEG	23	0	41	6
n02165456_284.JPEG	15	22	48	54
n02165456_285.JPEG	28	26	42	38
n02165456_286.JPEG	29	28	38	36
n02165456_287.JPEG	25	20	32	25
n02165456_288.JPEG	21	28	37	46
n02165456_289.JPEG	48	17	63	34
n02165456_290.JPEG	22	22	35	39
n02165456_291.JPEG	26	23	54	46
n02165456_292.JPEG	14	19	46	43
n02165456_293.JPEG	13	45	25	59
n02165456_294.JPEG	36	13	63	30
n02165456_295.JPEG	27	33	35	41
n02165456_296.JPEG	16	15	47	50
n02165456_297.JPEG	34	22	60	47
n02165456_298.JPEG	5	5	41	59
n02165456_299.JPEG	37	34	52	48
n02165456_300.JPEG	32	26	40	35
n02165456_301.JPEG	2	11	40	38
n02165456_302.JPEG	18	13	49	48
n02165456_303.JPEG	10	9	60	48
n02165456_304.JPEG	19	24	44	44
n02165456_305.JPEG	0	18	56	48
n02165456_306.JPEG	46	36	57	50
n02165456_307.JPEG	30	21	45	32
n02165456_308.JPEG	41	13	54	26
n02165456_309.JPEG	6	24	23	39
n02165456_310.JPEG	37	25	45	34
n02165456_311.JPEG	16	13	52	34
n02165456_312.JPEG	39	29	50	37
n02165456_313.JPEG	24	28	36	44
n02165456_314.JPEG	29	24	37	32
n02165456_315.JPEG	7	26	34	47
n02165456_316.JPEG	20	12	51	33
n02165456_317.JPEG	33	14	55	25
n02165456_318.JPEG	28	32	44	45
n02165456_319.JPEG	13	15	52	45
n02165456_320.JPEG	34	19	57	40
n02165456_321.JPEG	0	1	59	51
n02165456_322.JPEG	10	6	53	54
n02165456_323.JPEG	0	28	13	38
n02165456_324.JPEG	36	34	41	40
n02165456_325.JPEG	6	32	11	39
n02165456_326.JPEG	28	0	51	31
n02165456_327.JPEG	33	35	45	44
n02165456_328.JPEG	22	27	36	38
n02165456_329.JPEG	6	7	63	59
n02165456_330.JPEG	10	25	28	37
n02165456_331.JPEG	25	22	38	38
n02165456_332.JPEG	26	10	55	36
n02165456_333.JPEG	24	29	43	53
n02165456_334.JPEG	27	29	30	33
n02165456_335.JPEG	15	0	37	15
n02165456_336.JPEG	15	35	26	50
n02165456_337.JPEG	9	22	25	36
n02165456_338.JPEG	10	17	52	55
n02165456_339.JPEG	25	20	42	41
n02165456_340.JPEG	8	32	37	50
n02165456_341.JPEG	20	15	41	33
n02165456_342.JPEG	16	32	62	63
n02165456_343.JPEG	16	19	44	43
n02165456_344.JPEG	42	39	50	49
n02165456_345.JPEG	15	33	56	57
n02165456_346.JPEG	28	28	38	36
n02165456_347.JPEG	12	24	25	36
n02165456_348.JPEG	17	40	42	63
n02165456_349.JPEG	17	12	56	47
n02165456_350.JPEG	29	15	54	40
n02165456_351.JPEG	31	19	52	34
n02165456_352.JPEG	14	19	55	47
n02165456_353.JPEG	30	5	48	33
n02165456_354.JPEG	17	17	40	31
n02165456_355.JPEG	14	9	63	45
n02165456_356.JPEG	23	38	44	63
n02165456_357.JPEG	1	8	28	30
n02165456_358.JPEG	10	41	35	60
n02165456_359.JPEG	2	12	63	48
n02165456_360.JPEG	25	7	41	19
n02165456_361.JPEG	24	20	34	27
n02165456_362.JPEG	19	26	39	40
n02165456_363.JPEG	21	5	43	38
n02165456_364.JPEG	52	14	59	20
n02165456_365.JPEG	7	36	23	50
n02165456_366.JPEG	26	33	51	58
n02165456_367.JPEG	25	24	43	40
n02165456_368.JPEG	25	24	40	35
n02165456_369.JPEG	30	7	57	36
n02165456_370.JPEG	18	16	29	30
n02165456_371.JPEG	23	27	39	46
n02165456_372.JPEG	32	26	40	32
n02165456_373.JPEG	16	10	49	37
n02165456_374.JPEG	6	21	41	50
n02165456_375.JPEG	21	26	40	40
n02165456_376.JPEG	2	20	25	35
n02165456_377.JPEG	13	12	63	55
n02165456_378.JPEG	38	17	48	26
n02165456_379.JPEG	12	20	51	49
n02165456_380.JPEG	0	15	43	39
n02165456_381.JPEG	29	43	54	63
n02165456_382.JPEG	4	8	39	43
n02165456_383.JPEG	27	11	42	31
n02165456_384.JPEG	17	24	38	41
n02165456_385.JPEG	30	29	35	35
n02165456_386.JPEG	0	8	33	54
n02165456_387.JPEG	16	19	30	31
n02165456_388.JPEG	32	26	38	33
n02165456_389.JPEG	0	44	2	53
n02165456_390.JPEG	37	24	59	38
n02165456_391.JPEG	23	17	38	39
n02165456_392.JPEG	27	28	38	35
n02165456_393.JPEG	12	4	42	42
n02165456_394.JPEG	11	14	30	32
n02165456_395.JPEG	0	14	28	42
n02165456_396.JPEG	40	15	52	24
n02165456_397.JPEG	24	28	43	43
n02165456_398.JPEG	28	25	52	51
n02165456_399.JPEG	18	14	56	46
n02165456_400.JPEG	31	23	39	38
n02165456_401.JPEG	18	23	45	53
n02165456_402.JPEG	5	22	48	49
n02165456_403.JPEG	33	28	44	40
n02165456_404.JPEG	18	24	38	44
n02165456_405.JPEG	11	25	35	48
n02165456_406.JPEG	21	20	43	41
n02165456_407.JPEG	5	46	19	57
n02165456_408.JPEG	8	13	43	42
n02165456_409.JPEG	3	33	31	53
n02165456_410.JPEG	32	23	55	38
n02165456_411.JPEG	7	27	26	42
n02165456_412.JPEG	23	23	41	45
n02165456_413.JPEG	8	5	40	55
n02165456_414.JPEG	40	29	47	38
n02165456_415.JPEG	12	14	48	54
n02165456_416.JPEG	0	27	6	46
n02165456_417.JPEG	13	12	54	42
n02165456_418.JPEG	29	26	44	42
n02165456_419.JPEG	13	28	32	42
n02165456_420.JPEG	0	5	63	63
n02165456_421.JPEG	37	22	50	35
n02165456_422.JPEG	6	30	16	42
n02165456_423.JPEG	16	21	54	48
n02165456_424.JPEG	12	27	55	63
n02165456_425.JPEG	24	27	43	48
n02165456_426.JPEG	23	24	40	34
n02165456_427.JPEG	29	25	42	36
n02165456_428.JPEG	27	18	45	36
n02165456_429.JPEG	10	16	51	49
n02165456_430.JPEG	22	18	41	44
n02165456_431.JPEG	0	8	63	56
n02165456_432.JPEG	30	11	46	30
n02165456_433.JPEG	16	23	44	53
n02165456_434.JPEG	25	24	37	39
n02165456_435.JPEG	19	26	63	63
n02165456_436.JPEG	23	22	38	41
n02165456_437.JPEG	23	14	53	42
n02165456_438.JPEG	24	9	52	43
n02165456_439.JPEG	27	23	37	35
n02165456_440.JPEG	28	26	38	36
n02165456_441.JPEG	34	14	47	31
n02165456_442.JPEG	26	27	38	35
n02165456_443.JPEG	16	32	42	59
n02165456_444.JPEG	17	12	46	47
n02165456_445.JPEG	25	26	43	42
n02165456_446.JPEG	35	25	44	35
n02165456_447.JPEG	10	17	27	43
n02165456_448.JPEG	20	7	45	27
n02165456_449.JPEG	26	32	31	36
n02165456_450.JPEG	29	28	38	33
n02165456_451.JPEG	28	10	55	38
n02165456_452.JPEG	27	27	41	38
n02165456_453.JPEG	0	12	10	26
n02165456_454.JPEG	22	22	44	41
n02165456_455.JPEG	21	32	30	39
n02165456_456.JPEG	29	24	41	38
n02165456_457.JPEG	24	15	39	40
n02165456_458.JPEG	24	19	37	32
n02165456_459.JPEG	15	21	33	36
n02165456_460.JPEG	26	22	42	33
n02165456_461.JPEG	14	22	35	49
n02165456_462.JPEG	10	17	55	53
n02165456_463.JPEG	18	24	56	51
n02165456_464.JPEG	15	18	44	50
n02165456_465.JPEG	26	28	41	39
n02165456_466.JPEG	20	11	63	50
n02165456_467.JPEG	12	23	30	37
n02165456_468.JPEG	34	25	47	36
n02165456_469.JPEG	17	28	39	45
n02165456_470.JPEG	17	22	52	46
n02165456_471.JPEG	16	39	28	54
n02165456_472.JPEG	18	22	41	41
n02165456_473.JPEG	18	31	57	61
n02165456_474.JPEG	27	25	44	41
n02165456_475.JPEG	0	26	34	51
n02165456_476.JPEG	17	12	44	31
n02165456_477.JPEG	21	20	58	53
n02165456_478.JPEG	4	18	21	35
n02165456_479.JPEG	27	18	32	24
n02165456_480.JPEG	15	30	30	46
n02165456_481.JPEG	26	26	33	35
n02165456_482.JPEG	16	21	27	32
n02165456_483.JPEG	8	6	56	53
n02165456_484.JPEG	2	7	59	49
n02165456_485.JPEG	1	7	56	62
n02165456_486.JPEG	14	7	45	21
n02165456_487.JPEG	10	12	59	55
n02165456_488.JPEG	27	29	36	37
n02165456_489.JPEG	11	20	37	48
n02165456_490.JPEG	36	32	51	44
n02165456_491.JPEG	0	11	20	31
n02165456_492.JPEG	0	0	62	63
n02165456_493.JPEG	35	45	50	59
n02165456_494.JPEG	25	24	38	40
n02165456_495.JPEG	10	17	37	49
n02165456_496.JPEG	29	4	63	51
n02165456_497.JPEG	8	30	20	42
n02165456_498.JPEG	17	22	42	39
n02165456_499.JPEG	39	26	44	34
