n04146614_0.JPEG	0	0	63	63
n04146614_1.JPEG	0	5	63	60
n04146614_2.JPEG	5	24	57	49
n04146614_3.JPEG	0	7	63	63
n04146614_4.JPEG	19	20	50	49
n04146614_5.JPEG	38	7	63	47
n04146614_6.JPEG	0	11	63	52
n04146614_7.JPEG	0	13	63	53
n04146614_8.JPEG	0	2	63	52
n04146614_9.JPEG	3	17	61	52
n04146614_10.JPEG	1	19	63	41
n04146614_11.JPEG	0	18	62	55
n04146614_12.JPEG	0	10	63	61
n04146614_13.JPEG	0	0	63	63
n04146614_14.JPEG	0	14	47	60
n04146614_15.JPEG	1	20	63	54
n04146614_16.JPEG	0	17	21	49
n04146614_17.JPEG	1	16	63	63
n04146614_18.JPEG	0	6	43	51
n04146614_19.JPEG	0	0	63	63
n04146614_20.JPEG	17	0	63	37
n04146614_21.JPEG	10	32	55	63
n04146614_22.JPEG	0	8	63	57
n04146614_23.JPEG	13	8	63	54
n04146614_24.JPEG	0	1	63	63
n04146614_25.JPEG	0	15	63	54
n04146614_26.JPEG	2	23	63	63
n04146614_27.JPEG	4	10	60	62
n04146614_28.JPEG	0	20	62	49
n04146614_29.JPEG	0	2	63	59
n04146614_30.JPEG	0	16	63	61
n04146614_31.JPEG	4	2	61	58
n04146614_32.JPEG	0	8	62	55
n04146614_33.JPEG	3	3	56	63
n04146614_34.JPEG	0	6	63	59
n04146614_35.JPEG	0	6	63	63
n04146614_36.JPEG	7	18	59	55
n04146614_37.JPEG	1	9	63	60
n04146614_38.JPEG	23	27	63	45
n04146614_39.JPEG	31	17	55	35
n04146614_40.JPEG	0	10	63	58
n04146614_41.JPEG	0	19	63	48
n04146614_42.JPEG	2	4	63	58
n04146614_43.JPEG	1	9	63	63
n04146614_44.JPEG	3	11	63	61
n04146614_45.JPEG	22	32	56	45
n04146614_46.JPEG	4	26	63	46
n04146614_47.JPEG	0	4	63	59
n04146614_48.JPEG	0	1	63	48
n04146614_49.JPEG	0	4	63	63
n04146614_50.JPEG	1	0	63	63
n04146614_51.JPEG	0	11	45	52
n04146614_52.JPEG	0	10	62	53
n04146614_53.JPEG	0	10	63	56
n04146614_54.JPEG	0	0	63	63
n04146614_55.JPEG	5	21	54	50
n04146614_56.JPEG	0	19	60	54
n04146614_57.JPEG	29	24	59	52
n04146614_58.JPEG	0	42	63	63
n04146614_59.JPEG	6	9	58	59
n04146614_60.JPEG	0	0	63	63
n04146614_61.JPEG	0	13	63	60
n04146614_62.JPEG	16	31	51	63
n04146614_63.JPEG	0	7	63	55
n04146614_64.JPEG	15	18	63	52
n04146614_65.JPEG	0	1	63	63
n04146614_66.JPEG	11	23	58	50
n04146614_67.JPEG	0	7	37	55
n04146614_68.JPEG	45	18	63	49
n04146614_69.JPEG	0	0	63	63
n04146614_70.JPEG	2	10	63	58
n04146614_71.JPEG	0	3	63	63
n04146614_72.JPEG	5	2	61	49
n04146614_73.JPEG	0	17	63	63
n04146614_74.JPEG	0	0	57	63
n04146614_75.JPEG	0	1	63	63
n04146614_76.JPEG	0	7	60	61
n04146614_77.JPEG	0	24	41	43
n04146614_78.JPEG	0	0	63	63
n04146614_79.JPEG	2	18	63	60
n04146614_80.JPEG	0	15	63	62
n04146614_81.JPEG	0	4	63	56
n04146614_82.JPEG	0	4	63	63
n04146614_83.JPEG	0	4	63	63
n04146614_84.JPEG	6	4	56	53
n04146614_85.JPEG	0	0	63	63
n04146614_86.JPEG	22	29	54	40
n04146614_87.JPEG	2	2	61	61
n04146614_88.JPEG	0	11	63	50
n04146614_89.JPEG	1	0	63	63
n04146614_90.JPEG	0	0	63	63
n04146614_91.JPEG	18	31	63	59
n04146614_92.JPEG	0	0	63	60
n04146614_93.JPEG	0	22	50	57
n04146614_94.JPEG	21	27	47	53
n04146614_95.JPEG	0	14	63	52
n04146614_96.JPEG	5	33	39	51
n04146614_97.JPEG	0	18	52	44
n04146614_98.JPEG	0	5	62	63
n04146614_99.JPEG	0	0	57	40
n04146614_100.JPEG	3	0	63	63
n04146614_101.JPEG	0	28	63	54
n04146614_102.JPEG	1	3	59	62
n04146614_103.JPEG	0	5	63	57
n04146614_104.JPEG	0	6	63	56
n04146614_105.JPEG	0	0	63	63
n04146614_106.JPEG	12	28	57	59
n04146614_107.JPEG	1	9	63	46
n04146614_108.JPEG	0	1	63	63
n04146614_109.JPEG	17	31	62	48
n04146614_110.JPEG	0	0	63	63
n04146614_111.JPEG	0	11	63	52
n04146614_112.JPEG	0	0	63	63
n04146614_113.JPEG	1	8	63	63
n04146614_114.JPEG	0	0	63	61
n04146614_115.JPEG	3	18	63	54
n04146614_116.JPEG	0	25	63	58
n04146614_117.JPEG	0	7	63	31
n04146614_118.JPEG	7	30	63	62
n04146614_119.JPEG	0	21	63	46
n04146614_120.JPEG	6	13	63	44
n04146614_121.JPEG	0	15	63	62
n04146614_122.JPEG	7	4	54	32
n04146614_123.JPEG	9	33	63	59
n04146614_124.JPEG	5	9	61	63
n04146614_125.JPEG	1	3	52	48
n04146614_126.JPEG	0	0	55	45
n04146614_127.JPEG	11	7	63	52
n04146614_128.JPEG	0	4	63	61
n04146614_129.JPEG	0	0	63	63
n04146614_130.JPEG	4	32	42	50
n04146614_131.JPEG	0	39	63	63
n04146614_132.JPEG	0	19	60	47
n04146614_133.JPEG	0	19	51	49
n04146614_134.JPEG	17	13	63	57
n04146614_135.JPEG	0	0	63	63
n04146614_136.JPEG	0	26	63	57
n04146614_137.JPEG	0	8	63	61
n04146614_138.JPEG	39	27	59	44
n04146614_139.JPEG	0	1	63	63
n04146614_140.JPEG	0	8	63	58
n04146614_141.JPEG	0	10	50	59
n04146614_142.JPEG	0	9	63	55
n04146614_143.JPEG	0	15	56	52
n04146614_144.JPEG	0	9	63	58
n04146614_145.JPEG	0	6	63	59
n04146614_146.JPEG	0	19	63	61
n04146614_147.JPEG	0	18	63	52
n04146614_148.JPEG	0	9	63	47
n04146614_149.JPEG	0	14	63	49
n04146614_150.JPEG	0	3	63	63
n04146614_151.JPEG	29	0	63	63
n04146614_152.JPEG	4	1	58	57
n04146614_153.JPEG	0	6	61	54
n04146614_154.JPEG	10	26	33	41
n04146614_155.JPEG	4	33	33	50
n04146614_156.JPEG	0	20	63	49
n04146614_157.JPEG	20	0	63	63
n04146614_158.JPEG	0	21	28	35
n04146614_159.JPEG	0	0	63	46
n04146614_160.JPEG	0	15	63	56
n04146614_161.JPEG	0	2	63	36
n04146614_162.JPEG	0	6	63	57
n04146614_163.JPEG	9	12	63	45
n04146614_164.JPEG	0	33	63	53
n04146614_165.JPEG	1	0	63	63
n04146614_166.JPEG	0	10	63	58
n04146614_167.JPEG	2	14	63	47
n04146614_168.JPEG	0	0	63	63
n04146614_169.JPEG	0	27	63	53
n04146614_170.JPEG	0	7	63	60
n04146614_171.JPEG	0	16	63	50
n04146614_172.JPEG	9	40	42	58
n04146614_173.JPEG	0	5	63	45
n04146614_174.JPEG	0	1	63	63
n04146614_175.JPEG	0	0	63	63
n04146614_176.JPEG	0	0	63	63
n04146614_177.JPEG	0	10	55	63
n04146614_178.JPEG	0	11	63	63
n04146614_179.JPEG	0	0	63	63
n04146614_180.JPEG	8	0	63	60
n04146614_181.JPEG	0	0	63	63
n04146614_182.JPEG	0	16	59	44
n04146614_183.JPEG	0	1	63	47
n04146614_184.JPEG	7	35	63	57
n04146614_185.JPEG	29	44	58	63
n04146614_186.JPEG	0	1	48	63
n04146614_187.JPEG	13	18	52	58
n04146614_188.JPEG	0	2	63	56
n04146614_189.JPEG	0	0	63	63
n04146614_190.JPEG	19	3	63	61
n04146614_191.JPEG	0	1	63	63
n04146614_192.JPEG	0	15	56	56
n04146614_193.JPEG	0	15	63	52
n04146614_194.JPEG	7	24	63	63
n04146614_195.JPEG	1	0	63	63
n04146614_196.JPEG	0	29	63	63
n04146614_197.JPEG	0	1	63	63
n04146614_198.JPEG	41	46	63	58
n04146614_199.JPEG	0	35	43	48
n04146614_200.JPEG	5	17	38	58
n04146614_201.JPEG	0	7	45	55
n04146614_202.JPEG	0	26	63	47
n04146614_203.JPEG	0	0	63	63
n04146614_204.JPEG	0	0	63	62
n04146614_205.JPEG	5	9	62	57
n04146614_206.JPEG	0	0	63	63
n04146614_207.JPEG	0	4	63	63
n04146614_208.JPEG	0	0	63	63
n04146614_209.JPEG	43	43	63	57
n04146614_210.JPEG	0	8	63	49
n04146614_211.JPEG	0	6	63	63
n04146614_212.JPEG	0	26	31	58
n04146614_213.JPEG	0	17	63	53
n04146614_214.JPEG	1	0	63	63
n04146614_215.JPEG	24	0	63	63
n04146614_216.JPEG	16	39	46	58
n04146614_217.JPEG	0	30	32	51
n04146614_218.JPEG	0	2	63	63
n04146614_219.JPEG	3	3	63	63
n04146614_220.JPEG	11	9	54	57
n04146614_221.JPEG	4	40	34	63
n04146614_222.JPEG	21	10	63	53
n04146614_223.JPEG	0	7	63	61
n04146614_224.JPEG	3	5	62	45
n04146614_225.JPEG	0	25	63	53
n04146614_226.JPEG	0	0	63	63
n04146614_227.JPEG	0	13	63	52
n04146614_228.JPEG	0	1	63	30
n04146614_229.JPEG	10	16	48	55
n04146614_230.JPEG	13	13	57	48
n04146614_231.JPEG	15	17	57	38
n04146614_232.JPEG	0	13	63	61
n04146614_233.JPEG	20	0	63	63
n04146614_234.JPEG	0	15	39	43
n04146614_235.JPEG	0	10	32	58
n04146614_236.JPEG	0	9	63	60
n04146614_237.JPEG	0	10	63	55
n04146614_238.JPEG	0	4	63	60
n04146614_239.JPEG	14	16	51	54
n04146614_240.JPEG	0	11	63	59
n04146614_241.JPEG	0	5	63	59
n04146614_242.JPEG	8	14	51	63
n04146614_243.JPEG	0	0	21	63
n04146614_244.JPEG	0	14	46	63
n04146614_245.JPEG	0	7	63	53
n04146614_246.JPEG	0	0	63	63
n04146614_247.JPEG	8	6	63	59
n04146614_248.JPEG	0	17	63	56
n04146614_249.JPEG	14	24	50	63
n04146614_250.JPEG	5	4	63	59
n04146614_251.JPEG	6	1	63	63
n04146614_252.JPEG	1	12	63	51
n04146614_253.JPEG	0	0	63	63
n04146614_254.JPEG	0	0	63	63
n04146614_255.JPEG	27	9	63	49
n04146614_256.JPEG	0	4	63	59
n04146614_257.JPEG	20	29	58	38
n04146614_258.JPEG	0	0	63	28
n04146614_259.JPEG	0	11	37	57
n04146614_260.JPEG	6	18	47	52
n04146614_261.JPEG	0	0	63	63
n04146614_262.JPEG	0	0	63	63
n04146614_263.JPEG	0	4	63	61
n04146614_264.JPEG	11	22	37	52
n04146614_265.JPEG	0	17	63	61
n04146614_266.JPEG	0	26	56	44
n04146614_267.JPEG	0	20	63	63
n04146614_268.JPEG	0	0	63	63
n04146614_269.JPEG	0	1	63	63
n04146614_270.JPEG	0	10	63	54
n04146614_271.JPEG	9	15	62	39
n04146614_272.JPEG	8	0	63	63
n04146614_273.JPEG	39	24	58	45
n04146614_274.JPEG	4	8	63	52
n04146614_275.JPEG	1	0	63	63
n04146614_276.JPEG	3	11	63	53
n04146614_277.JPEG	0	0	63	63
n04146614_278.JPEG	0	8	63	63
n04146614_279.JPEG	0	4	63	62
n04146614_280.JPEG	15	3	63	63
n04146614_281.JPEG	3	8	63	62
n04146614_282.JPEG	0	1	57	63
n04146614_283.JPEG	0	21	63	61
n04146614_284.JPEG	0	7	42	54
n04146614_285.JPEG	0	0	63	63
n04146614_286.JPEG	3	19	41	38
n04146614_287.JPEG	0	4	61	60
n04146614_288.JPEG	0	34	63	63
n04146614_289.JPEG	7	3	63	52
n04146614_290.JPEG	43	1	63	44
n04146614_291.JPEG	3	31	63	63
n04146614_292.JPEG	3	1	59	56
n04146614_293.JPEG	0	14	63	40
n04146614_294.JPEG	0	0	63	36
n04146614_295.JPEG	0	25	55	46
n04146614_296.JPEG	0	7	63	39
n04146614_297.JPEG	0	3	63	63
n04146614_298.JPEG	0	1	41	56
n04146614_299.JPEG	0	16	63	55
n04146614_300.JPEG	0	14	63	49
n04146614_301.JPEG	0	10	63	31
n04146614_302.JPEG	0	0	63	46
n04146614_303.JPEG	35	29	63	56
n04146614_304.JPEG	0	15	63	61
n04146614_305.JPEG	6	11	57	63
n04146614_306.JPEG	4	7	63	52
n04146614_307.JPEG	12	12	51	53
n04146614_308.JPEG	0	0	63	63
n04146614_309.JPEG	0	7	63	62
n04146614_310.JPEG	0	12	42	59
n04146614_311.JPEG	0	10	63	57
n04146614_312.JPEG	0	17	63	63
n04146614_313.JPEG	0	35	63	63
n04146614_314.JPEG	0	20	63	60
n04146614_315.JPEG	0	5	63	55
n04146614_316.JPEG	0	3	63	61
n04146614_317.JPEG	0	33	63	63
n04146614_318.JPEG	0	25	37	60
n04146614_319.JPEG	0	1	63	62
n04146614_320.JPEG	1	17	56	37
n04146614_321.JPEG	0	35	14	48
n04146614_322.JPEG	10	0	63	63
n04146614_323.JPEG	16	26	55	56
n04146614_324.JPEG	8	6	63	61
n04146614_325.JPEG	3	26	62	63
n04146614_326.JPEG	13	39	37	63
n04146614_327.JPEG	0	1	63	63
n04146614_328.JPEG	0	1	63	63
n04146614_329.JPEG	5	22	62	44
n04146614_330.JPEG	0	24	63	63
n04146614_331.JPEG	0	12	38	63
n04146614_332.JPEG	4	1	61	56
n04146614_333.JPEG	0	0	63	63
n04146614_334.JPEG	0	0	63	63
n04146614_335.JPEG	3	21	12	26
n04146614_336.JPEG	0	13	60	63
n04146614_337.JPEG	0	0	59	63
n04146614_338.JPEG	5	12	63	61
n04146614_339.JPEG	8	0	57	63
n04146614_340.JPEG	13	18	50	57
n04146614_341.JPEG	2	19	32	33
n04146614_342.JPEG	26	12	63	42
n04146614_343.JPEG	6	7	63	63
n04146614_344.JPEG	0	2	63	63
n04146614_345.JPEG	25	30	34	39
n04146614_346.JPEG	0	11	63	60
n04146614_347.JPEG	1	0	63	63
n04146614_348.JPEG	0	8	63	63
n04146614_349.JPEG	0	0	63	63
n04146614_350.JPEG	0	0	63	50
n04146614_351.JPEG	0	2	63	63
n04146614_352.JPEG	0	14	63	55
n04146614_353.JPEG	0	13	63	53
n04146614_354.JPEG	0	16	63	63
n04146614_355.JPEG	55	45	63	63
n04146614_356.JPEG	32	13	63	62
n04146614_357.JPEG	0	39	63	63
n04146614_358.JPEG	0	15	63	55
n04146614_359.JPEG	23	23	63	42
n04146614_360.JPEG	7	11	63	53
n04146614_361.JPEG	8	13	63	57
n04146614_362.JPEG	0	1	63	57
n04146614_363.JPEG	36	30	50	38
n04146614_364.JPEG	1	8	63	63
n04146614_365.JPEG	0	0	63	63
n04146614_366.JPEG	0	5	63	60
n04146614_367.JPEG	0	11	63	57
n04146614_368.JPEG	12	26	63	62
n04146614_369.JPEG	0	0	52	63
n04146614_370.JPEG	10	20	63	56
n04146614_371.JPEG	0	25	63	56
n04146614_372.JPEG	0	4	63	63
n04146614_373.JPEG	4	12	58	49
n04146614_374.JPEG	3	26	63	48
n04146614_375.JPEG	1	4	63	63
n04146614_376.JPEG	0	0	63	63
n04146614_377.JPEG	0	7	63	62
n04146614_378.JPEG	0	34	32	61
n04146614_379.JPEG	0	3	63	62
n04146614_380.JPEG	0	14	44	39
n04146614_381.JPEG	2	12	63	63
n04146614_382.JPEG	0	30	63	55
n04146614_383.JPEG	5	0	63	63
n04146614_384.JPEG	3	12	63	58
n04146614_385.JPEG	8	0	63	62
n04146614_386.JPEG	7	21	63	44
n04146614_387.JPEG	1	14	63	51
n04146614_388.JPEG	0	10	63	59
n04146614_389.JPEG	1	0	62	63
n04146614_390.JPEG	0	3	63	60
n04146614_391.JPEG	31	23	57	44
n04146614_392.JPEG	0	7	46	63
n04146614_393.JPEG	0	6	63	63
n04146614_394.JPEG	0	6	63	63
n04146614_395.JPEG	1	14	58	56
n04146614_396.JPEG	21	27	48	49
n04146614_397.JPEG	3	29	61	63
n04146614_398.JPEG	0	4	61	45
n04146614_399.JPEG	0	7	62	61
n04146614_400.JPEG	0	25	57	55
n04146614_401.JPEG	8	23	63	63
n04146614_402.JPEG	49	25	63	49
n04146614_403.JPEG	0	0	63	63
n04146614_404.JPEG	6	1	62	63
n04146614_405.JPEG	33	28	63	61
n04146614_406.JPEG	6	21	63	63
n04146614_407.JPEG	7	23	63	47
n04146614_408.JPEG	0	1	63	63
n04146614_409.JPEG	11	5	56	53
n04146614_410.JPEG	0	6	63	63
n04146614_411.JPEG	18	42	52	58
n04146614_412.JPEG	0	28	63	55
n04146614_413.JPEG	32	0	63	51
n04146614_414.JPEG	7	11	53	60
n04146614_415.JPEG	12	1	63	47
n04146614_416.JPEG	0	13	63	45
n04146614_417.JPEG	0	20	63	58
n04146614_418.JPEG	12	16	63	63
n04146614_419.JPEG	6	9	63	63
n04146614_420.JPEG	0	0	63	63
n04146614_421.JPEG	4	14	63	63
n04146614_422.JPEG	0	12	34	40
n04146614_423.JPEG	0	7	63	63
n04146614_424.JPEG	0	5	63	61
n04146614_425.JPEG	0	0	63	63
n04146614_426.JPEG	0	4	63	54
n04146614_427.JPEG	28	33	58	41
n04146614_428.JPEG	0	0	63	63
n04146614_429.JPEG	8	8	58	58
n04146614_430.JPEG	1	0	63	63
n04146614_431.JPEG	0	0	63	53
n04146614_432.JPEG	0	0	63	63
n04146614_433.JPEG	27	10	63	46
n04146614_434.JPEG	0	7	63	43
n04146614_435.JPEG	0	2	47	51
n04146614_436.JPEG	0	1	63	63
n04146614_437.JPEG	0	23	63	48
n04146614_438.JPEG	1	0	61	57
n04146614_439.JPEG	3	15	63	51
n04146614_440.JPEG	7	40	54	63
n04146614_441.JPEG	7	16	63	56
n04146614_442.JPEG	0	21	63	48
n04146614_443.JPEG	0	3	63	57
n04146614_444.JPEG	13	9	58	56
n04146614_445.JPEG	0	2	63	61
n04146614_446.JPEG	0	21	63	50
n04146614_447.JPEG	18	15	44	44
n04146614_448.JPEG	0	0	63	63
n04146614_449.JPEG	16	37	63	57
n04146614_450.JPEG	0	34	38	51
n04146614_451.JPEG	0	0	63	63
n04146614_452.JPEG	2	11	63	40
n04146614_453.JPEG	0	25	63	48
n04146614_454.JPEG	0	1	63	63
n04146614_455.JPEG	0	25	63	56
n04146614_456.JPEG	0	0	63	63
n04146614_457.JPEG	15	29	49	63
n04146614_458.JPEG	0	3	63	59
n04146614_459.JPEG	0	0	63	63
n04146614_460.JPEG	0	28	45	61
n04146614_461.JPEG	33	19	63	48
n04146614_462.JPEG	22	8	63	52
n04146614_463.JPEG	0	21	63	55
n04146614_464.JPEG	0	0	63	61
n04146614_465.JPEG	0	1	48	63
n04146614_466.JPEG	0	21	63	54
n04146614_467.JPEG	3	8	63	63
n04146614_468.JPEG	0	21	61	40
n04146614_469.JPEG	5	5	63	63
n04146614_470.JPEG	0	3	63	61
n04146614_471.JPEG	0	1	63	63
n04146614_472.JPEG	12	20	63	37
n04146614_473.JPEG	53	13	63	53
n04146614_474.JPEG	13	12	52	58
n04146614_475.JPEG	0	2	63	61
n04146614_476.JPEG	0	28	36	53
n04146614_477.JPEG	0	7	63	59
n04146614_478.JPEG	0	6	63	50
n04146614_479.JPEG	0	3	63	59
n04146614_480.JPEG	41	12	63	35
n04146614_481.JPEG	9	24	52	42
n04146614_482.JPEG	0	1	63	63
n04146614_483.JPEG	0	22	53	59
n04146614_484.JPEG	17	29	51	40
n04146614_485.JPEG	0	17	63	46
n04146614_486.JPEG	1	17	55	63
n04146614_487.JPEG	0	3	58	63
n04146614_488.JPEG	37	12	63	45
n04146614_489.JPEG	0	9	63	58
n04146614_490.JPEG	0	17	44	62
n04146614_491.JPEG	0	13	42	38
n04146614_492.JPEG	6	22	52	57
n04146614_493.JPEG	0	13	63	59
n04146614_494.JPEG	0	9	63	50
n04146614_495.JPEG	36	17	63	45
n04146614_496.JPEG	1	14	55	47
n04146614_497.JPEG	3	24	55	43
n04146614_498.JPEG	13	10	58	45
n04146614_499.JPEG	0	0	63	53
