n01443537_0.JPEG	0	10	63	58
n01443537_1.JPEG	14	2	54	49
n01443537_2.JPEG	0	0	63	63
n01443537_3.JPEG	0	16	48	54
n01443537_4.JPEG	15	0	51	63
n01443537_5.JPEG	0	0	63	63
n01443537_6.JPEG	13	21	52	41
n01443537_7.JPEG	0	0	63	63
n01443537_8.JPEG	0	14	37	36
n01443537_9.JPEG	16	18	56	53
n01443537_10.JPEG	1	17	58	56
n01443537_11.JPEG	0	0	61	52
n01443537_12.JPEG	4	3	61	63
n01443537_13.JPEG	51	7	63	16
n01443537_14.JPEG	34	21	63	54
n01443537_15.JPEG	0	1	52	56
n01443537_16.JPEG	0	14	32	36
n01443537_17.JPEG	0	8	63	58
n01443537_18.JPEG	0	21	41	53
n01443537_19.JPEG	12	6	63	59
n01443537_20.JPEG	17	3	52	43
n01443537_21.JPEG	26	25	50	48
n01443537_22.JPEG	13	39	37	50
n01443537_23.JPEG	0	12	63	63
n01443537_24.JPEG	0	17	63	59
n01443537_25.JPEG	0	2	63	63
n01443537_26.JPEG	0	5	63	63
n01443537_27.JPEG	21	1	63	29
n01443537_28.JPEG	0	0	63	40
n01443537_29.JPEG	0	0	63	63
n01443537_30.JPEG	0	13	63	50
n01443537_31.JPEG	2	0	63	63
n01443537_32.JPEG	0	9	63	43
n01443537_33.JPEG	0	6	48	51
n01443537_34.JPEG	0	15	63	54
n01443537_35.JPEG	4	10	61	56
n01443537_36.JPEG	0	15	63	56
n01443537_37.JPEG	9	12	63	53
n01443537_38.JPEG	37	16	61	62
n01443537_39.JPEG	9	1	63	60
n01443537_40.JPEG	6	11	63	50
n01443537_41.JPEG	4	13	56	41
n01443537_42.JPEG	0	12	63	40
n01443537_43.JPEG	0	2	63	56
n01443537_44.JPEG	0	6	63	63
n01443537_45.JPEG	21	6	45	53
n01443537_46.JPEG	0	5	63	60
n01443537_47.JPEG	0	30	48	53
n01443537_48.JPEG	0	4	63	61
n01443537_49.JPEG	2	15	33	53
n01443537_50.JPEG	16	14	63	60
n01443537_51.JPEG	18	20	45	37
n01443537_52.JPEG	2	5	63	54
n01443537_53.JPEG	3	13	56	58
n01443537_54.JPEG	4	23	49	41
n01443537_55.JPEG	0	0	63	63
n01443537_56.JPEG	0	1	63	63
n01443537_57.JPEG	0	2	63	61
n01443537_58.JPEG	8	7	63	54
n01443537_59.JPEG	0	11	63	49
n01443537_60.JPEG	7	0	52	53
n01443537_61.JPEG	0	6	62	53
n01443537_62.JPEG	18	12	26	23
n01443537_63.JPEG	1	28	42	39
n01443537_64.JPEG	5	14	63	52
n01443537_65.JPEG	0	0	49	52
n01443537_66.JPEG	0	20	41	56
n01443537_67.JPEG	0	3	55	63
n01443537_68.JPEG	0	4	21	61
n01443537_69.JPEG	0	1	63	44
n01443537_70.JPEG	25	15	38	41
n01443537_71.JPEG	25	37	42	63
n01443537_72.JPEG	4	0	63	57
n01443537_73.JPEG	15	1	63	59
n01443537_74.JPEG	7	0	58	63
n01443537_75.JPEG	0	21	39	53
n01443537_76.JPEG	1	0	63	63
n01443537_77.JPEG	51	31	63	39
n01443537_78.JPEG	33	47	40	52
n01443537_79.JPEG	6	23	46	34
n01443537_80.JPEG	0	1	58	63
n01443537_81.JPEG	29	0	63	25
n01443537_82.JPEG	0	3	63	63
n01443537_83.JPEG	0	5	63	43
n01443537_84.JPEG	2	4	33	30
n01443537_85.JPEG	16	14	57	39
n01443537_86.JPEG	6	7	63	61
n01443537_87.JPEG	0	1	63	58
n01443537_88.JPEG	0	22	36	62
n01443537_89.JPEG	3	6	36	42
n01443537_90.JPEG	7	3	63	45
n01443537_91.JPEG	4	13	45	33
n01443537_92.JPEG	0	9	63	58
n01443537_93.JPEG	13	1	58	53
n01443537_94.JPEG	21	34	57	63
n01443537_95.JPEG	0	1	54	55
n01443537_96.JPEG	0	24	63	53
n01443537_97.JPEG	19	31	35	40
n01443537_98.JPEG	5	26	63	50
n01443537_99.JPEG	0	2	63	61
n01443537_100.JPEG	5	12	63	56
n01443537_101.JPEG	5	0	63	63
n01443537_102.JPEG	24	14	63	60
n01443537_103.JPEG	2	7	63	59
n01443537_104.JPEG	10	12	63	53
n01443537_105.JPEG	0	11	43	50
n01443537_106.JPEG	0	15	54	44
n01443537_107.JPEG	0	6	63	49
n01443537_108.JPEG	0	5	52	56
n01443537_109.JPEG	0	9	63	55
n01443537_110.JPEG	1	7	62	50
n01443537_111.JPEG	47	14	60	33
n01443537_112.JPEG	0	6	63	63
n01443537_113.JPEG	0	20	63	61
n01443537_114.JPEG	10	3	51	34
n01443537_115.JPEG	13	0	63	53
n01443537_116.JPEG	0	11	53	48
n01443537_117.JPEG	13	5	63	63
n01443537_118.JPEG	0	23	30	44
n01443537_119.JPEG	0	2	63	63
n01443537_120.JPEG	23	24	48	48
n01443537_121.JPEG	30	23	53	40
n01443537_122.JPEG	0	0	53	61
n01443537_123.JPEG	45	27	62	41
n01443537_124.JPEG	5	9	51	31
n01443537_125.JPEG	2	0	63	59
n01443537_126.JPEG	0	0	45	38
n01443537_127.JPEG	0	5	63	54
n01443537_128.JPEG	21	25	45	48
n01443537_129.JPEG	27	22	63	51
n01443537_130.JPEG	0	7	63	63
n01443537_131.JPEG	13	14	61	54
n01443537_132.JPEG	16	38	53	58
n01443537_133.JPEG	11	29	16	31
n01443537_134.JPEG	24	29	48	40
n01443537_135.JPEG	1	7	52	63
n01443537_136.JPEG	0	11	61	50
n01443537_137.JPEG	7	0	63	28
n01443537_138.JPEG	35	24	57	35
n01443537_139.JPEG	9	1	63	59
n01443537_140.JPEG	20	2	51	42
n01443537_141.JPEG	30	34	63	63
n01443537_142.JPEG	0	9	61	55
n01443537_143.JPEG	0	19	63	53
n01443537_144.JPEG	15	8	63	46
n01443537_145.JPEG	0	1	43	57
n01443537_146.JPEG	23	2	48	33
n01443537_147.JPEG	19	9	57	49
n01443537_148.JPEG	6	15	45	37
n01443537_149.JPEG	0	2	63	60
n01443537_150.JPEG	10	23	41	55
n01443537_151.JPEG	0	8	63	33
n01443537_152.JPEG	23	30	63	59
n01443537_153.JPEG	0	0	61	63
n01443537_154.JPEG	1	20	62	44
n01443537_155.JPEG	0	26	44	63
n01443537_156.JPEG	12	0	63	55
n01443537_157.JPEG	36	6	63	58
n01443537_158.JPEG	0	0	63	63
n01443537_159.JPEG	0	5	63	62
n01443537_160.JPEG	0	8	63	59
n01443537_161.JPEG	0	11	61	62
n01443537_162.JPEG	9	27	63	63
n01443537_163.JPEG	0	4	63	61
n01443537_164.JPEG	6	7	60	63
n01443537_165.JPEG	2	42	24	58
n01443537_166.JPEG	49	16	63	58
n01443537_167.JPEG	0	0	63	63
n01443537_168.JPEG	1	0	63	63
n01443537_169.JPEG	0	1	63	62
n01443537_170.JPEG	0	0	63	61
n01443537_171.JPEG	0	13	59	56
n01443537_172.JPEG	39	16	63	37
n01443537_173.JPEG	0	13	63	52
n01443537_174.JPEG	0	9	63	51
n01443537_175.JPEG	9	6	58	50
n01443537_176.JPEG	5	3	56	30
n01443537_177.JPEG	0	8	55	59
n01443537_178.JPEG	11	42	35	63
n01443537_179.JPEG	0	21	49	57
n01443537_180.JPEG	16	9	63	58
n01443537_181.JPEG	13	15	50	63
n01443537_182.JPEG	7	9	53	48
n01443537_183.JPEG	34	30	63	53
n01443537_184.JPEG	4	6	56	61
n01443537_185.JPEG	9	23	53	35
n01443537_186.JPEG	25	22	49	35
n01443537_187.JPEG	21	24	47	37
n01443537_188.JPEG	0	3	63	63
n01443537_189.JPEG	0	0	59	55
n01443537_190.JPEG	26	0	53	47
n01443537_191.JPEG	41	19	55	27
n01443537_192.JPEG	16	2	63	52
n01443537_193.JPEG	13	13	57	53
n01443537_194.JPEG	12	7	63	59
n01443537_195.JPEG	17	17	61	38
n01443537_196.JPEG	32	16	63	63
n01443537_197.JPEG	0	2	47	56
n01443537_198.JPEG	0	5	63	52
n01443537_199.JPEG	1	35	32	60
n01443537_200.JPEG	24	0	63	40
n01443537_201.JPEG	0	30	53	45
n01443537_202.JPEG	7	4	63	62
n01443537_203.JPEG	25	19	45	46
n01443537_204.JPEG	0	22	21	55
n01443537_205.JPEG	0	1	63	63
n01443537_206.JPEG	0	7	51	49
n01443537_207.JPEG	6	5	63	50
n01443537_208.JPEG	0	13	57	51
n01443537_209.JPEG	0	15	53	63
n01443537_210.JPEG	5	18	59	54
n01443537_211.JPEG	0	8	63	63
n01443537_212.JPEG	6	4	63	63
n01443537_213.JPEG	0	0	63	63
n01443537_214.JPEG	2	26	42	41
n01443537_215.JPEG	0	1	63	63
n01443537_216.JPEG	0	1	63	44
n01443537_217.JPEG	0	5	61	63
n01443537_218.JPEG	0	4	63	62
n01443537_219.JPEG	13	12	63	51
n01443537_220.JPEG	1	47	24	63
n01443537_221.JPEG	16	15	47	46
n01443537_222.JPEG	0	6	63	58
n01443537_223.JPEG	0	7	63	62
n01443537_224.JPEG	3	0	39	24
n01443537_225.JPEG	0	2	63	62
n01443537_226.JPEG	5	0	63	63
n01443537_227.JPEG	0	3	63	61
n01443537_228.JPEG	0	0	39	44
n01443537_229.JPEG	2	9	61	51
n01443537_230.JPEG	0	13	63	53
n01443537_231.JPEG	0	30	28	37
n01443537_232.JPEG	0	6	63	58
n01443537_233.JPEG	18	16	43	34
n01443537_234.JPEG	0	17	51	60
n01443537_235.JPEG	30	18	59	43
n01443537_236.JPEG	33	13	58	26
n01443537_237.JPEG	5	15	63	63
n01443537_238.JPEG	18	15	54	44
n01443537_239.JPEG	0	12	61	63
n01443537_240.JPEG	0	0	63	63
n01443537_241.JPEG	0	7	63	63
n01443537_242.JPEG	1	8	62	52
n01443537_243.JPEG	0	9	63	59
n01443537_244.JPEG	0	7	63	63
n01443537_245.JPEG	0	13	63	53
n01443537_246.JPEG	0	13	54	60
n01443537_247.JPEG	0	0	63	63
n01443537_248.JPEG	25	28	51	37
n01443537_249.JPEG	48	28	61	33
n01443537_250.JPEG	0	30	46	53
n01443537_251.JPEG	25	27	63	55
n01443537_252.JPEG	0	19	63	43
n01443537_253.JPEG	0	9	63	54
n01443537_254.JPEG	42	26	63	40
n01443537_255.JPEG	3	20	63	60
n01443537_256.JPEG	7	0	59	61
n01443537_257.JPEG	0	16	63	51
n01443537_258.JPEG	15	19	55	47
n01443537_259.JPEG	0	6	63	62
n01443537_260.JPEG	4	5	63	62
n01443537_261.JPEG	13	1	63	55
n01443537_262.JPEG	1	2	63	58
n01443537_263.JPEG	0	5	38	44
n01443537_264.JPEG	24	22	53	56
n01443537_265.JPEG	0	7	63	63
n01443537_266.JPEG	16	3	60	62
n01443537_267.JPEG	0	4	63	56
n01443537_268.JPEG	0	3	63	63
n01443537_269.JPEG	7	23	41	49
n01443537_270.JPEG	0	10	41	62
n01443537_271.JPEG	0	10	63	49
n01443537_272.JPEG	9	23	63	53
n01443537_273.JPEG	5	11	63	63
n01443537_274.JPEG	0	11	63	61
n01443537_275.JPEG	0	9	53	48
n01443537_276.JPEG	48	35	61	53
n01443537_277.JPEG	0	8	62	54
n01443537_278.JPEG	41	39	54	43
n01443537_279.JPEG	9	9	44	41
n01443537_280.JPEG	0	7	34	57
n01443537_281.JPEG	0	0	63	57
n01443537_282.JPEG	16	35	27	48
n01443537_283.JPEG	0	0	60	63
n01443537_284.JPEG	0	0	63	63
n01443537_285.JPEG	6	10	63	49
n01443537_286.JPEG	0	16	57	50
n01443537_287.JPEG	0	0	49	33
n01443537_288.JPEG	11	7	63	63
n01443537_289.JPEG	0	5	63	61
n01443537_290.JPEG	14	2	42	18
n01443537_291.JPEG	2	12	56	55
n01443537_292.JPEG	22	6	57	44
n01443537_293.JPEG	0	10	45	48
n01443537_294.JPEG	23	31	41	44
n01443537_295.JPEG	1	24	49	46
n01443537_296.JPEG	13	45	23	49
n01443537_297.JPEG	3	11	30	49
n01443537_298.JPEG	0	44	31	63
n01443537_299.JPEG	0	10	63	63
n01443537_300.JPEG	0	4	63	58
n01443537_301.JPEG	0	3	63	62
n01443537_302.JPEG	4	10	63	51
n01443537_303.JPEG	0	4	63	60
n01443537_304.JPEG	10	14	50	63
n01443537_305.JPEG	0	6	59	62
n01443537_306.JPEG	0	1	61	53
n01443537_307.JPEG	57	7	63	17
n01443537_308.JPEG	0	15	63	43
n01443537_309.JPEG	0	8	17	46
n01443537_310.JPEG	2	50	57	63
n01443537_311.JPEG	16	16	58	40
n01443537_312.JPEG	0	10	63	54
n01443537_313.JPEG	17	27	23	30
n01443537_314.JPEG	0	0	59	55
n01443537_315.JPEG	12	18	32	30
n01443537_316.JPEG	0	0	63	63
n01443537_317.JPEG	20	0	63	35
n01443537_318.JPEG	16	7	29	39
n01443537_319.JPEG	0	2	63	61
n01443537_320.JPEG	0	29	63	59
n01443537_321.JPEG	33	0	52	17
n01443537_322.JPEG	11	1	63	63
n01443537_323.JPEG	4	12	61	54
n01443537_324.JPEG	15	27	50	47
n01443537_325.JPEG	0	3	62	63
n01443537_326.JPEG	0	2	63	63
n01443537_327.JPEG	0	1	63	63
n01443537_328.JPEG	0	11	63	54
n01443537_329.JPEG	7	6	20	10
n01443537_330.JPEG	9	3	57	54
n01443537_331.JPEG	0	8	63	51
n01443537_332.JPEG	0	3	63	59
n01443537_333.JPEG	2	1	61	59
n01443537_334.JPEG	46	24	63	49
n01443537_335.JPEG	1	0	56	63
n01443537_336.JPEG	0	9	63	57
n01443537_337.JPEG	5	8	62	56
n01443537_338.JPEG	0	22	35	53
n01443537_339.JPEG	30	29	63	63
n01443537_340.JPEG	0	23	63	60
n01443537_341.JPEG	26	36	44	46
n01443537_342.JPEG	6	14	62	43
n01443537_343.JPEG	0	11	63	63
n01443537_344.JPEG	0	17	33	46
n01443537_345.JPEG	0	1	63	63
n01443537_346.JPEG	0	2	63	63
n01443537_347.JPEG	27	25	50	38
n01443537_348.JPEG	11	21	63	52
n01443537_349.JPEG	0	22	30	32
n01443537_350.JPEG	0	9	63	58
n01443537_351.JPEG	0	4	13	26
n01443537_352.JPEG	0	5	63	57
n01443537_353.JPEG	2	1	63	62
n01443537_354.JPEG	1	9	55	57
n01443537_355.JPEG	24	15	63	63
n01443537_356.JPEG	14	23	39	45
n01443537_357.JPEG	21	31	34	42
n01443537_358.JPEG	8	17	49	63
n01443537_359.JPEG	6	20	63	63
n01443537_360.JPEG	22	13	63	63
n01443537_361.JPEG	0	12	59	50
n01443537_362.JPEG	0	17	40	40
n01443537_363.JPEG	26	32	63	61
n01443537_364.JPEG	0	7	63	58
n01443537_365.JPEG	1	10	40	63
n01443537_366.JPEG	0	3	63	57
n01443537_367.JPEG	33	23	63	56
n01443537_368.JPEG	11	18	63	63
n01443537_369.JPEG	13	21	63	46
n01443537_370.JPEG	38	14	63	45
n01443537_371.JPEG	21	14	28	40
n01443537_372.JPEG	12	10	63	45
n01443537_373.JPEG	0	12	63	62
n01443537_374.JPEG	0	1	63	60
n01443537_375.JPEG	22	9	40	27
n01443537_376.JPEG	2	5	63	63
n01443537_377.JPEG	4	1	53	63
n01443537_378.JPEG	0	4	63	48
n01443537_379.JPEG	0	4	63	57
n01443537_380.JPEG	3	14	38	27
n01443537_381.JPEG	0	3	63	63
n01443537_382.JPEG	0	4	34	34
n01443537_383.JPEG	0	16	63	60
n01443537_384.JPEG	0	12	62	61
n01443537_385.JPEG	0	15	63	59
n01443537_386.JPEG	36	27	49	43
n01443537_387.JPEG	31	13	63	56
n01443537_388.JPEG	0	16	39	52
n01443537_389.JPEG	0	5	63	63
n01443537_390.JPEG	36	36	62	63
n01443537_391.JPEG	2	7	51	54
n01443537_392.JPEG	49	27	53	37
n01443537_393.JPEG	0	0	59	63
n01443537_394.JPEG	10	31	35	45
n01443537_395.JPEG	2	8	63	63
n01443537_396.JPEG	0	6	63	50
n01443537_397.JPEG	47	34	63	52
n01443537_398.JPEG	12	23	50	47
n01443537_399.JPEG	44	1	55	32
n01443537_400.JPEG	0	39	16	52
n01443537_401.JPEG	0	6	63	63
n01443537_402.JPEG	0	6	63	56
n01443537_403.JPEG	21	18	42	51
n01443537_404.JPEG	0	1	56	60
n01443537_405.JPEG	0	13	63	53
n01443537_406.JPEG	3	12	63	63
n01443537_407.JPEG	24	28	63	57
n01443537_408.JPEG	9	48	22	63
n01443537_409.JPEG	20	0	63	63
n01443537_410.JPEG	0	1	50	63
n01443537_411.JPEG	0	12	63	46
n01443537_412.JPEG	0	2	34	44
n01443537_413.JPEG	3	12	63	58
n01443537_414.JPEG	0	2	63	62
n01443537_415.JPEG	26	16	63	63
n01443537_416.JPEG	15	1	60	44
n01443537_417.JPEG	18	10	48	37
n01443537_418.JPEG	18	38	43	52
n01443537_419.JPEG	0	4	33	47
n01443537_420.JPEG	0	0	63	63
n01443537_421.JPEG	5	9	63	63
n01443537_422.JPEG	0	19	63	49
n01443537_423.JPEG	32	1	63	61
n01443537_424.JPEG	19	20	54	51
n01443537_425.JPEG	9	63	18	63
n01443537_426.JPEG	0	10	63	59
n01443537_427.JPEG	0	14	56	50
n01443537_428.JPEG	0	17	38	63
n01443537_429.JPEG	0	2	63	60
n01443537_430.JPEG	12	0	57	63
n01443537_431.JPEG	12	3	63	44
n01443537_432.JPEG	0	0	17	29
n01443537_433.JPEG	25	42	52	63
n01443537_434.JPEG	0	1	63	63
n01443537_435.JPEG	0	0	63	63
n01443537_436.JPEG	12	1	50	43
n01443537_437.JPEG	16	9	63	38
n01443537_438.JPEG	18	6	35	24
n01443537_439.JPEG	0	19	56	63
n01443537_440.JPEG	7	22	46	53
n01443537_441.JPEG	13	29	21	45
n01443537_442.JPEG	0	25	15	36
n01443537_443.JPEG	12	16	39	50
n01443537_444.JPEG	0	9	63	63
n01443537_445.JPEG	0	0	45	48
n01443537_446.JPEG	5	0	59	63
n01443537_447.JPEG	0	0	43	54
n01443537_448.JPEG	7	13	41	60
n01443537_449.JPEG	0	0	63	63
n01443537_450.JPEG	1	1	57	57
n01443537_451.JPEG	0	0	63	63
n01443537_452.JPEG	24	0	59	49
n01443537_453.JPEG	7	10	55	51
n01443537_454.JPEG	0	0	63	47
n01443537_455.JPEG	0	6	57	55
n01443537_456.JPEG	25	12	63	49
n01443537_457.JPEG	15	7	63	59
n01443537_458.JPEG	0	0	63	63
n01443537_459.JPEG	11	15	54	42
n01443537_460.JPEG	0	6	61	51
n01443537_461.JPEG	0	11	50	45
n01443537_462.JPEG	2	0	56	63
n01443537_463.JPEG	0	9	63	54
n01443537_464.JPEG	3	1	63	57
n01443537_465.JPEG	0	1	63	63
n01443537_466.JPEG	1	0	63	62
n01443537_467.JPEG	9	0	61	55
n01443537_468.JPEG	0	8	63	57
n01443537_469.JPEG	0	8	63	42
n01443537_470.JPEG	35	32	63	58
n01443537_471.JPEG	2	11	58	63
n01443537_472.JPEG	1	0	63	58
n01443537_473.JPEG	2	3	55	52
n01443537_474.JPEG	5	0	61	51
n01443537_475.JPEG	1	9	60	63
n01443537_476.JPEG	2	11	56	58
n01443537_477.JPEG	0	7	63	56
n01443537_478.JPEG	0	1	63	63
n01443537_479.JPEG	0	10	63	57
n01443537_480.JPEG	0	1	63	59
n01443537_481.JPEG	0	3	63	61
n01443537_482.JPEG	23	13	63	52
n01443537_483.JPEG	19	28	62	54
n01443537_484.JPEG	0	0	63	63
n01443537_485.JPEG	7	6	63	39
n01443537_486.JPEG	0	0	63	62
n01443537_487.JPEG	6	7	44	34
n01443537_488.JPEG	6	9	63	46
n01443537_489.JPEG	19	23	62	39
n01443537_490.JPEG	12	23	49	56
n01443537_491.JPEG	12	7	63	46
n01443537_492.JPEG	33	13	52	45
n01443537_493.JPEG	0	13	46	41
n01443537_494.JPEG	0	10	63	63
n01443537_495.JPEG	1	5	61	49
n01443537_496.JPEG	34	23	63	55
n01443537_497.JPEG	19	19	61	45
n01443537_498.JPEG	35	1	63	46
n01443537_499.JPEG	0	3	39	42
