n02669723_0.JPEG	4	0	63	63
n02669723_1.JPEG	47	26	63	63
n02669723_2.JPEG	0	4	63	63
n02669723_3.JPEG	10	15	39	63
n02669723_4.JPEG	1	7	17	31
n02669723_5.JPEG	0	27	17	63
n02669723_6.JPEG	0	19	63	63
n02669723_7.JPEG	1	19	54	63
n02669723_8.JPEG	8	5	55	63
n02669723_9.JPEG	23	5	63	63
n02669723_10.JPEG	5	8	58	63
n02669723_11.JPEG	20	33	63	63
n02669723_12.JPEG	13	3	50	61
n02669723_13.JPEG	9	0	56	63
n02669723_14.JPEG	16	0	54	63
n02669723_15.JPEG	3	5	63	63
n02669723_16.JPEG	0	36	9	63
n02669723_17.JPEG	9	31	26	60
n02669723_18.JPEG	0	6	14	63
n02669723_19.JPEG	9	17	59	63
n02669723_20.JPEG	22	28	63	63
n02669723_21.JPEG	48	49	63	63
n02669723_22.JPEG	0	2	29	63
n02669723_23.JPEG	23	30	51	63
n02669723_24.JPEG	4	3	31	63
n02669723_25.JPEG	29	28	63	63
n02669723_26.JPEG	4	0	60	63
n02669723_27.JPEG	6	3	57	63
n02669723_28.JPEG	38	17	63	54
n02669723_29.JPEG	21	25	38	63
n02669723_30.JPEG	0	49	33	63
n02669723_31.JPEG	5	37	53	63
n02669723_32.JPEG	15	27	25	45
n02669723_33.JPEG	0	30	63	63
n02669723_34.JPEG	6	0	58	63
n02669723_35.JPEG	16	6	48	63
n02669723_36.JPEG	26	33	63	63
n02669723_37.JPEG	40	31	63	63
n02669723_38.JPEG	1	1	53	63
n02669723_39.JPEG	5	0	63	63
n02669723_40.JPEG	1	8	63	63
n02669723_41.JPEG	0	26	11	63
n02669723_42.JPEG	10	0	54	63
n02669723_43.JPEG	4	1	61	63
n02669723_44.JPEG	9	6	50	63
n02669723_45.JPEG	0	28	60	63
n02669723_46.JPEG	13	38	61	63
n02669723_47.JPEG	4	13	58	63
n02669723_48.JPEG	1	0	63	63
n02669723_49.JPEG	12	5	62	63
n02669723_50.JPEG	18	18	39	59
n02669723_51.JPEG	6	0	63	63
n02669723_52.JPEG	0	25	51	63
n02669723_53.JPEG	2	0	63	63
n02669723_54.JPEG	43	34	63	63
n02669723_55.JPEG	14	13	54	63
n02669723_56.JPEG	45	23	63	63
n02669723_57.JPEG	15	33	20	43
n02669723_58.JPEG	0	41	63	63
n02669723_59.JPEG	1	9	47	63
n02669723_60.JPEG	4	0	60	63
n02669723_61.JPEG	8	0	53	63
n02669723_62.JPEG	1	9	62	63
n02669723_63.JPEG	43	34	63	63
n02669723_64.JPEG	10	36	63	63
n02669723_65.JPEG	6	36	58	63
n02669723_66.JPEG	0	0	63	63
n02669723_67.JPEG	0	47	63	63
n02669723_68.JPEG	19	2	46	63
n02669723_69.JPEG	0	11	22	63
n02669723_70.JPEG	40	19	63	63
n02669723_71.JPEG	16	16	47	63
n02669723_72.JPEG	3	15	63	63
n02669723_73.JPEG	0	39	59	63
n02669723_74.JPEG	0	23	11	63
n02669723_75.JPEG	5	0	58	63
n02669723_76.JPEG	51	3	63	63
n02669723_77.JPEG	7	0	63	63
n02669723_78.JPEG	28	0	63	63
n02669723_79.JPEG	19	2	51	63
n02669723_80.JPEG	2	43	62	62
n02669723_81.JPEG	41	7	63	63
n02669723_82.JPEG	0	30	63	63
n02669723_83.JPEG	18	21	39	58
n02669723_84.JPEG	1	0	63	63
n02669723_85.JPEG	0	11	31	63
n02669723_86.JPEG	47	32	63	63
n02669723_87.JPEG	0	0	63	63
n02669723_88.JPEG	13	15	40	63
n02669723_89.JPEG	0	22	63	63
n02669723_90.JPEG	0	48	43	63
n02669723_91.JPEG	0	0	63	63
n02669723_92.JPEG	24	32	41	56
n02669723_93.JPEG	14	25	58	63
n02669723_94.JPEG	3	5	61	63
n02669723_95.JPEG	16	0	63	63
n02669723_96.JPEG	0	27	63	63
n02669723_97.JPEG	4	10	56	63
n02669723_98.JPEG	3	0	63	63
n02669723_99.JPEG	1	35	55	63
n02669723_100.JPEG	6	17	55	63
n02669723_101.JPEG	9	29	57	63
n02669723_102.JPEG	0	30	53	63
n02669723_103.JPEG	3	9	54	63
n02669723_104.JPEG	0	23	37	63
n02669723_105.JPEG	29	5	62	63
n02669723_106.JPEG	12	16	59	63
n02669723_107.JPEG	25	4	63	62
n02669723_108.JPEG	1	36	63	63
n02669723_109.JPEG	42	19	55	47
n02669723_110.JPEG	2	0	61	63
n02669723_111.JPEG	0	16	43	46
n02669723_112.JPEG	19	15	49	61
n02669723_113.JPEG	0	38	63	63
n02669723_114.JPEG	6	45	56	63
n02669723_115.JPEG	37	28	63	63
n02669723_116.JPEG	2	18	63	61
n02669723_117.JPEG	0	0	16	63
n02669723_118.JPEG	3	0	63	63
n02669723_119.JPEG	48	22	63	63
n02669723_120.JPEG	0	0	62	63
n02669723_121.JPEG	4	27	63	63
n02669723_122.JPEG	5	4	63	63
n02669723_123.JPEG	16	17	34	51
n02669723_124.JPEG	35	26	48	44
n02669723_125.JPEG	8	24	51	63
n02669723_126.JPEG	2	47	63	63
n02669723_127.JPEG	2	1	60	63
n02669723_128.JPEG	11	19	52	63
n02669723_129.JPEG	8	5	52	63
n02669723_130.JPEG	0	17	63	63
n02669723_131.JPEG	10	0	61	63
n02669723_132.JPEG	22	0	63	63
n02669723_133.JPEG	0	18	2	61
n02669723_134.JPEG	19	28	52	63
n02669723_135.JPEG	52	25	63	45
n02669723_136.JPEG	13	0	49	63
n02669723_137.JPEG	14	3	63	63
n02669723_138.JPEG	35	21	63	63
n02669723_139.JPEG	8	6	33	60
n02669723_140.JPEG	0	0	63	63
n02669723_141.JPEG	6	9	19	36
n02669723_142.JPEG	24	19	45	63
n02669723_143.JPEG	0	0	63	63
n02669723_144.JPEG	1	0	63	63
n02669723_145.JPEG	2	0	63	63
n02669723_146.JPEG	1	18	26	63
n02669723_147.JPEG	20	18	60	63
n02669723_148.JPEG	10	0	63	63
n02669723_149.JPEG	8	0	57	63
n02669723_150.JPEG	29	34	46	63
n02669723_151.JPEG	9	33	40	51
n02669723_152.JPEG	1	4	63	63
n02669723_153.JPEG	0	26	10	60
n02669723_154.JPEG	29	28	63	63
n02669723_155.JPEG	43	15	62	46
n02669723_156.JPEG	7	14	54	63
n02669723_157.JPEG	2	5	63	63
n02669723_158.JPEG	2	0	63	63
n02669723_159.JPEG	37	21	63	59
n02669723_160.JPEG	5	1	55	63
n02669723_161.JPEG	1	50	63	63
n02669723_162.JPEG	31	18	63	63
n02669723_163.JPEG	0	11	51	63
n02669723_164.JPEG	31	51	54	62
n02669723_165.JPEG	6	7	49	63
n02669723_166.JPEG	9	9	56	63
n02669723_167.JPEG	0	28	17	63
n02669723_168.JPEG	31	0	63	63
n02669723_169.JPEG	9	1	63	63
n02669723_170.JPEG	2	0	62	63
n02669723_171.JPEG	34	3	63	61
n02669723_172.JPEG	0	8	63	63
n02669723_173.JPEG	17	10	46	63
n02669723_174.JPEG	5	9	50	63
n02669723_175.JPEG	0	15	63	63
n02669723_176.JPEG	0	23	61	63
n02669723_177.JPEG	0	38	63	63
n02669723_178.JPEG	1	19	18	54
n02669723_179.JPEG	5	30	58	63
n02669723_180.JPEG	39	35	63	63
n02669723_181.JPEG	0	41	61	63
n02669723_182.JPEG	7	31	38	63
n02669723_183.JPEG	13	7	57	63
n02669723_184.JPEG	57	40	63	63
n02669723_185.JPEG	6	21	63	63
n02669723_186.JPEG	4	0	60	63
n02669723_187.JPEG	21	0	42	62
n02669723_188.JPEG	32	26	63	63
n02669723_189.JPEG	4	10	60	63
n02669723_190.JPEG	1	14	62	63
n02669723_191.JPEG	52	22	60	33
n02669723_192.JPEG	5	41	61	63
n02669723_193.JPEG	0	27	63	63
n02669723_194.JPEG	0	40	28	61
n02669723_195.JPEG	1	7	29	63
n02669723_196.JPEG	0	40	24	63
n02669723_197.JPEG	5	25	63	63
n02669723_198.JPEG	7	36	55	63
n02669723_199.JPEG	9	14	60	63
n02669723_200.JPEG	17	15	63	63
n02669723_201.JPEG	0	24	39	63
n02669723_202.JPEG	0	24	33	63
n02669723_203.JPEG	29	26	63	63
n02669723_204.JPEG	25	29	38	47
n02669723_205.JPEG	17	15	31	50
n02669723_206.JPEG	14	0	63	63
n02669723_207.JPEG	1	0	63	63
n02669723_208.JPEG	6	31	49	63
n02669723_209.JPEG	12	36	58	63
n02669723_210.JPEG	6	0	59	63
n02669723_211.JPEG	0	4	36	63
n02669723_212.JPEG	12	6	49	63
n02669723_213.JPEG	5	0	63	63
n02669723_214.JPEG	0	30	1	54
n02669723_215.JPEG	2	0	42	63
n02669723_216.JPEG	13	37	63	63
n02669723_217.JPEG	0	34	63	63
n02669723_218.JPEG	12	16	51	63
n02669723_219.JPEG	0	11	63	63
n02669723_220.JPEG	7	1	56	63
n02669723_221.JPEG	5	15	58	63
n02669723_222.JPEG	0	50	63	63
n02669723_223.JPEG	1	0	62	63
n02669723_224.JPEG	48	25	63	63
n02669723_225.JPEG	11	3	49	63
n02669723_226.JPEG	2	13	63	63
n02669723_227.JPEG	1	0	63	63
n02669723_228.JPEG	20	21	53	63
n02669723_229.JPEG	17	0	63	63
n02669723_230.JPEG	8	29	30	63
n02669723_231.JPEG	0	1	33	56
n02669723_232.JPEG	7	0	58	63
n02669723_233.JPEG	0	48	62	63
n02669723_234.JPEG	41	28	63	63
n02669723_235.JPEG	2	0	56	63
n02669723_236.JPEG	14	0	63	63
n02669723_237.JPEG	18	0	59	63
n02669723_238.JPEG	1	39	55	63
n02669723_239.JPEG	14	30	58	63
n02669723_240.JPEG	19	13	52	63
n02669723_241.JPEG	0	0	44	63
n02669723_242.JPEG	3	2	62	63
n02669723_243.JPEG	14	9	41	63
n02669723_244.JPEG	8	9	55	63
n02669723_245.JPEG	0	5	28	63
n02669723_246.JPEG	0	33	63	63
n02669723_247.JPEG	27	13	45	53
n02669723_248.JPEG	0	41	63	63
n02669723_249.JPEG	11	21	38	51
n02669723_250.JPEG	25	14	63	63
n02669723_251.JPEG	0	30	53	63
n02669723_252.JPEG	0	1	54	63
n02669723_253.JPEG	1	0	63	63
n02669723_254.JPEG	0	2	60	63
n02669723_255.JPEG	5	29	63	63
n02669723_256.JPEG	1	0	63	63
n02669723_257.JPEG	33	8	61	60
n02669723_258.JPEG	0	0	63	63
n02669723_259.JPEG	0	30	21	63
n02669723_260.JPEG	9	15	56	63
n02669723_261.JPEG	1	22	63	63
n02669723_262.JPEG	47	31	63	63
n02669723_263.JPEG	27	24	44	63
n02669723_264.JPEG	0	22	63	63
n02669723_265.JPEG	4	15	57	63
n02669723_266.JPEG	0	25	63	63
n02669723_267.JPEG	0	0	63	63
n02669723_268.JPEG	0	28	42	63
n02669723_269.JPEG	0	0	63	63
n02669723_270.JPEG	7	4	61	63
n02669723_271.JPEG	0	24	38	63
n02669723_272.JPEG	0	32	63	63
n02669723_273.JPEG	37	41	63	63
n02669723_274.JPEG	2	4	63	63
n02669723_275.JPEG	16	7	43	59
n02669723_276.JPEG	1	18	32	63
n02669723_277.JPEG	0	24	32	63
n02669723_278.JPEG	13	28	55	63
n02669723_279.JPEG	8	36	45	63
n02669723_280.JPEG	13	18	53	63
n02669723_281.JPEG	0	38	56	63
n02669723_282.JPEG	12	17	56	63
n02669723_283.JPEG	3	2	62	63
n02669723_284.JPEG	1	0	60	63
n02669723_285.JPEG	12	26	56	63
n02669723_286.JPEG	23	24	32	40
n02669723_287.JPEG	29	35	63	60
n02669723_288.JPEG	0	25	28	61
n02669723_289.JPEG	45	26	63	63
n02669723_290.JPEG	0	34	34	63
n02669723_291.JPEG	0	19	3	63
n02669723_292.JPEG	0	30	63	63
n02669723_293.JPEG	4	40	63	63
n02669723_294.JPEG	2	17	48	63
n02669723_295.JPEG	20	36	59	63
n02669723_296.JPEG	4	26	60	63
n02669723_297.JPEG	0	0	25	63
n02669723_298.JPEG	14	25	63	63
n02669723_299.JPEG	0	4	63	63
n02669723_300.JPEG	8	0	51	63
n02669723_301.JPEG	26	27	52	63
n02669723_302.JPEG	5	0	63	63
n02669723_303.JPEG	23	0	47	63
n02669723_304.JPEG	33	21	63	63
n02669723_305.JPEG	3	21	63	63
n02669723_306.JPEG	25	2	63	63
n02669723_307.JPEG	3	15	22	63
n02669723_308.JPEG	7	17	53	63
n02669723_309.JPEG	36	27	53	63
n02669723_310.JPEG	2	25	44	63
n02669723_311.JPEG	21	13	42	63
n02669723_312.JPEG	0	0	63	63
n02669723_313.JPEG	17	3	46	63
n02669723_314.JPEG	0	20	63	63
n02669723_315.JPEG	6	0	63	63
n02669723_316.JPEG	7	0	34	63
n02669723_317.JPEG	29	19	56	63
n02669723_318.JPEG	0	1	49	63
n02669723_319.JPEG	21	25	36	63
n02669723_320.JPEG	0	32	45	63
n02669723_321.JPEG	0	13	12	63
n02669723_322.JPEG	9	4	60	63
n02669723_323.JPEG	12	0	53	63
n02669723_324.JPEG	21	4	63	63
n02669723_325.JPEG	6	31	63	63
n02669723_326.JPEG	0	4	63	63
n02669723_327.JPEG	21	21	63	63
n02669723_328.JPEG	27	22	60	63
n02669723_329.JPEG	32	40	63	63
n02669723_330.JPEG	15	22	59	59
n02669723_331.JPEG	11	0	51	63
n02669723_332.JPEG	6	22	19	43
n02669723_333.JPEG	2	17	56	63
n02669723_334.JPEG	9	38	37	63
n02669723_335.JPEG	17	8	50	63
n02669723_336.JPEG	10	2	50	63
n02669723_337.JPEG	0	26	63	63
n02669723_338.JPEG	5	36	59	63
n02669723_339.JPEG	11	30	20	53
n02669723_340.JPEG	6	24	46	63
n02669723_341.JPEG	0	31	63	63
n02669723_342.JPEG	9	23	61	63
n02669723_343.JPEG	45	28	57	60
n02669723_344.JPEG	3	35	62	63
n02669723_345.JPEG	8	35	63	63
n02669723_346.JPEG	17	20	63	63
n02669723_347.JPEG	10	0	57	63
n02669723_348.JPEG	5	0	62	63
n02669723_349.JPEG	0	14	27	63
n02669723_350.JPEG	38	29	47	53
n02669723_351.JPEG	20	8	44	61
n02669723_352.JPEG	0	47	63	63
n02669723_353.JPEG	2	9	61	63
n02669723_354.JPEG	16	36	63	63
n02669723_355.JPEG	11	27	57	63
n02669723_356.JPEG	7	0	61	63
n02669723_357.JPEG	17	0	59	63
n02669723_358.JPEG	5	33	63	63
n02669723_359.JPEG	14	0	57	63
n02669723_360.JPEG	35	47	63	63
n02669723_361.JPEG	47	12	63	51
n02669723_362.JPEG	4	0	59	63
n02669723_363.JPEG	1	1	40	63
n02669723_364.JPEG	0	0	0	63
n02669723_365.JPEG	37	39	63	63
n02669723_366.JPEG	54	24	63	58
n02669723_367.JPEG	1	18	63	63
n02669723_368.JPEG	22	12	41	58
n02669723_369.JPEG	6	24	63	63
n02669723_370.JPEG	0	32	36	63
n02669723_371.JPEG	38	3	62	63
n02669723_372.JPEG	22	6	44	63
n02669723_373.JPEG	35	15	62	63
n02669723_374.JPEG	0	0	63	63
n02669723_375.JPEG	3	19	58	63
n02669723_376.JPEG	0	0	63	63
n02669723_377.JPEG	0	2	56	63
n02669723_378.JPEG	25	34	63	63
n02669723_379.JPEG	16	10	45	63
n02669723_380.JPEG	1	18	51	60
n02669723_381.JPEG	0	23	63	63
n02669723_382.JPEG	1	25	39	63
n02669723_383.JPEG	26	0	61	63
n02669723_384.JPEG	7	0	58	63
n02669723_385.JPEG	13	8	54	63
n02669723_386.JPEG	0	17	25	63
n02669723_387.JPEG	4	16	58	63
n02669723_388.JPEG	16	9	32	51
n02669723_389.JPEG	1	29	63	63
n02669723_390.JPEG	0	23	41	63
n02669723_391.JPEG	3	20	42	63
n02669723_392.JPEG	0	23	51	63
n02669723_393.JPEG	29	7	51	40
n02669723_394.JPEG	9	10	57	63
n02669723_395.JPEG	24	18	63	63
n02669723_396.JPEG	14	0	47	63
n02669723_397.JPEG	16	6	50	63
n02669723_398.JPEG	0	45	63	63
n02669723_399.JPEG	1	1	63	63
n02669723_400.JPEG	0	31	9	48
n02669723_401.JPEG	12	20	63	63
n02669723_402.JPEG	30	0	56	58
n02669723_403.JPEG	24	22	58	63
n02669723_404.JPEG	0	0	63	63
n02669723_405.JPEG	0	0	63	63
n02669723_406.JPEG	2	26	61	63
n02669723_407.JPEG	16	11	61	63
n02669723_408.JPEG	8	0	61	63
n02669723_409.JPEG	60	30	63	54
n02669723_410.JPEG	6	18	33	53
n02669723_411.JPEG	3	33	61	63
n02669723_412.JPEG	18	18	49	63
n02669723_413.JPEG	7	38	36	63
n02669723_414.JPEG	9	28	26	63
n02669723_415.JPEG	19	28	37	59
n02669723_416.JPEG	29	8	63	63
n02669723_417.JPEG	15	45	63	63
n02669723_418.JPEG	9	18	31	47
n02669723_419.JPEG	30	24	63	62
n02669723_420.JPEG	46	22	63	63
n02669723_421.JPEG	0	35	63	63
n02669723_422.JPEG	9	24	57	63
n02669723_423.JPEG	0	2	30	63
n02669723_424.JPEG	4	0	53	63
n02669723_425.JPEG	11	13	51	63
n02669723_426.JPEG	2	0	63	63
n02669723_427.JPEG	0	33	63	63
n02669723_428.JPEG	21	23	41	59
n02669723_429.JPEG	1	2	63	63
n02669723_430.JPEG	10	0	63	63
n02669723_431.JPEG	0	0	63	63
n02669723_432.JPEG	5	0	62	63
n02669723_433.JPEG	50	11	63	47
n02669723_434.JPEG	0	0	32	63
n02669723_435.JPEG	0	29	37	63
n02669723_436.JPEG	24	21	63	63
n02669723_437.JPEG	7	19	63	63
n02669723_438.JPEG	0	22	22	63
n02669723_439.JPEG	21	34	48	63
n02669723_440.JPEG	13	15	52	63
n02669723_441.JPEG	12	0	63	63
n02669723_442.JPEG	33	0	63	63
n02669723_443.JPEG	0	3	30	63
n02669723_444.JPEG	18	1	53	63
n02669723_445.JPEG	15	17	34	63
n02669723_446.JPEG	0	40	61	63
n02669723_447.JPEG	14	5	44	63
n02669723_448.JPEG	1	31	63	63
n02669723_449.JPEG	0	1	63	63
n02669723_450.JPEG	1	16	63	63
n02669723_451.JPEG	15	1	47	63
n02669723_452.JPEG	39	30	63	63
n02669723_453.JPEG	0	19	63	63
n02669723_454.JPEG	0	29	28	63
n02669723_455.JPEG	6	52	62	63
n02669723_456.JPEG	33	29	58	63
n02669723_457.JPEG	5	8	55	63
n02669723_458.JPEG	18	0	49	63
n02669723_459.JPEG	51	35	63	63
n02669723_460.JPEG	23	3	42	61
n02669723_461.JPEG	0	1	58	63
n02669723_462.JPEG	10	0	42	63
n02669723_463.JPEG	0	22	27	63
n02669723_464.JPEG	4	0	56	63
n02669723_465.JPEG	15	24	49	63
n02669723_466.JPEG	3	36	24	63
n02669723_467.JPEG	30	20	52	52
n02669723_468.JPEG	0	48	18	63
n02669723_469.JPEG	13	43	63	63
n02669723_470.JPEG	6	51	63	63
n02669723_471.JPEG	3	20	63	63
n02669723_472.JPEG	10	17	52	63
n02669723_473.JPEG	5	24	61	63
n02669723_474.JPEG	27	44	63	63
n02669723_475.JPEG	15	22	32	49
n02669723_476.JPEG	6	12	57	63
n02669723_477.JPEG	30	21	47	56
n02669723_478.JPEG	11	3	48	63
n02669723_479.JPEG	35	2	63	63
n02669723_480.JPEG	0	28	34	63
n02669723_481.JPEG	1	16	37	63
n02669723_482.JPEG	2	15	59	63
n02669723_483.JPEG	17	25	49	63
n02669723_484.JPEG	0	19	63	63
n02669723_485.JPEG	28	19	53	63
n02669723_486.JPEG	24	27	63	63
n02669723_487.JPEG	27	31	43	63
n02669723_488.JPEG	0	0	61	63
n02669723_489.JPEG	8	8	34	58
n02669723_490.JPEG	6	29	29	63
n02669723_491.JPEG	4	0	59	63
n02669723_492.JPEG	1	22	56	63
n02669723_493.JPEG	19	0	57	63
n02669723_494.JPEG	8	0	63	63
n02669723_495.JPEG	3	41	63	63
n02669723_496.JPEG	8	27	55	63
n02669723_497.JPEG	8	6	35	63
n02669723_498.JPEG	12	26	33	63
n02669723_499.JPEG	0	0	34	63
