n07614500_0.JPEG	0	3	63	63
n07614500_1.JPEG	9	15	50	44
n07614500_2.JPEG	39	9	49	15
n07614500_3.JPEG	15	16	37	42
n07614500_4.JPEG	6	10	52	55
n07614500_5.JPEG	6	0	63	57
n07614500_6.JPEG	19	12	42	38
n07614500_7.JPEG	0	7	50	45
n07614500_8.JPEG	28	17	63	47
n07614500_9.JPEG	0	3	62	63
n07614500_10.JPEG	0	1	63	63
n07614500_11.JPEG	0	26	24	63
n07614500_12.JPEG	24	7	31	18
n07614500_13.JPEG	10	7	37	63
n07614500_14.JPEG	41	17	50	26
n07614500_15.JPEG	0	25	25	43
n07614500_16.JPEG	3	22	37	61
n07614500_17.JPEG	0	11	63	52
n07614500_18.JPEG	0	0	60	63
n07614500_19.JPEG	20	32	44	54
n07614500_20.JPEG	0	1	63	39
n07614500_21.JPEG	0	1	63	62
n07614500_22.JPEG	0	1	63	63
n07614500_23.JPEG	32	6	60	29
n07614500_24.JPEG	0	5	62	63
n07614500_25.JPEG	16	2	54	34
n07614500_26.JPEG	31	29	59	54
n07614500_27.JPEG	3	6	61	60
n07614500_28.JPEG	5	16	47	60
n07614500_29.JPEG	1	15	54	57
n07614500_30.JPEG	16	25	48	49
n07614500_31.JPEG	7	4	58	48
n07614500_32.JPEG	35	8	54	24
n07614500_33.JPEG	15	0	53	61
n07614500_34.JPEG	5	0	58	55
n07614500_35.JPEG	11	20	58	62
n07614500_36.JPEG	0	25	59	49
n07614500_37.JPEG	7	11	58	55
n07614500_38.JPEG	0	4	63	63
n07614500_39.JPEG	0	5	45	56
n07614500_40.JPEG	6	10	52	63
n07614500_41.JPEG	14	6	60	50
n07614500_42.JPEG	28	6	63	47
n07614500_43.JPEG	6	0	49	63
n07614500_44.JPEG	0	10	61	45
n07614500_45.JPEG	2	1	52	52
n07614500_46.JPEG	20	15	56	59
n07614500_47.JPEG	10	32	42	62
n07614500_48.JPEG	21	13	43	32
n07614500_49.JPEG	23	23	54	52
n07614500_50.JPEG	3	8	39	39
n07614500_51.JPEG	13	26	46	51
n07614500_52.JPEG	9	11	63	59
n07614500_53.JPEG	18	1	63	57
n07614500_54.JPEG	25	23	37	43
n07614500_55.JPEG	26	3	57	44
n07614500_56.JPEG	2	5	61	57
n07614500_57.JPEG	9	20	55	50
n07614500_58.JPEG	3	0	41	46
n07614500_59.JPEG	2	5	59	63
n07614500_60.JPEG	4	6	63	60
n07614500_61.JPEG	0	0	63	63
n07614500_62.JPEG	12	9	54	52
n07614500_63.JPEG	5	24	28	49
n07614500_64.JPEG	21	16	41	33
n07614500_65.JPEG	9	0	47	28
n07614500_66.JPEG	5	35	63	58
n07614500_67.JPEG	0	2	63	63
n07614500_68.JPEG	14	0	44	58
n07614500_69.JPEG	3	12	61	63
n07614500_70.JPEG	0	12	47	55
n07614500_71.JPEG	10	17	60	59
n07614500_72.JPEG	3	3	63	63
n07614500_73.JPEG	9	1	53	35
n07614500_74.JPEG	18	0	49	49
n07614500_75.JPEG	0	3	63	63
n07614500_76.JPEG	15	16	46	42
n07614500_77.JPEG	20	22	52	58
n07614500_78.JPEG	10	4	63	63
n07614500_79.JPEG	14	6	53	33
n07614500_80.JPEG	6	2	31	31
n07614500_81.JPEG	20	14	53	47
n07614500_82.JPEG	0	8	63	61
n07614500_83.JPEG	0	1	56	63
n07614500_84.JPEG	23	18	63	53
n07614500_85.JPEG	0	13	63	50
n07614500_86.JPEG	21	17	49	42
n07614500_87.JPEG	0	10	63	63
n07614500_88.JPEG	0	8	63	63
n07614500_89.JPEG	7	0	63	63
n07614500_90.JPEG	27	30	63	63
n07614500_91.JPEG	6	24	30	45
n07614500_92.JPEG	4	5	63	54
n07614500_93.JPEG	6	9	55	56
n07614500_94.JPEG	6	1	54	52
n07614500_95.JPEG	17	11	34	49
n07614500_96.JPEG	22	21	44	41
n07614500_97.JPEG	7	8	60	50
n07614500_98.JPEG	34	6	63	44
n07614500_99.JPEG	0	4	63	63
n07614500_100.JPEG	3	0	63	45
n07614500_101.JPEG	16	12	55	48
n07614500_102.JPEG	3	0	61	52
n07614500_103.JPEG	10	0	50	63
n07614500_104.JPEG	11	16	63	60
n07614500_105.JPEG	10	0	41	60
n07614500_106.JPEG	8	17	53	58
n07614500_107.JPEG	11	25	27	61
n07614500_108.JPEG	0	0	63	63
n07614500_109.JPEG	26	29	60	61
n07614500_110.JPEG	0	9	63	63
n07614500_111.JPEG	12	12	55	55
n07614500_112.JPEG	28	13	63	45
n07614500_113.JPEG	5	16	35	45
n07614500_114.JPEG	0	4	57	48
n07614500_115.JPEG	15	22	42	50
n07614500_116.JPEG	4	1	58	63
n07614500_117.JPEG	0	19	63	63
n07614500_118.JPEG	36	12	63	41
n07614500_119.JPEG	9	30	63	63
n07614500_120.JPEG	0	20	63	60
n07614500_121.JPEG	0	1	63	58
n07614500_122.JPEG	11	6	54	62
n07614500_123.JPEG	0	23	25	47
n07614500_124.JPEG	39	15	63	38
n07614500_125.JPEG	14	6	42	33
n07614500_126.JPEG	14	0	63	31
n07614500_127.JPEG	9	10	57	28
n07614500_128.JPEG	0	0	63	63
n07614500_129.JPEG	9	7	63	63
n07614500_130.JPEG	19	3	42	14
n07614500_131.JPEG	26	43	56	63
n07614500_132.JPEG	18	25	52	51
n07614500_133.JPEG	0	11	36	41
n07614500_134.JPEG	9	21	54	57
n07614500_135.JPEG	0	2	63	63
n07614500_136.JPEG	5	16	54	60
n07614500_137.JPEG	22	5	48	28
n07614500_138.JPEG	0	0	57	47
n07614500_139.JPEG	4	0	41	62
n07614500_140.JPEG	37	25	58	51
n07614500_141.JPEG	5	11	60	52
n07614500_142.JPEG	11	25	32	39
n07614500_143.JPEG	41	23	60	38
n07614500_144.JPEG	15	43	52	63
n07614500_145.JPEG	19	3	55	44
n07614500_146.JPEG	27	19	44	33
n07614500_147.JPEG	23	22	52	45
n07614500_148.JPEG	3	2	63	59
n07614500_149.JPEG	28	40	39	59
n07614500_150.JPEG	0	2	59	52
n07614500_151.JPEG	0	1	63	63
n07614500_152.JPEG	18	7	52	43
n07614500_153.JPEG	11	2	47	31
n07614500_154.JPEG	26	28	36	39
n07614500_155.JPEG	25	20	41	35
n07614500_156.JPEG	39	18	58	43
n07614500_157.JPEG	1	0	63	58
n07614500_158.JPEG	18	39	46	61
n07614500_159.JPEG	19	51	31	57
n07614500_160.JPEG	2	0	56	63
n07614500_161.JPEG	5	6	59	46
n07614500_162.JPEG	0	25	51	51
n07614500_163.JPEG	3	32	24	51
n07614500_164.JPEG	16	18	46	44
n07614500_165.JPEG	21	10	41	28
n07614500_166.JPEG	17	22	43	45
n07614500_167.JPEG	0	0	63	63
n07614500_168.JPEG	0	0	63	62
n07614500_169.JPEG	20	24	38	48
n07614500_170.JPEG	10	1	59	53
n07614500_171.JPEG	10	5	53	56
n07614500_172.JPEG	17	43	40	63
n07614500_173.JPEG	7	40	51	63
n07614500_174.JPEG	0	8	15	35
n07614500_175.JPEG	0	6	61	63
n07614500_176.JPEG	22	0	53	23
n07614500_177.JPEG	19	4	49	34
n07614500_178.JPEG	19	26	54	53
n07614500_179.JPEG	0	2	61	56
n07614500_180.JPEG	0	4	63	63
n07614500_181.JPEG	0	8	44	39
n07614500_182.JPEG	8	6	41	46
n07614500_183.JPEG	0	3	21	19
n07614500_184.JPEG	19	20	54	57
n07614500_185.JPEG	1	0	63	63
n07614500_186.JPEG	30	12	63	55
n07614500_187.JPEG	0	10	63	61
n07614500_188.JPEG	3	0	60	34
n07614500_189.JPEG	1	0	63	63
n07614500_190.JPEG	0	8	63	63
n07614500_191.JPEG	0	2	63	63
n07614500_192.JPEG	13	5	55	39
n07614500_193.JPEG	34	22	63	54
n07614500_194.JPEG	42	9	53	19
n07614500_195.JPEG	22	23	44	46
n07614500_196.JPEG	0	33	63	63
n07614500_197.JPEG	8	1	51	50
n07614500_198.JPEG	2	0	63	63
n07614500_199.JPEG	0	0	60	63
n07614500_200.JPEG	21	0	53	48
n07614500_201.JPEG	9	16	55	41
n07614500_202.JPEG	12	0	53	59
n07614500_203.JPEG	12	20	54	47
n07614500_204.JPEG	18	7	42	28
n07614500_205.JPEG	0	23	22	45
n07614500_206.JPEG	32	4	62	38
n07614500_207.JPEG	0	21	24	59
n07614500_208.JPEG	35	18	56	36
n07614500_209.JPEG	1	22	27	43
n07614500_210.JPEG	14	3	60	46
n07614500_211.JPEG	34	43	52	55
n07614500_212.JPEG	3	2	61	63
n07614500_213.JPEG	3	0	63	46
n07614500_214.JPEG	21	0	63	41
n07614500_215.JPEG	34	11	55	40
n07614500_216.JPEG	8	14	63	63
n07614500_217.JPEG	17	23	55	55
n07614500_218.JPEG	0	7	45	39
n07614500_219.JPEG	0	0	63	63
n07614500_220.JPEG	20	5	63	63
n07614500_221.JPEG	1	2	63	63
n07614500_222.JPEG	0	2	63	59
n07614500_223.JPEG	9	0	63	41
n07614500_224.JPEG	10	0	52	63
n07614500_225.JPEG	0	3	63	53
n07614500_226.JPEG	8	1	63	63
n07614500_227.JPEG	0	17	44	63
n07614500_228.JPEG	12	0	63	60
n07614500_229.JPEG	1	0	63	63
n07614500_230.JPEG	23	16	47	39
n07614500_231.JPEG	0	0	63	63
n07614500_232.JPEG	7	2	57	55
n07614500_233.JPEG	8	22	54	55
n07614500_234.JPEG	0	16	41	44
n07614500_235.JPEG	10	19	63	63
n07614500_236.JPEG	10	21	58	61
n07614500_237.JPEG	49	22	63	46
n07614500_238.JPEG	0	7	18	28
n07614500_239.JPEG	0	1	63	59
n07614500_240.JPEG	8	8	48	37
n07614500_241.JPEG	37	9	55	24
n07614500_242.JPEG	11	27	49	59
n07614500_243.JPEG	0	6	63	54
n07614500_244.JPEG	1	0	63	63
n07614500_245.JPEG	27	26	52	53
n07614500_246.JPEG	24	20	56	53
n07614500_247.JPEG	59	33	63	53
n07614500_248.JPEG	15	1	63	63
n07614500_249.JPEG	16	32	60	57
n07614500_250.JPEG	12	2	53	63
n07614500_251.JPEG	0	0	63	63
n07614500_252.JPEG	47	7	63	43
n07614500_253.JPEG	1	0	60	63
n07614500_254.JPEG	0	15	42	62
n07614500_255.JPEG	2	7	59	54
n07614500_256.JPEG	5	1	37	27
n07614500_257.JPEG	0	0	63	60
n07614500_258.JPEG	10	37	44	63
n07614500_259.JPEG	42	17	63	46
n07614500_260.JPEG	3	16	60	60
n07614500_261.JPEG	17	9	54	45
n07614500_262.JPEG	18	6	57	36
n07614500_263.JPEG	0	1	33	40
n07614500_264.JPEG	28	10	40	26
n07614500_265.JPEG	1	10	62	61
n07614500_266.JPEG	30	5	62	27
n07614500_267.JPEG	15	0	54	63
n07614500_268.JPEG	16	2	54	36
n07614500_269.JPEG	0	1	63	63
n07614500_270.JPEG	0	0	63	63
n07614500_271.JPEG	1	0	63	55
n07614500_272.JPEG	5	14	57	51
n07614500_273.JPEG	10	0	55	52
n07614500_274.JPEG	12	17	50	53
n07614500_275.JPEG	0	6	63	53
n07614500_276.JPEG	13	16	50	49
n07614500_277.JPEG	0	16	30	63
n07614500_278.JPEG	17	16	41	38
n07614500_279.JPEG	4	2	57	42
n07614500_280.JPEG	14	0	63	63
n07614500_281.JPEG	19	5	40	25
n07614500_282.JPEG	19	2	40	59
n07614500_283.JPEG	21	20	37	34
n07614500_284.JPEG	17	11	46	44
n07614500_285.JPEG	0	1	63	63
n07614500_286.JPEG	13	17	56	59
n07614500_287.JPEG	7	0	63	63
n07614500_288.JPEG	19	10	59	44
n07614500_289.JPEG	4	10	52	62
n07614500_290.JPEG	0	0	63	34
n07614500_291.JPEG	0	20	48	54
n07614500_292.JPEG	40	2	63	38
n07614500_293.JPEG	1	0	63	63
n07614500_294.JPEG	5	0	63	63
n07614500_295.JPEG	17	17	42	41
n07614500_296.JPEG	10	7	58	34
n07614500_297.JPEG	3	1	59	49
n07614500_298.JPEG	13	23	45	53
n07614500_299.JPEG	58	7	63	48
n07614500_300.JPEG	27	33	63	59
n07614500_301.JPEG	26	28	51	56
n07614500_302.JPEG	38	9	63	56
n07614500_303.JPEG	0	4	63	63
n07614500_304.JPEG	6	18	57	63
n07614500_305.JPEG	8	0	63	46
n07614500_306.JPEG	8	17	60	54
n07614500_307.JPEG	12	17	47	41
n07614500_308.JPEG	0	4	63	63
n07614500_309.JPEG	8	29	47	55
n07614500_310.JPEG	14	1	58	20
n07614500_311.JPEG	0	14	44	63
n07614500_312.JPEG	0	0	22	27
n07614500_313.JPEG	18	20	45	45
n07614500_314.JPEG	1	0	63	63
n07614500_315.JPEG	0	4	63	51
n07614500_316.JPEG	0	17	63	58
n07614500_317.JPEG	0	4	63	63
n07614500_318.JPEG	9	14	45	49
n07614500_319.JPEG	4	20	58	63
n07614500_320.JPEG	14	11	44	41
n07614500_321.JPEG	10	19	52	47
n07614500_322.JPEG	4	14	63	49
n07614500_323.JPEG	11	8	46	44
n07614500_324.JPEG	33	23	61	49
n07614500_325.JPEG	3	16	63	51
n07614500_326.JPEG	26	0	58	63
n07614500_327.JPEG	0	1	63	63
n07614500_328.JPEG	0	4	56	55
n07614500_329.JPEG	4	0	63	42
n07614500_330.JPEG	25	18	53	63
n07614500_331.JPEG	19	3	61	48
n07614500_332.JPEG	0	10	63	55
n07614500_333.JPEG	0	15	34	43
n07614500_334.JPEG	11	3	52	36
n07614500_335.JPEG	1	0	45	31
n07614500_336.JPEG	11	8	55	29
n07614500_337.JPEG	0	6	47	55
n07614500_338.JPEG	8	2	59	42
n07614500_339.JPEG	0	16	56	61
n07614500_340.JPEG	4	0	59	63
n07614500_341.JPEG	15	0	50	57
n07614500_342.JPEG	8	7	63	62
n07614500_343.JPEG	4	20	63	53
n07614500_344.JPEG	4	27	55	63
n07614500_345.JPEG	9	10	47	50
n07614500_346.JPEG	9	37	63	63
n07614500_347.JPEG	0	5	63	63
n07614500_348.JPEG	34	12	63	54
n07614500_349.JPEG	19	37	45	54
n07614500_350.JPEG	4	2	44	50
n07614500_351.JPEG	37	26	58	38
n07614500_352.JPEG	18	2	49	36
n07614500_353.JPEG	43	18	63	39
n07614500_354.JPEG	29	5	63	32
n07614500_355.JPEG	9	2	63	58
n07614500_356.JPEG	4	9	15	32
n07614500_357.JPEG	15	16	50	45
n07614500_358.JPEG	0	1	61	63
n07614500_359.JPEG	0	10	63	63
n07614500_360.JPEG	1	1	58	48
n07614500_361.JPEG	21	6	63	63
n07614500_362.JPEG	6	0	57	63
n07614500_363.JPEG	19	22	63	63
n07614500_364.JPEG	18	10	49	56
n07614500_365.JPEG	2	13	45	63
n07614500_366.JPEG	12	3	51	45
n07614500_367.JPEG	0	5	63	58
n07614500_368.JPEG	3	8	46	42
n07614500_369.JPEG	14	7	48	40
n07614500_370.JPEG	0	0	61	30
n07614500_371.JPEG	29	0	63	46
n07614500_372.JPEG	26	5	49	28
n07614500_373.JPEG	15	33	52	63
n07614500_374.JPEG	0	26	30	51
n07614500_375.JPEG	26	5	52	50
n07614500_376.JPEG	1	12	63	55
n07614500_377.JPEG	1	0	63	63
n07614500_378.JPEG	10	5	56	61
n07614500_379.JPEG	15	21	41	46
n07614500_380.JPEG	0	30	63	63
n07614500_381.JPEG	21	36	49	62
n07614500_382.JPEG	36	7	63	24
n07614500_383.JPEG	3	3	59	56
n07614500_384.JPEG	20	0	50	33
n07614500_385.JPEG	47	1	63	30
n07614500_386.JPEG	0	1	63	63
n07614500_387.JPEG	29	24	43	40
n07614500_388.JPEG	6	0	52	32
n07614500_389.JPEG	27	11	50	34
n07614500_390.JPEG	17	3	51	54
n07614500_391.JPEG	16	0	53	39
n07614500_392.JPEG	24	7	42	27
n07614500_393.JPEG	0	6	54	63
n07614500_394.JPEG	13	11	60	42
n07614500_395.JPEG	12	17	54	53
n07614500_396.JPEG	0	2	37	55
n07614500_397.JPEG	8	11	57	47
n07614500_398.JPEG	22	0	42	15
n07614500_399.JPEG	17	17	56	54
n07614500_400.JPEG	0	0	63	63
n07614500_401.JPEG	7	4	41	41
n07614500_402.JPEG	4	10	58	59
n07614500_403.JPEG	15	26	55	56
n07614500_404.JPEG	24	30	49	55
n07614500_405.JPEG	33	40	58	63
n07614500_406.JPEG	0	15	63	63
n07614500_407.JPEG	18	2	63	61
n07614500_408.JPEG	10	9	58	50
n07614500_409.JPEG	0	1	63	63
n07614500_410.JPEG	9	27	43	63
n07614500_411.JPEG	43	22	62	45
n07614500_412.JPEG	11	9	58	58
n07614500_413.JPEG	21	1	40	20
n07614500_414.JPEG	0	0	42	63
n07614500_415.JPEG	8	14	60	55
n07614500_416.JPEG	0	20	62	52
n07614500_417.JPEG	36	8	62	37
n07614500_418.JPEG	16	6	50	50
n07614500_419.JPEG	9	7	55	44
n07614500_420.JPEG	0	6	50	49
n07614500_421.JPEG	0	3	28	41
n07614500_422.JPEG	3	7	63	63
n07614500_423.JPEG	4	14	61	56
n07614500_424.JPEG	13	24	32	47
n07614500_425.JPEG	28	10	59	35
n07614500_426.JPEG	0	1	53	40
n07614500_427.JPEG	11	0	50	56
n07614500_428.JPEG	6	8	63	57
n07614500_429.JPEG	12	6	63	61
n07614500_430.JPEG	16	1	63	30
n07614500_431.JPEG	24	7	50	63
n07614500_432.JPEG	23	9	56	36
n07614500_433.JPEG	0	24	27	53
n07614500_434.JPEG	7	5	32	16
n07614500_435.JPEG	0	1	63	63
n07614500_436.JPEG	0	0	63	63
n07614500_437.JPEG	0	12	61	61
n07614500_438.JPEG	7	0	34	53
n07614500_439.JPEG	13	19	44	43
n07614500_440.JPEG	6	9	58	56
n07614500_441.JPEG	1	1	59	63
n07614500_442.JPEG	0	4	63	63
n07614500_443.JPEG	25	20	47	43
n07614500_444.JPEG	0	4	63	63
n07614500_445.JPEG	16	10	50	38
n07614500_446.JPEG	1	6	63	60
n07614500_447.JPEG	21	12	63	58
n07614500_448.JPEG	28	14	60	49
n07614500_449.JPEG	19	15	44	43
n07614500_450.JPEG	2	0	52	63
n07614500_451.JPEG	0	1	63	57
n07614500_452.JPEG	13	31	58	57
n07614500_453.JPEG	0	10	53	63
n07614500_454.JPEG	29	42	59	63
n07614500_455.JPEG	15	16	51	37
n07614500_456.JPEG	19	11	54	29
n07614500_457.JPEG	12	1	63	37
n07614500_458.JPEG	0	7	38	59
n07614500_459.JPEG	16	13	51	61
n07614500_460.JPEG	19	16	40	34
n07614500_461.JPEG	0	17	63	63
n07614500_462.JPEG	16	5	58	59
n07614500_463.JPEG	0	9	42	63
n07614500_464.JPEG	0	7	42	57
n07614500_465.JPEG	3	28	36	57
n07614500_466.JPEG	0	0	44	62
n07614500_467.JPEG	0	0	63	63
n07614500_468.JPEG	0	1	63	63
n07614500_469.JPEG	5	15	62	32
n07614500_470.JPEG	0	0	63	63
n07614500_471.JPEG	1	6	44	38
n07614500_472.JPEG	12	10	63	58
n07614500_473.JPEG	16	7	63	63
n07614500_474.JPEG	13	12	63	63
n07614500_475.JPEG	17	5	52	30
n07614500_476.JPEG	10	3	49	34
n07614500_477.JPEG	13	9	47	34
n07614500_478.JPEG	14	0	50	60
n07614500_479.JPEG	14	17	48	51
n07614500_480.JPEG	17	0	49	63
n07614500_481.JPEG	0	19	57	56
n07614500_482.JPEG	24	2	63	60
n07614500_483.JPEG	55	22	63	39
n07614500_484.JPEG	0	7	58	43
n07614500_485.JPEG	23	18	58	40
n07614500_486.JPEG	15	32	53	60
n07614500_487.JPEG	8	0	48	26
n07614500_488.JPEG	10	16	55	44
n07614500_489.JPEG	20	0	60	43
n07614500_490.JPEG	16	16	53	51
n07614500_491.JPEG	5	12	61	60
n07614500_492.JPEG	11	15	57	45
n07614500_493.JPEG	18	4	47	36
n07614500_494.JPEG	0	4	63	63
n07614500_495.JPEG	3	4	63	44
n07614500_496.JPEG	8	3	40	33
n07614500_497.JPEG	14	1	60	41
n07614500_498.JPEG	17	0	63	50
n07614500_499.JPEG	6	1	51	63
