n03649909_0.JPEG	13	32	39	59
n03649909_1.JPEG	0	5	48	63
n03649909_2.JPEG	0	9	63	50
n03649909_3.JPEG	6	32	43	53
n03649909_4.JPEG	4	0	61	63
n03649909_5.JPEG	15	31	45	53
n03649909_6.JPEG	6	22	47	54
n03649909_7.JPEG	22	32	43	46
n03649909_8.JPEG	4	45	17	56
n03649909_9.JPEG	2	9	63	61
n03649909_10.JPEG	22	27	56	46
n03649909_11.JPEG	51	21	63	52
n03649909_12.JPEG	13	27	61	58
n03649909_13.JPEG	26	19	55	60
n03649909_14.JPEG	6	7	58	63
n03649909_15.JPEG	0	1	36	36
n03649909_16.JPEG	39	16	63	34
n03649909_17.JPEG	0	5	63	51
n03649909_18.JPEG	3	28	51	52
n03649909_19.JPEG	12	21	55	51
n03649909_20.JPEG	14	0	63	63
n03649909_21.JPEG	23	3	63	63
n03649909_22.JPEG	7	21	57	45
n03649909_23.JPEG	0	0	63	60
n03649909_24.JPEG	0	0	63	53
n03649909_25.JPEG	11	8	59	62
n03649909_26.JPEG	1	0	61	63
n03649909_27.JPEG	0	8	63	57
n03649909_28.JPEG	0	2	63	59
n03649909_29.JPEG	14	28	56	60
n03649909_30.JPEG	24	28	41	55
n03649909_31.JPEG	1	23	35	63
n03649909_32.JPEG	10	0	53	29
n03649909_33.JPEG	5	26	20	48
n03649909_34.JPEG	0	37	33	63
n03649909_35.JPEG	2	22	63	46
n03649909_36.JPEG	29	31	59	58
n03649909_37.JPEG	0	17	46	57
n03649909_38.JPEG	4	15	42	61
n03649909_39.JPEG	41	2	63	63
n03649909_40.JPEG	29	40	61	63
n03649909_41.JPEG	17	32	40	49
n03649909_42.JPEG	1	0	63	56
n03649909_43.JPEG	0	3	63	58
n03649909_44.JPEG	0	8	63	57
n03649909_45.JPEG	25	28	54	63
n03649909_46.JPEG	1	23	63	63
n03649909_47.JPEG	0	13	63	62
n03649909_48.JPEG	7	0	54	63
n03649909_49.JPEG	15	20	44	63
n03649909_50.JPEG	0	3	59	63
n03649909_51.JPEG	8	9	59	56
n03649909_52.JPEG	23	0	56	63
n03649909_53.JPEG	33	26	62	56
n03649909_54.JPEG	0	1	63	63
n03649909_55.JPEG	18	33	42	46
n03649909_56.JPEG	0	0	63	63
n03649909_57.JPEG	0	12	38	35
n03649909_58.JPEG	20	24	49	49
n03649909_59.JPEG	12	11	63	56
n03649909_60.JPEG	0	0	63	63
n03649909_61.JPEG	1	32	38	62
n03649909_62.JPEG	10	0	58	63
n03649909_63.JPEG	6	0	52	63
n03649909_64.JPEG	1	20	63	63
n03649909_65.JPEG	12	28	47	63
n03649909_66.JPEG	30	1	63	39
n03649909_67.JPEG	0	6	53	45
n03649909_68.JPEG	2	25	40	55
n03649909_69.JPEG	12	2	54	62
n03649909_70.JPEG	16	15	62	63
n03649909_71.JPEG	0	0	63	63
n03649909_72.JPEG	0	0	63	58
n03649909_73.JPEG	19	33	63	63
n03649909_74.JPEG	3	0	58	62
n03649909_75.JPEG	0	6	63	58
n03649909_76.JPEG	2	10	60	49
n03649909_77.JPEG	0	28	54	62
n03649909_78.JPEG	25	38	63	57
n03649909_79.JPEG	23	8	53	30
n03649909_80.JPEG	10	0	55	46
n03649909_81.JPEG	3	12	63	60
n03649909_82.JPEG	20	40	36	49
n03649909_83.JPEG	0	15	63	58
n03649909_84.JPEG	4	2	54	61
n03649909_85.JPEG	0	1	61	54
n03649909_86.JPEG	0	0	49	63
n03649909_87.JPEG	0	0	63	54
n03649909_88.JPEG	42	26	54	36
n03649909_89.JPEG	25	38	59	63
n03649909_90.JPEG	8	48	62	63
n03649909_91.JPEG	3	14	47	63
n03649909_92.JPEG	14	31	47	63
n03649909_93.JPEG	4	22	20	39
n03649909_94.JPEG	26	42	63	63
n03649909_95.JPEG	15	10	63	63
n03649909_96.JPEG	0	0	63	63
n03649909_97.JPEG	0	4	63	63
n03649909_98.JPEG	20	21	63	57
n03649909_99.JPEG	15	27	63	59
n03649909_100.JPEG	6	24	63	63
n03649909_101.JPEG	0	0	63	63
n03649909_102.JPEG	0	1	63	63
n03649909_103.JPEG	1	25	54	58
n03649909_104.JPEG	20	27	63	63
n03649909_105.JPEG	10	0	59	63
n03649909_106.JPEG	10	4	54	57
n03649909_107.JPEG	0	11	63	63
n03649909_108.JPEG	0	17	40	63
n03649909_109.JPEG	0	30	54	63
n03649909_110.JPEG	25	30	47	55
n03649909_111.JPEG	7	0	55	63
n03649909_112.JPEG	16	28	40	53
n03649909_113.JPEG	0	39	1	50
n03649909_114.JPEG	0	15	63	60
n03649909_115.JPEG	1	34	50	63
n03649909_116.JPEG	18	26	27	48
n03649909_117.JPEG	0	1	63	57
n03649909_118.JPEG	24	27	63	63
n03649909_119.JPEG	25	24	44	37
n03649909_120.JPEG	21	32	37	39
n03649909_121.JPEG	12	32	63	63
n03649909_122.JPEG	8	23	45	59
n03649909_123.JPEG	0	6	63	56
n03649909_124.JPEG	0	2	63	63
n03649909_125.JPEG	12	7	63	58
n03649909_126.JPEG	5	0	63	51
n03649909_127.JPEG	0	29	47	62
n03649909_128.JPEG	0	13	63	52
n03649909_129.JPEG	27	0	63	61
n03649909_130.JPEG	12	32	38	63
n03649909_131.JPEG	0	2	63	61
n03649909_132.JPEG	0	19	63	63
n03649909_133.JPEG	0	2	63	63
n03649909_134.JPEG	2	25	62	63
n03649909_135.JPEG	9	22	35	63
n03649909_136.JPEG	8	1	54	54
n03649909_137.JPEG	17	31	47	50
n03649909_138.JPEG	25	0	63	50
n03649909_139.JPEG	0	5	63	60
n03649909_140.JPEG	26	2	63	49
n03649909_141.JPEG	28	18	54	48
n03649909_142.JPEG	1	0	63	56
n03649909_143.JPEG	0	0	63	63
n03649909_144.JPEG	14	23	54	50
n03649909_145.JPEG	19	10	43	60
n03649909_146.JPEG	18	29	57	63
n03649909_147.JPEG	0	2	54	44
n03649909_148.JPEG	5	7	52	48
n03649909_149.JPEG	19	28	45	63
n03649909_150.JPEG	0	1	63	63
n03649909_151.JPEG	42	43	52	49
n03649909_152.JPEG	13	14	61	46
n03649909_153.JPEG	16	43	46	59
n03649909_154.JPEG	7	26	63	59
n03649909_155.JPEG	13	8	63	59
n03649909_156.JPEG	28	42	43	51
n03649909_157.JPEG	1	25	49	63
n03649909_158.JPEG	0	1	63	63
n03649909_159.JPEG	0	6	52	62
n03649909_160.JPEG	9	23	62	61
n03649909_161.JPEG	15	33	60	63
n03649909_162.JPEG	20	0	63	59
n03649909_163.JPEG	2	12	63	53
n03649909_164.JPEG	0	40	63	63
n03649909_165.JPEG	4	12	54	61
n03649909_166.JPEG	0	1	63	63
n03649909_167.JPEG	0	39	42	63
n03649909_168.JPEG	28	25	36	34
n03649909_169.JPEG	1	0	63	63
n03649909_170.JPEG	15	19	63	63
n03649909_171.JPEG	0	17	63	63
n03649909_172.JPEG	0	8	63	59
n03649909_173.JPEG	1	7	63	59
n03649909_174.JPEG	16	0	52	63
n03649909_175.JPEG	7	14	63	50
n03649909_176.JPEG	13	8	51	60
n03649909_177.JPEG	6	11	63	51
n03649909_178.JPEG	14	18	60	62
n03649909_179.JPEG	46	34	63	48
n03649909_180.JPEG	0	1	63	54
n03649909_181.JPEG	0	4	63	52
n03649909_182.JPEG	0	0	63	63
n03649909_183.JPEG	7	0	56	63
n03649909_184.JPEG	4	21	31	37
n03649909_185.JPEG	18	2	44	60
n03649909_186.JPEG	7	27	53	63
n03649909_187.JPEG	42	12	63	56
n03649909_188.JPEG	41	18	63	54
n03649909_189.JPEG	15	30	59	57
n03649909_190.JPEG	5	0	57	63
n03649909_191.JPEG	11	0	63	63
n03649909_192.JPEG	12	25	53	48
n03649909_193.JPEG	0	4	63	63
n03649909_194.JPEG	0	0	63	61
n03649909_195.JPEG	7	28	52	55
n03649909_196.JPEG	11	0	63	63
n03649909_197.JPEG	37	29	48	48
n03649909_198.JPEG	0	2	63	63
n03649909_199.JPEG	4	12	63	56
n03649909_200.JPEG	0	6	63	62
n03649909_201.JPEG	13	18	41	46
n03649909_202.JPEG	2	9	56	48
n03649909_203.JPEG	13	8	55	48
n03649909_204.JPEG	1	26	63	63
n03649909_205.JPEG	13	24	54	56
n03649909_206.JPEG	0	1	63	63
n03649909_207.JPEG	10	12	57	63
n03649909_208.JPEG	28	24	63	49
n03649909_209.JPEG	3	0	50	55
n03649909_210.JPEG	6	19	36	55
n03649909_211.JPEG	11	0	51	63
n03649909_212.JPEG	15	1	63	52
n03649909_213.JPEG	21	25	49	58
n03649909_214.JPEG	19	23	48	45
n03649909_215.JPEG	1	1	56	63
n03649909_216.JPEG	24	22	41	53
n03649909_217.JPEG	18	26	30	33
n03649909_218.JPEG	0	6	63	58
n03649909_219.JPEG	34	34	58	55
n03649909_220.JPEG	2	0	58	63
n03649909_221.JPEG	25	21	63	52
n03649909_222.JPEG	0	33	51	63
n03649909_223.JPEG	0	0	63	61
n03649909_224.JPEG	18	4	53	63
n03649909_225.JPEG	0	30	50	63
n03649909_226.JPEG	17	16	63	63
n03649909_227.JPEG	0	0	63	63
n03649909_228.JPEG	5	38	47	58
n03649909_229.JPEG	9	9	50	63
n03649909_230.JPEG	5	22	52	56
n03649909_231.JPEG	7	22	53	63
n03649909_232.JPEG	21	11	63	63
n03649909_233.JPEG	9	38	42	58
n03649909_234.JPEG	1	0	63	46
n03649909_235.JPEG	23	9	63	63
n03649909_236.JPEG	0	23	63	61
n03649909_237.JPEG	0	22	63	60
n03649909_238.JPEG	3	0	60	63
n03649909_239.JPEG	6	4	63	53
n03649909_240.JPEG	4	9	63	49
n03649909_241.JPEG	7	15	56	46
n03649909_242.JPEG	38	33	54	41
n03649909_243.JPEG	0	0	63	56
n03649909_244.JPEG	5	3	63	56
n03649909_245.JPEG	0	20	63	63
n03649909_246.JPEG	15	29	63	56
n03649909_247.JPEG	0	5	63	59
n03649909_248.JPEG	27	2	50	36
n03649909_249.JPEG	5	31	45	57
n03649909_250.JPEG	0	43	28	63
n03649909_251.JPEG	27	26	50	51
n03649909_252.JPEG	4	0	62	63
n03649909_253.JPEG	14	33	59	62
n03649909_254.JPEG	0	19	63	63
n03649909_255.JPEG	0	4	63	59
n03649909_256.JPEG	2	0	63	63
n03649909_257.JPEG	33	30	52	43
n03649909_258.JPEG	5	26	61	63
n03649909_259.JPEG	6	11	52	61
n03649909_260.JPEG	0	0	63	63
n03649909_261.JPEG	0	33	37	63
n03649909_262.JPEG	0	4	63	60
n03649909_263.JPEG	12	21	47	63
n03649909_264.JPEG	1	2	63	62
n03649909_265.JPEG	0	1	63	62
n03649909_266.JPEG	1	19	62	63
n03649909_267.JPEG	18	29	34	36
n03649909_268.JPEG	0	8	63	59
n03649909_269.JPEG	0	6	63	60
n03649909_270.JPEG	0	0	63	62
n03649909_271.JPEG	0	12	39	61
n03649909_272.JPEG	30	28	54	46
n03649909_273.JPEG	0	5	63	53
n03649909_274.JPEG	0	5	56	46
n03649909_275.JPEG	0	4	63	61
n03649909_276.JPEG	5	16	63	63
n03649909_277.JPEG	23	27	44	63
n03649909_278.JPEG	5	0	60	63
n03649909_279.JPEG	8	1	60	63
n03649909_280.JPEG	0	0	63	63
n03649909_281.JPEG	25	32	63	62
n03649909_282.JPEG	5	31	34	50
n03649909_283.JPEG	0	1	63	39
n03649909_284.JPEG	2	15	58	50
n03649909_285.JPEG	0	21	63	63
n03649909_286.JPEG	26	28	44	63
n03649909_287.JPEG	0	19	23	51
n03649909_288.JPEG	23	30	41	44
n03649909_289.JPEG	23	11	63	58
n03649909_290.JPEG	16	25	31	41
n03649909_291.JPEG	0	13	47	63
n03649909_292.JPEG	12	0	54	51
n03649909_293.JPEG	3	15	63	62
n03649909_294.JPEG	35	17	63	54
n03649909_295.JPEG	2	28	53	59
n03649909_296.JPEG	4	16	63	62
n03649909_297.JPEG	0	1	63	63
n03649909_298.JPEG	0	27	14	62
n03649909_299.JPEG	3	2	62	62
n03649909_300.JPEG	16	25	56	62
n03649909_301.JPEG	4	0	63	63
n03649909_302.JPEG	27	25	60	58
n03649909_303.JPEG	26	20	63	63
n03649909_304.JPEG	20	5	61	63
n03649909_305.JPEG	15	32	40	57
n03649909_306.JPEG	7	28	51	56
n03649909_307.JPEG	2	26	37	61
n03649909_308.JPEG	17	31	54	53
n03649909_309.JPEG	1	25	63	63
n03649909_310.JPEG	0	3	63	62
n03649909_311.JPEG	1	30	28	63
n03649909_312.JPEG	0	15	63	51
n03649909_313.JPEG	0	13	30	38
n03649909_314.JPEG	0	0	63	58
n03649909_315.JPEG	23	32	59	63
n03649909_316.JPEG	0	23	48	50
n03649909_317.JPEG	0	1	63	63
n03649909_318.JPEG	23	16	53	63
n03649909_319.JPEG	11	30	49	63
n03649909_320.JPEG	2	17	63	61
n03649909_321.JPEG	6	34	36	53
n03649909_322.JPEG	16	5	46	47
n03649909_323.JPEG	34	36	47	53
n03649909_324.JPEG	27	1	63	63
n03649909_325.JPEG	31	27	63	63
n03649909_326.JPEG	22	28	38	38
n03649909_327.JPEG	0	22	51	63
n03649909_328.JPEG	0	0	63	63
n03649909_329.JPEG	12	0	63	63
n03649909_330.JPEG	0	5	63	53
n03649909_331.JPEG	0	1	63	60
n03649909_332.JPEG	0	4	51	62
n03649909_333.JPEG	14	24	63	63
n03649909_334.JPEG	17	20	54	63
n03649909_335.JPEG	0	0	63	56
n03649909_336.JPEG	7	29	63	58
n03649909_337.JPEG	0	10	55	55
n03649909_338.JPEG	0	1	63	63
n03649909_339.JPEG	13	1	58	56
n03649909_340.JPEG	26	23	54	56
n03649909_341.JPEG	17	21	36	33
n03649909_342.JPEG	0	3	63	63
n03649909_343.JPEG	16	1	54	63
n03649909_344.JPEG	9	6	63	63
n03649909_345.JPEG	7	35	30	55
n03649909_346.JPEG	1	37	25	56
n03649909_347.JPEG	13	40	43	57
n03649909_348.JPEG	22	1	51	63
n03649909_349.JPEG	4	26	37	48
n03649909_350.JPEG	15	24	31	53
n03649909_351.JPEG	0	1	63	63
n03649909_352.JPEG	0	0	63	55
n03649909_353.JPEG	0	13	63	63
n03649909_354.JPEG	5	33	43	60
n03649909_355.JPEG	7	2	63	63
n03649909_356.JPEG	0	4	63	61
n03649909_357.JPEG	18	27	59	53
n03649909_358.JPEG	0	1	63	61
n03649909_359.JPEG	0	0	63	61
n03649909_360.JPEG	3	32	57	63
n03649909_361.JPEG	0	0	63	63
n03649909_362.JPEG	0	1	63	63
n03649909_363.JPEG	1	1	63	63
n03649909_364.JPEG	18	23	61	51
n03649909_365.JPEG	0	0	63	63
n03649909_366.JPEG	0	6	63	63
n03649909_367.JPEG	26	54	53	63
n03649909_368.JPEG	0	0	63	62
n03649909_369.JPEG	2	3	63	63
n03649909_370.JPEG	8	4	52	63
n03649909_371.JPEG	1	9	63	52
n03649909_372.JPEG	0	26	40	58
n03649909_373.JPEG	2	17	55	61
n03649909_374.JPEG	14	27	60	63
n03649909_375.JPEG	0	3	63	54
n03649909_376.JPEG	0	47	22	63
n03649909_377.JPEG	4	0	61	63
n03649909_378.JPEG	0	1	52	63
n03649909_379.JPEG	0	2	62	60
n03649909_380.JPEG	0	25	48	60
n03649909_381.JPEG	10	16	61	63
n03649909_382.JPEG	0	3	41	35
n03649909_383.JPEG	0	10	31	53
n03649909_384.JPEG	11	13	60	54
n03649909_385.JPEG	0	29	43	63
n03649909_386.JPEG	1	9	63	56
n03649909_387.JPEG	0	15	63	59
n03649909_388.JPEG	0	0	63	63
n03649909_389.JPEG	25	38	57	58
n03649909_390.JPEG	0	15	63	57
n03649909_391.JPEG	0	14	63	63
n03649909_392.JPEG	0	7	63	51
n03649909_393.JPEG	2	0	62	61
n03649909_394.JPEG	0	4	46	61
n03649909_395.JPEG	0	21	56	60
n03649909_396.JPEG	32	26	51	56
n03649909_397.JPEG	10	15	63	59
n03649909_398.JPEG	3	20	62	60
n03649909_399.JPEG	1	14	34	60
n03649909_400.JPEG	7	40	32	59
n03649909_401.JPEG	0	38	63	63
n03649909_402.JPEG	9	1	63	62
n03649909_403.JPEG	7	11	63	47
n03649909_404.JPEG	17	29	42	63
n03649909_405.JPEG	3	22	58	57
n03649909_406.JPEG	2	26	18	59
n03649909_407.JPEG	7	11	63	63
n03649909_408.JPEG	0	27	51	63
n03649909_409.JPEG	31	0	63	42
n03649909_410.JPEG	4	30	63	53
n03649909_411.JPEG	21	28	44	46
n03649909_412.JPEG	1	36	21	62
n03649909_413.JPEG	33	27	63	51
n03649909_414.JPEG	0	23	42	63
n03649909_415.JPEG	0	20	63	63
n03649909_416.JPEG	0	0	63	61
n03649909_417.JPEG	1	1	47	57
n03649909_418.JPEG	1	1	62	63
n03649909_419.JPEG	10	1	54	53
n03649909_420.JPEG	4	0	63	55
n03649909_421.JPEG	0	12	47	41
n03649909_422.JPEG	0	0	61	63
n03649909_423.JPEG	10	0	60	36
n03649909_424.JPEG	0	0	63	63
n03649909_425.JPEG	3	7	63	61
n03649909_426.JPEG	0	15	63	63
n03649909_427.JPEG	18	4	48	63
n03649909_428.JPEG	0	6	63	55
n03649909_429.JPEG	0	25	30	55
n03649909_430.JPEG	0	2	63	59
n03649909_431.JPEG	1	24	45	63
n03649909_432.JPEG	3	7	46	63
n03649909_433.JPEG	4	2	53	59
n03649909_434.JPEG	11	22	54	54
n03649909_435.JPEG	13	1	41	39
n03649909_436.JPEG	0	16	61	63
n03649909_437.JPEG	7	4	56	57
n03649909_438.JPEG	31	30	48	54
n03649909_439.JPEG	12	6	63	63
n03649909_440.JPEG	8	0	52	48
n03649909_441.JPEG	0	21	51	58
n03649909_442.JPEG	0	1	63	58
n03649909_443.JPEG	28	18	63	56
n03649909_444.JPEG	0	11	57	63
n03649909_445.JPEG	27	17	63	56
n03649909_446.JPEG	0	0	63	63
n03649909_447.JPEG	0	0	63	51
n03649909_448.JPEG	42	30	63	63
n03649909_449.JPEG	36	21	59	37
n03649909_450.JPEG	19	17	50	51
n03649909_451.JPEG	30	25	59	45
n03649909_452.JPEG	28	15	63	53
n03649909_453.JPEG	0	5	63	55
n03649909_454.JPEG	25	17	63	44
n03649909_455.JPEG	6	8	62	62
n03649909_456.JPEG	18	4	50	63
n03649909_457.JPEG	39	21	55	32
n03649909_458.JPEG	35	26	60	48
n03649909_459.JPEG	16	35	59	63
n03649909_460.JPEG	18	28	57	53
n03649909_461.JPEG	5	2	63	63
n03649909_462.JPEG	8	4	60	60
n03649909_463.JPEG	0	0	63	55
n03649909_464.JPEG	2	0	59	63
n03649909_465.JPEG	3	1	63	63
n03649909_466.JPEG	9	16	25	41
n03649909_467.JPEG	19	1	48	63
n03649909_468.JPEG	18	23	63	59
n03649909_469.JPEG	2	13	63	63
n03649909_470.JPEG	0	21	29	56
n03649909_471.JPEG	0	0	63	37
n03649909_472.JPEG	0	21	32	63
n03649909_473.JPEG	21	28	57	53
n03649909_474.JPEG	42	25	49	34
n03649909_475.JPEG	7	23	49	63
n03649909_476.JPEG	0	7	63	61
n03649909_477.JPEG	0	11	58	63
n03649909_478.JPEG	0	1	63	63
n03649909_479.JPEG	13	7	63	63
n03649909_480.JPEG	23	34	38	60
n03649909_481.JPEG	20	30	50	51
n03649909_482.JPEG	3	33	61	63
n03649909_483.JPEG	16	18	63	56
n03649909_484.JPEG	18	39	40	58
n03649909_485.JPEG	21	3	49	57
n03649909_486.JPEG	14	13	48	41
n03649909_487.JPEG	0	13	60	61
n03649909_488.JPEG	2	0	62	63
n03649909_489.JPEG	18	2	57	62
n03649909_490.JPEG	24	31	43	50
n03649909_491.JPEG	24	23	36	36
n03649909_492.JPEG	0	8	63	52
n03649909_493.JPEG	9	20	56	62
n03649909_494.JPEG	0	9	63	53
n03649909_495.JPEG	0	9	61	57
n03649909_496.JPEG	30	4	45	37
n03649909_497.JPEG	20	23	61	51
n03649909_498.JPEG	0	9	63	63
n03649909_499.JPEG	5	2	62	62
