n02074367_0.JPEG	0	8	47	63
n02074367_1.JPEG	0	16	63	41
n02074367_2.JPEG	16	6	63	63
n02074367_3.JPEG	0	4	63	44
n02074367_4.JPEG	0	4	63	58
n02074367_5.JPEG	13	13	44	57
n02074367_6.JPEG	3	6	55	49
n02074367_7.JPEG	0	14	63	49
n02074367_8.JPEG	9	12	50	55
n02074367_9.JPEG	21	14	63	58
n02074367_10.JPEG	15	3	47	63
n02074367_11.JPEG	17	3	52	60
n02074367_12.JPEG	20	22	55	42
n02074367_13.JPEG	3	24	60	50
n02074367_14.JPEG	0	0	63	63
n02074367_15.JPEG	0	0	63	63
n02074367_16.JPEG	0	8	63	63
n02074367_17.JPEG	0	0	59	58
n02074367_18.JPEG	1	4	63	50
n02074367_19.JPEG	15	28	42	63
n02074367_20.JPEG	2	0	63	62
n02074367_21.JPEG	9	0	63	57
n02074367_22.JPEG	15	24	63	63
n02074367_23.JPEG	0	10	63	63
n02074367_24.JPEG	0	0	63	63
n02074367_25.JPEG	22	6	63	48
n02074367_26.JPEG	5	3	54	49
n02074367_27.JPEG	0	19	60	45
n02074367_28.JPEG	1	4	63	63
n02074367_29.JPEG	13	12	63	59
n02074367_30.JPEG	8	12	57	54
n02074367_31.JPEG	0	3	63	60
n02074367_32.JPEG	1	0	63	54
n02074367_33.JPEG	0	8	57	63
n02074367_34.JPEG	0	18	63	45
n02074367_35.JPEG	0	6	50	63
n02074367_36.JPEG	7	3	63	62
n02074367_37.JPEG	0	10	63	57
n02074367_38.JPEG	0	37	57	63
n02074367_39.JPEG	0	12	63	57
n02074367_40.JPEG	0	2	63	63
n02074367_41.JPEG	27	28	63	54
n02074367_42.JPEG	0	1	63	63
n02074367_43.JPEG	0	4	62	57
n02074367_44.JPEG	0	0	63	63
n02074367_45.JPEG	0	34	38	62
n02074367_46.JPEG	25	8	63	50
n02074367_47.JPEG	33	13	63	60
n02074367_48.JPEG	0	13	60	63
n02074367_49.JPEG	3	31	63	63
n02074367_50.JPEG	12	0	63	63
n02074367_51.JPEG	6	13	48	47
n02074367_52.JPEG	11	0	52	63
n02074367_53.JPEG	2	9	63	63
n02074367_54.JPEG	23	21	63	63
n02074367_55.JPEG	13	21	63	52
n02074367_56.JPEG	3	3	63	54
n02074367_57.JPEG	0	0	51	62
n02074367_58.JPEG	17	19	63	63
n02074367_59.JPEG	0	9	61	60
n02074367_60.JPEG	0	9	63	58
n02074367_61.JPEG	1	21	63	43
n02074367_62.JPEG	21	16	51	63
n02074367_63.JPEG	10	22	58	51
n02074367_64.JPEG	1	21	59	45
n02074367_65.JPEG	0	24	59	60
n02074367_66.JPEG	14	24	63	62
n02074367_67.JPEG	0	21	63	63
n02074367_68.JPEG	4	15	63	57
n02074367_69.JPEG	0	9	63	50
n02074367_70.JPEG	4	4	63	58
n02074367_71.JPEG	0	0	63	29
n02074367_72.JPEG	11	27	55	53
n02074367_73.JPEG	15	17	63	63
n02074367_74.JPEG	7	12	63	52
n02074367_75.JPEG	7	0	63	62
n02074367_76.JPEG	5	14	63	59
n02074367_77.JPEG	18	0	52	63
n02074367_78.JPEG	0	0	63	63
n02074367_79.JPEG	0	19	63	63
n02074367_80.JPEG	10	2	63	47
n02074367_81.JPEG	25	0	63	49
n02074367_82.JPEG	0	20	63	62
n02074367_83.JPEG	0	0	42	37
n02074367_84.JPEG	0	11	46	56
n02074367_85.JPEG	9	10	57	49
n02074367_86.JPEG	1	16	63	53
n02074367_87.JPEG	0	12	63	52
n02074367_88.JPEG	0	0	63	63
n02074367_89.JPEG	0	0	63	61
n02074367_90.JPEG	10	4	63	63
n02074367_91.JPEG	14	19	63	47
n02074367_92.JPEG	0	9	63	55
n02074367_93.JPEG	0	7	63	63
n02074367_94.JPEG	12	7	61	56
n02074367_95.JPEG	13	8	63	41
n02074367_96.JPEG	0	6	53	42
n02074367_97.JPEG	0	0	53	62
n02074367_98.JPEG	0	15	57	63
n02074367_99.JPEG	28	20	63	63
n02074367_100.JPEG	7	4	63	63
n02074367_101.JPEG	25	13	56	44
n02074367_102.JPEG	4	17	63	42
n02074367_103.JPEG	0	1	63	61
n02074367_104.JPEG	0	5	63	58
n02074367_105.JPEG	9	1	63	51
n02074367_106.JPEG	0	15	63	58
n02074367_107.JPEG	3	17	63	59
n02074367_108.JPEG	0	19	60	44
n02074367_109.JPEG	0	23	50	49
n02074367_110.JPEG	10	9	49	47
n02074367_111.JPEG	0	33	63	60
n02074367_112.JPEG	23	0	59	45
n02074367_113.JPEG	0	16	58	55
n02074367_114.JPEG	20	3	45	63
n02074367_115.JPEG	0	0	63	63
n02074367_116.JPEG	0	3	59	52
n02074367_117.JPEG	0	22	62	43
n02074367_118.JPEG	0	5	63	57
n02074367_119.JPEG	19	13	63	55
n02074367_120.JPEG	0	4	60	55
n02074367_121.JPEG	1	3	63	59
n02074367_122.JPEG	0	12	63	43
n02074367_123.JPEG	0	13	61	60
n02074367_124.JPEG	0	3	63	58
n02074367_125.JPEG	3	0	63	48
n02074367_126.JPEG	4	17	63	52
n02074367_127.JPEG	12	16	63	56
n02074367_128.JPEG	28	7	63	51
n02074367_129.JPEG	0	23	51	63
n02074367_130.JPEG	11	12	63	53
n02074367_131.JPEG	0	0	35	44
n02074367_132.JPEG	3	1	57	61
n02074367_133.JPEG	7	19	63	60
n02074367_134.JPEG	0	14	63	49
n02074367_135.JPEG	4	19	63	55
n02074367_136.JPEG	16	22	63	63
n02074367_137.JPEG	0	10	63	60
n02074367_138.JPEG	0	12	63	63
n02074367_139.JPEG	0	7	63	51
n02074367_140.JPEG	0	5	63	63
n02074367_141.JPEG	20	25	63	49
n02074367_142.JPEG	6	13	63	44
n02074367_143.JPEG	0	9	57	63
n02074367_144.JPEG	0	8	63	41
n02074367_145.JPEG	0	0	63	53
n02074367_146.JPEG	10	19	63	48
n02074367_147.JPEG	0	18	56	56
n02074367_148.JPEG	0	24	63	48
n02074367_149.JPEG	0	12	59	47
n02074367_150.JPEG	20	0	63	53
n02074367_151.JPEG	12	7	55	63
n02074367_152.JPEG	0	0	63	63
n02074367_153.JPEG	9	17	62	41
n02074367_154.JPEG	0	1	63	63
n02074367_155.JPEG	6	16	62	48
n02074367_156.JPEG	0	15	53	59
n02074367_157.JPEG	35	9	63	47
n02074367_158.JPEG	0	3	63	48
n02074367_159.JPEG	2	19	63	40
n02074367_160.JPEG	0	14	63	52
n02074367_161.JPEG	0	1	63	62
n02074367_162.JPEG	0	0	63	63
n02074367_163.JPEG	0	0	63	63
n02074367_164.JPEG	0	9	63	57
n02074367_165.JPEG	16	23	63	45
n02074367_166.JPEG	0	15	56	63
n02074367_167.JPEG	0	19	63	54
n02074367_168.JPEG	9	18	50	45
n02074367_169.JPEG	0	16	63	50
n02074367_170.JPEG	9	5	63	58
n02074367_171.JPEG	0	8	61	52
n02074367_172.JPEG	0	22	25	57
n02074367_173.JPEG	0	15	62	36
n02074367_174.JPEG	0	10	49	42
n02074367_175.JPEG	0	2	45	46
n02074367_176.JPEG	0	3	57	58
n02074367_177.JPEG	0	23	58	41
n02074367_178.JPEG	0	0	63	62
n02074367_179.JPEG	36	23	63	53
n02074367_180.JPEG	5	2	63	57
n02074367_181.JPEG	6	0	58	49
n02074367_182.JPEG	22	19	53	63
n02074367_183.JPEG	20	22	63	61
n02074367_184.JPEG	20	26	63	63
n02074367_185.JPEG	0	1	30	42
n02074367_186.JPEG	0	13	61	52
n02074367_187.JPEG	25	17	55	55
n02074367_188.JPEG	0	1	63	63
n02074367_189.JPEG	20	27	63	47
n02074367_190.JPEG	1	0	63	62
n02074367_191.JPEG	17	0	53	63
n02074367_192.JPEG	0	13	52	63
n02074367_193.JPEG	0	2	63	63
n02074367_194.JPEG	0	2	63	63
n02074367_195.JPEG	17	15	53	63
n02074367_196.JPEG	0	4	63	61
n02074367_197.JPEG	4	3	63	59
n02074367_198.JPEG	0	1	40	48
n02074367_199.JPEG	0	1	63	39
n02074367_200.JPEG	17	18	62	63
n02074367_201.JPEG	0	1	35	62
n02074367_202.JPEG	2	5	63	40
n02074367_203.JPEG	0	11	63	45
n02074367_204.JPEG	0	7	63	62
n02074367_205.JPEG	17	0	63	55
n02074367_206.JPEG	0	2	63	58
n02074367_207.JPEG	23	12	57	52
n02074367_208.JPEG	0	0	63	63
n02074367_209.JPEG	13	7	63	59
n02074367_210.JPEG	1	0	63	46
n02074367_211.JPEG	0	7	63	57
n02074367_212.JPEG	28	2	49	61
n02074367_213.JPEG	5	18	63	48
n02074367_214.JPEG	0	17	63	59
n02074367_215.JPEG	3	10	52	58
n02074367_216.JPEG	0	0	63	61
n02074367_217.JPEG	0	9	63	58
n02074367_218.JPEG	4	19	63	56
n02074367_219.JPEG	18	3	61	57
n02074367_220.JPEG	3	0	63	63
n02074367_221.JPEG	7	40	63	58
n02074367_222.JPEG	4	0	60	63
n02074367_223.JPEG	0	0	63	58
n02074367_224.JPEG	12	20	63	46
n02074367_225.JPEG	0	16	60	55
n02074367_226.JPEG	0	18	63	63
n02074367_227.JPEG	0	9	63	63
n02074367_228.JPEG	1	19	63	49
n02074367_229.JPEG	0	9	57	62
n02074367_230.JPEG	12	22	63	54
n02074367_231.JPEG	15	9	62	53
n02074367_232.JPEG	0	8	63	56
n02074367_233.JPEG	0	2	56	52
n02074367_234.JPEG	4	11	49	60
n02074367_235.JPEG	0	22	63	53
n02074367_236.JPEG	0	26	46	63
n02074367_237.JPEG	13	16	63	42
n02074367_238.JPEG	0	17	57	54
n02074367_239.JPEG	0	22	55	54
n02074367_240.JPEG	0	15	60	50
n02074367_241.JPEG	10	3	63	63
n02074367_242.JPEG	0	6	63	34
n02074367_243.JPEG	7	30	58	63
n02074367_244.JPEG	0	7	61	60
n02074367_245.JPEG	0	0	63	63
n02074367_246.JPEG	0	22	63	58
n02074367_247.JPEG	0	5	58	58
n02074367_248.JPEG	0	7	63	56
n02074367_249.JPEG	16	1	63	49
n02074367_250.JPEG	0	13	63	63
n02074367_251.JPEG	0	0	63	61
n02074367_252.JPEG	5	24	63	63
n02074367_253.JPEG	4	11	63	54
n02074367_254.JPEG	2	3	63	63
n02074367_255.JPEG	0	7	57	54
n02074367_256.JPEG	0	4	63	53
n02074367_257.JPEG	3	16	63	56
n02074367_258.JPEG	20	10	63	60
n02074367_259.JPEG	0	6	63	51
n02074367_260.JPEG	3	14	63	55
n02074367_261.JPEG	14	25	61	45
n02074367_262.JPEG	0	13	63	63
n02074367_263.JPEG	0	8	63	48
n02074367_264.JPEG	16	21	63	63
n02074367_265.JPEG	0	14	59	45
n02074367_266.JPEG	3	0	61	54
n02074367_267.JPEG	0	10	63	52
n02074367_268.JPEG	0	14	63	63
n02074367_269.JPEG	0	0	63	63
n02074367_270.JPEG	0	19	63	60
n02074367_271.JPEG	5	18	63	50
n02074367_272.JPEG	4	28	43	38
n02074367_273.JPEG	23	20	63	50
n02074367_274.JPEG	0	15	47	63
n02074367_275.JPEG	0	11	54	63
n02074367_276.JPEG	10	25	53	57
n02074367_277.JPEG	0	1	38	61
n02074367_278.JPEG	5	4	52	53
n02074367_279.JPEG	16	7	61	60
n02074367_280.JPEG	20	14	53	49
n02074367_281.JPEG	4	20	63	43
n02074367_282.JPEG	0	27	63	54
n02074367_283.JPEG	0	8	63	63
n02074367_284.JPEG	14	14	63	63
n02074367_285.JPEG	0	5	63	55
n02074367_286.JPEG	0	13	62	50
n02074367_287.JPEG	7	26	58	63
n02074367_288.JPEG	8	6	63	59
n02074367_289.JPEG	15	0	52	63
n02074367_290.JPEG	7	0	63	45
n02074367_291.JPEG	0	4	52	63
n02074367_292.JPEG	3	0	48	35
n02074367_293.JPEG	0	17	63	50
n02074367_294.JPEG	9	2	63	55
n02074367_295.JPEG	0	4	63	63
n02074367_296.JPEG	0	9	63	37
n02074367_297.JPEG	24	0	45	63
n02074367_298.JPEG	0	1	63	63
n02074367_299.JPEG	6	8	63	54
n02074367_300.JPEG	0	0	47	44
n02074367_301.JPEG	0	4	63	63
n02074367_302.JPEG	0	4	63	56
n02074367_303.JPEG	0	6	63	49
n02074367_304.JPEG	4	0	57	23
n02074367_305.JPEG	0	21	62	37
n02074367_306.JPEG	0	9	41	59
n02074367_307.JPEG	0	25	37	38
n02074367_308.JPEG	2	3	63	63
n02074367_309.JPEG	0	6	63	61
n02074367_310.JPEG	0	0	57	63
n02074367_311.JPEG	4	0	63	63
n02074367_312.JPEG	20	25	58	61
n02074367_313.JPEG	0	6	63	62
n02074367_314.JPEG	16	5	63	63
n02074367_315.JPEG	0	0	62	63
n02074367_316.JPEG	7	20	63	41
n02074367_317.JPEG	0	3	63	63
n02074367_318.JPEG	0	0	63	47
n02074367_319.JPEG	1	3	35	49
n02074367_320.JPEG	0	13	39	63
n02074367_321.JPEG	1	11	54	56
n02074367_322.JPEG	2	26	49	53
n02074367_323.JPEG	0	11	63	63
n02074367_324.JPEG	1	12	63	63
n02074367_325.JPEG	23	14	63	63
n02074367_326.JPEG	0	0	63	44
n02074367_327.JPEG	18	26	56	39
n02074367_328.JPEG	1	15	44	35
n02074367_329.JPEG	0	7	63	37
n02074367_330.JPEG	24	14	63	34
n02074367_331.JPEG	0	10	63	60
n02074367_332.JPEG	23	13	47	35
n02074367_333.JPEG	7	6	63	51
n02074367_334.JPEG	0	9	63	63
n02074367_335.JPEG	0	12	54	52
n02074367_336.JPEG	27	32	63	47
n02074367_337.JPEG	2	5	63	54
n02074367_338.JPEG	20	16	63	30
n02074367_339.JPEG	5	0	58	63
n02074367_340.JPEG	0	16	63	56
n02074367_341.JPEG	0	10	63	40
n02074367_342.JPEG	0	17	63	44
n02074367_343.JPEG	13	13	62	63
n02074367_344.JPEG	10	21	63	43
n02074367_345.JPEG	13	8	62	53
n02074367_346.JPEG	28	18	63	56
n02074367_347.JPEG	0	0	63	47
n02074367_348.JPEG	2	28	63	59
n02074367_349.JPEG	3	5	63	63
n02074367_350.JPEG	2	1	43	61
n02074367_351.JPEG	11	19	63	56
n02074367_352.JPEG	30	11	63	36
n02074367_353.JPEG	0	9	63	56
n02074367_354.JPEG	12	3	63	63
n02074367_355.JPEG	0	8	63	56
n02074367_356.JPEG	0	17	63	48
n02074367_357.JPEG	0	19	63	63
n02074367_358.JPEG	0	1	56	57
n02074367_359.JPEG	0	15	53	45
n02074367_360.JPEG	0	22	63	52
n02074367_361.JPEG	9	25	50	58
n02074367_362.JPEG	21	7	56	40
n02074367_363.JPEG	1	0	52	63
n02074367_364.JPEG	0	23	63	44
n02074367_365.JPEG	0	6	63	63
n02074367_366.JPEG	0	13	55	42
n02074367_367.JPEG	0	5	49	52
n02074367_368.JPEG	0	15	59	41
n02074367_369.JPEG	0	0	63	63
n02074367_370.JPEG	12	11	42	55
n02074367_371.JPEG	0	13	34	45
n02074367_372.JPEG	4	9	50	41
n02074367_373.JPEG	0	8	63	59
n02074367_374.JPEG	0	0	52	59
n02074367_375.JPEG	0	12	58	63
n02074367_376.JPEG	0	3	63	52
n02074367_377.JPEG	12	1	63	63
n02074367_378.JPEG	5	8	63	47
n02074367_379.JPEG	5	10	55	52
n02074367_380.JPEG	25	25	57	41
n02074367_381.JPEG	0	19	60	44
n02074367_382.JPEG	0	14	38	36
n02074367_383.JPEG	5	15	63	60
n02074367_384.JPEG	0	16	63	39
n02074367_385.JPEG	0	17	63	63
n02074367_386.JPEG	1	20	50	63
n02074367_387.JPEG	9	8	60	21
n02074367_388.JPEG	0	18	40	37
n02074367_389.JPEG	1	2	52	59
n02074367_390.JPEG	0	1	63	61
n02074367_391.JPEG	0	19	63	63
n02074367_392.JPEG	0	0	52	63
n02074367_393.JPEG	0	15	63	63
n02074367_394.JPEG	14	0	63	63
n02074367_395.JPEG	9	22	63	58
n02074367_396.JPEG	0	5	63	56
n02074367_397.JPEG	0	21	63	52
n02074367_398.JPEG	8	10	63	63
n02074367_399.JPEG	3	21	63	53
n02074367_400.JPEG	4	15	63	37
n02074367_401.JPEG	0	23	49	47
n02074367_402.JPEG	9	0	63	50
n02074367_403.JPEG	0	9	63	53
n02074367_404.JPEG	18	12	63	58
n02074367_405.JPEG	0	16	63	63
n02074367_406.JPEG	8	0	63	51
n02074367_407.JPEG	18	23	63	58
n02074367_408.JPEG	0	16	63	58
n02074367_409.JPEG	0	17	63	61
n02074367_410.JPEG	11	0	63	60
n02074367_411.JPEG	0	22	63	57
n02074367_412.JPEG	0	9	57	63
n02074367_413.JPEG	9	17	52	62
n02074367_414.JPEG	0	10	63	61
n02074367_415.JPEG	0	0	53	63
n02074367_416.JPEG	0	0	63	63
n02074367_417.JPEG	0	15	63	45
n02074367_418.JPEG	0	16	63	51
n02074367_419.JPEG	20	30	51	41
n02074367_420.JPEG	0	18	63	41
n02074367_421.JPEG	0	14	63	42
n02074367_422.JPEG	0	11	55	31
n02074367_423.JPEG	16	10	63	42
n02074367_424.JPEG	1	12	63	43
n02074367_425.JPEG	0	3	63	58
n02074367_426.JPEG	1	16	63	63
n02074367_427.JPEG	0	15	63	46
n02074367_428.JPEG	14	20	43	59
n02074367_429.JPEG	0	9	63	45
n02074367_430.JPEG	0	16	62	44
n02074367_431.JPEG	0	15	63	41
n02074367_432.JPEG	5	4	57	59
n02074367_433.JPEG	0	22	51	57
n02074367_434.JPEG	0	8	40	42
n02074367_435.JPEG	1	0	63	63
n02074367_436.JPEG	5	0	63	63
n02074367_437.JPEG	0	21	63	52
n02074367_438.JPEG	12	4	63	43
n02074367_439.JPEG	6	27	55	62
n02074367_440.JPEG	0	5	63	63
n02074367_441.JPEG	0	8	63	50
n02074367_442.JPEG	0	0	61	59
n02074367_443.JPEG	22	9	42	62
n02074367_444.JPEG	0	0	63	62
n02074367_445.JPEG	0	4	62	62
n02074367_446.JPEG	1	20	43	55
n02074367_447.JPEG	0	0	31	31
n02074367_448.JPEG	6	13	63	63
n02074367_449.JPEG	0	1	63	60
n02074367_450.JPEG	0	36	52	63
n02074367_451.JPEG	0	24	63	61
n02074367_452.JPEG	0	0	63	63
n02074367_453.JPEG	17	13	63	63
n02074367_454.JPEG	24	14	63	63
n02074367_455.JPEG	9	23	43	53
n02074367_456.JPEG	0	0	63	60
n02074367_457.JPEG	0	21	63	43
n02074367_458.JPEG	15	23	51	63
n02074367_459.JPEG	10	3	60	61
n02074367_460.JPEG	2	13	59	56
n02074367_461.JPEG	0	9	63	44
n02074367_462.JPEG	20	24	47	63
n02074367_463.JPEG	0	1	63	63
n02074367_464.JPEG	0	20	63	61
n02074367_465.JPEG	15	17	63	47
n02074367_466.JPEG	0	4	61	62
n02074367_467.JPEG	0	0	63	63
n02074367_468.JPEG	7	21	63	63
n02074367_469.JPEG	0	0	63	63
n02074367_470.JPEG	0	0	54	50
n02074367_471.JPEG	6	13	47	49
n02074367_472.JPEG	0	14	57	54
n02074367_473.JPEG	35	5	63	21
n02074367_474.JPEG	0	1	19	54
n02074367_475.JPEG	0	15	38	36
n02074367_476.JPEG	24	24	63	56
n02074367_477.JPEG	14	1	63	50
n02074367_478.JPEG	0	16	63	36
n02074367_479.JPEG	0	18	63	63
n02074367_480.JPEG	4	0	54	63
n02074367_481.JPEG	4	11	63	57
n02074367_482.JPEG	0	22	63	40
n02074367_483.JPEG	0	6	63	63
n02074367_484.JPEG	14	9	63	60
n02074367_485.JPEG	0	5	63	58
n02074367_486.JPEG	0	1	63	63
n02074367_487.JPEG	0	13	53	55
n02074367_488.JPEG	0	34	63	63
n02074367_489.JPEG	0	7	63	56
n02074367_490.JPEG	8	1	63	63
n02074367_491.JPEG	0	14	50	42
n02074367_492.JPEG	0	22	47	43
n02074367_493.JPEG	21	8	46	53
n02074367_494.JPEG	0	0	63	63
n02074367_495.JPEG	0	15	63	57
n02074367_496.JPEG	21	0	42	56
n02074367_497.JPEG	0	27	55	42
n02074367_498.JPEG	0	15	54	42
n02074367_499.JPEG	0	12	63	63
