n02486410_0.JPEG	21	10	52	58
n02486410_1.JPEG	0	3	63	63
n02486410_2.JPEG	0	17	46	63
n02486410_3.JPEG	4	4	61	63
n02486410_4.JPEG	23	15	55	59
n02486410_5.JPEG	1	6	63	55
n02486410_6.JPEG	10	6	59	54
n02486410_7.JPEG	30	11	52	44
n02486410_8.JPEG	16	14	47	56
n02486410_9.JPEG	28	19	48	43
n02486410_10.JPEG	7	2	41	63
n02486410_11.JPEG	33	15	57	48
n02486410_12.JPEG	12	8	52	50
n02486410_13.JPEG	7	15	44	55
n02486410_14.JPEG	11	27	57	63
n02486410_15.JPEG	4	0	63	63
n02486410_16.JPEG	20	14	40	44
n02486410_17.JPEG	36	22	55	57
n02486410_18.JPEG	30	3	63	51
n02486410_19.JPEG	0	13	15	60
n02486410_20.JPEG	26	6	63	63
n02486410_21.JPEG	26	29	53	63
n02486410_22.JPEG	35	1	63	63
n02486410_23.JPEG	28	27	50	54
n02486410_24.JPEG	0	9	52	55
n02486410_25.JPEG	15	16	56	58
n02486410_26.JPEG	7	5	63	63
n02486410_27.JPEG	9	18	53	48
n02486410_28.JPEG	0	17	51	56
n02486410_29.JPEG	1	0	63	63
n02486410_30.JPEG	29	15	54	36
n02486410_31.JPEG	19	19	50	63
n02486410_32.JPEG	18	16	43	51
n02486410_33.JPEG	9	2	38	35
n02486410_34.JPEG	46	28	60	46
n02486410_35.JPEG	32	27	52	54
n02486410_36.JPEG	22	20	47	49
n02486410_37.JPEG	0	1	63	63
n02486410_38.JPEG	2	0	63	63
n02486410_39.JPEG	9	0	50	63
n02486410_40.JPEG	39	15	63	61
n02486410_41.JPEG	0	6	50	63
n02486410_42.JPEG	9	5	46	38
n02486410_43.JPEG	32	3	63	47
n02486410_44.JPEG	26	20	52	61
n02486410_45.JPEG	51	13	63	42
n02486410_46.JPEG	0	14	22	54
n02486410_47.JPEG	16	23	40	58
n02486410_48.JPEG	30	29	63	63
n02486410_49.JPEG	10	14	59	63
n02486410_50.JPEG	4	15	54	63
n02486410_51.JPEG	22	18	58	58
n02486410_52.JPEG	0	16	19	51
n02486410_53.JPEG	8	33	36	58
n02486410_54.JPEG	9	0	42	14
n02486410_55.JPEG	4	7	42	63
n02486410_56.JPEG	1	0	63	63
n02486410_57.JPEG	0	1	63	63
n02486410_58.JPEG	0	0	63	63
n02486410_59.JPEG	19	1	62	63
n02486410_60.JPEG	19	1	63	63
n02486410_61.JPEG	6	10	63	60
n02486410_62.JPEG	0	11	21	60
n02486410_63.JPEG	0	3	13	49
n02486410_64.JPEG	32	6	56	43
n02486410_65.JPEG	15	0	61	63
n02486410_66.JPEG	20	11	52	63
n02486410_67.JPEG	3	0	44	44
n02486410_68.JPEG	0	6	48	63
n02486410_69.JPEG	27	3	61	61
n02486410_70.JPEG	2	0	63	63
n02486410_71.JPEG	8	6	51	59
n02486410_72.JPEG	7	11	37	63
n02486410_73.JPEG	8	10	48	63
n02486410_74.JPEG	0	0	63	63
n02486410_75.JPEG	0	6	63	58
n02486410_76.JPEG	0	0	44	63
n02486410_77.JPEG	17	12	45	52
n02486410_78.JPEG	4	30	30	54
n02486410_79.JPEG	2	1	58	63
n02486410_80.JPEG	8	0	59	63
n02486410_81.JPEG	0	0	63	63
n02486410_82.JPEG	19	17	63	63
n02486410_83.JPEG	0	16	53	63
n02486410_84.JPEG	14	3	52	63
n02486410_85.JPEG	6	0	56	63
n02486410_86.JPEG	0	6	63	63
n02486410_87.JPEG	0	0	60	63
n02486410_88.JPEG	10	0	55	63
n02486410_89.JPEG	2	3	62	61
n02486410_90.JPEG	0	5	30	63
n02486410_91.JPEG	0	11	63	63
n02486410_92.JPEG	20	0	46	17
n02486410_93.JPEG	13	6	52	61
n02486410_94.JPEG	29	27	56	51
n02486410_95.JPEG	19	6	63	57
n02486410_96.JPEG	7	15	38	51
n02486410_97.JPEG	38	10	63	38
n02486410_98.JPEG	7	12	47	63
n02486410_99.JPEG	14	20	28	42
n02486410_100.JPEG	15	12	54	63
n02486410_101.JPEG	5	4	63	63
n02486410_102.JPEG	0	12	63	62
n02486410_103.JPEG	19	17	41	60
n02486410_104.JPEG	19	17	52	57
n02486410_105.JPEG	31	23	58	62
n02486410_106.JPEG	0	6	44	63
n02486410_107.JPEG	29	17	63	59
n02486410_108.JPEG	28	18	47	48
n02486410_109.JPEG	11	0	63	63
n02486410_110.JPEG	26	8	63	63
n02486410_111.JPEG	35	43	39	53
n02486410_112.JPEG	11	3	48	59
n02486410_113.JPEG	0	4	63	63
n02486410_114.JPEG	41	15	63	63
n02486410_115.JPEG	11	9	63	51
n02486410_116.JPEG	13	15	63	63
n02486410_117.JPEG	0	3	63	62
n02486410_118.JPEG	47	25	63	57
n02486410_119.JPEG	0	13	35	63
n02486410_120.JPEG	8	14	61	58
n02486410_121.JPEG	25	23	45	50
n02486410_122.JPEG	0	30	17	60
n02486410_123.JPEG	0	0	63	63
n02486410_124.JPEG	11	0	63	63
n02486410_125.JPEG	6	8	45	63
n02486410_126.JPEG	29	32	37	38
n02486410_127.JPEG	0	9	63	62
n02486410_128.JPEG	24	28	38	55
n02486410_129.JPEG	8	10	60	63
n02486410_130.JPEG	0	45	6	63
n02486410_131.JPEG	1	0	63	63
n02486410_132.JPEG	18	25	35	41
n02486410_133.JPEG	5	3	57	63
n02486410_134.JPEG	0	8	43	62
n02486410_135.JPEG	16	22	31	48
n02486410_136.JPEG	27	1	56	51
n02486410_137.JPEG	16	19	51	43
n02486410_138.JPEG	3	7	57	63
n02486410_139.JPEG	13	19	40	53
n02486410_140.JPEG	24	15	43	49
n02486410_141.JPEG	6	11	19	31
n02486410_142.JPEG	19	6	48	49
n02486410_143.JPEG	6	5	63	63
n02486410_144.JPEG	15	14	61	61
n02486410_145.JPEG	11	13	53	50
n02486410_146.JPEG	5	0	63	63
n02486410_147.JPEG	25	18	51	59
n02486410_148.JPEG	30	37	60	62
n02486410_149.JPEG	15	0	55	63
n02486410_150.JPEG	30	24	45	50
n02486410_151.JPEG	5	19	46	55
n02486410_152.JPEG	3	0	63	63
n02486410_153.JPEG	26	24	39	44
n02486410_154.JPEG	13	13	43	44
n02486410_155.JPEG	0	14	30	49
n02486410_156.JPEG	0	6	63	63
n02486410_157.JPEG	1	0	61	63
n02486410_158.JPEG	0	12	63	60
n02486410_159.JPEG	0	1	63	63
n02486410_160.JPEG	1	9	63	63
n02486410_161.JPEG	1	2	62	63
n02486410_162.JPEG	13	0	60	62
n02486410_163.JPEG	18	11	63	63
n02486410_164.JPEG	0	9	33	62
n02486410_165.JPEG	2	17	58	63
n02486410_166.JPEG	0	6	63	63
n02486410_167.JPEG	0	2	61	63
n02486410_168.JPEG	10	0	46	60
n02486410_169.JPEG	17	15	50	63
n02486410_170.JPEG	0	7	63	63
n02486410_171.JPEG	0	0	63	63
n02486410_172.JPEG	0	8	61	63
n02486410_173.JPEG	0	2	47	63
n02486410_174.JPEG	0	2	63	56
n02486410_175.JPEG	0	0	63	63
n02486410_176.JPEG	5	0	59	63
n02486410_177.JPEG	0	0	63	63
n02486410_178.JPEG	23	10	63	43
n02486410_179.JPEG	0	1	63	63
n02486410_180.JPEG	0	8	63	63
n02486410_181.JPEG	4	5	62	63
n02486410_182.JPEG	29	15	53	31
n02486410_183.JPEG	3	13	38	63
n02486410_184.JPEG	7	9	46	49
n02486410_185.JPEG	0	5	33	49
n02486410_186.JPEG	0	18	35	53
n02486410_187.JPEG	21	15	46	59
n02486410_188.JPEG	6	10	63	63
n02486410_189.JPEG	2	2	52	61
n02486410_190.JPEG	0	5	53	63
n02486410_191.JPEG	1	0	60	63
n02486410_192.JPEG	1	2	63	63
n02486410_193.JPEG	13	6	51	61
n02486410_194.JPEG	9	4	55	62
n02486410_195.JPEG	14	33	63	63
n02486410_196.JPEG	31	28	47	41
n02486410_197.JPEG	9	10	51	63
n02486410_198.JPEG	49	22	63	59
n02486410_199.JPEG	17	23	38	44
n02486410_200.JPEG	0	17	42	63
n02486410_201.JPEG	22	26	38	47
n02486410_202.JPEG	12	0	53	63
n02486410_203.JPEG	7	2	58	63
n02486410_204.JPEG	20	2	53	63
n02486410_205.JPEG	0	5	35	62
n02486410_206.JPEG	4	0	63	63
n02486410_207.JPEG	0	5	61	60
n02486410_208.JPEG	15	9	58	55
n02486410_209.JPEG	5	9	47	54
n02486410_210.JPEG	21	5	63	63
n02486410_211.JPEG	48	13	60	31
n02486410_212.JPEG	36	10	57	30
n02486410_213.JPEG	5	0	63	63
n02486410_214.JPEG	1	0	63	63
n02486410_215.JPEG	16	26	40	63
n02486410_216.JPEG	9	13	63	58
n02486410_217.JPEG	44	40	62	56
n02486410_218.JPEG	0	0	42	63
n02486410_219.JPEG	20	17	49	56
n02486410_220.JPEG	0	0	63	63
n02486410_221.JPEG	23	6	63	61
n02486410_222.JPEG	38	2	63	63
n02486410_223.JPEG	32	20	45	46
n02486410_224.JPEG	14	18	63	49
n02486410_225.JPEG	0	10	56	61
n02486410_226.JPEG	0	0	62	63
n02486410_227.JPEG	37	4	63	63
n02486410_228.JPEG	3	15	48	48
n02486410_229.JPEG	11	6	59	63
n02486410_230.JPEG	21	45	28	52
n02486410_231.JPEG	0	0	63	63
n02486410_232.JPEG	1	12	63	63
n02486410_233.JPEG	0	2	63	63
n02486410_234.JPEG	22	16	49	40
n02486410_235.JPEG	0	15	37	57
n02486410_236.JPEG	36	21	58	42
n02486410_237.JPEG	21	20	35	47
n02486410_238.JPEG	9	22	56	63
n02486410_239.JPEG	9	0	63	63
n02486410_240.JPEG	10	6	57	63
n02486410_241.JPEG	0	0	62	61
n02486410_242.JPEG	1	0	59	63
n02486410_243.JPEG	10	21	42	60
n02486410_244.JPEG	6	1	57	63
n02486410_245.JPEG	1	6	52	63
n02486410_246.JPEG	3	19	42	46
n02486410_247.JPEG	30	8	63	63
n02486410_248.JPEG	8	15	50	63
n02486410_249.JPEG	17	15	41	63
n02486410_250.JPEG	22	5	63	63
n02486410_251.JPEG	0	2	62	63
n02486410_252.JPEG	11	13	44	59
n02486410_253.JPEG	24	28	33	43
n02486410_254.JPEG	13	7	44	63
n02486410_255.JPEG	5	2	61	63
n02486410_256.JPEG	0	14	40	63
n02486410_257.JPEG	0	0	63	63
n02486410_258.JPEG	0	0	63	63
n02486410_259.JPEG	7	4	53	63
n02486410_260.JPEG	17	12	55	61
n02486410_261.JPEG	0	4	63	63
n02486410_262.JPEG	29	47	49	63
n02486410_263.JPEG	0	4	63	63
n02486410_264.JPEG	0	12	60	63
n02486410_265.JPEG	13	7	57	63
n02486410_266.JPEG	26	28	48	52
n02486410_267.JPEG	6	0	63	63
n02486410_268.JPEG	9	15	59	50
n02486410_269.JPEG	0	8	31	53
n02486410_270.JPEG	1	0	63	63
n02486410_271.JPEG	0	6	63	62
n02486410_272.JPEG	3	0	63	63
n02486410_273.JPEG	8	22	39	59
n02486410_274.JPEG	0	0	63	57
n02486410_275.JPEG	3	13	52	63
n02486410_276.JPEG	43	17	63	57
n02486410_277.JPEG	29	22	47	48
n02486410_278.JPEG	15	12	55	58
n02486410_279.JPEG	0	14	13	48
n02486410_280.JPEG	10	15	48	52
n02486410_281.JPEG	47	26	63	59
n02486410_282.JPEG	0	0	63	63
n02486410_283.JPEG	25	25	48	52
n02486410_284.JPEG	27	27	46	46
n02486410_285.JPEG	28	39	44	63
n02486410_286.JPEG	0	6	63	63
n02486410_287.JPEG	12	12	40	55
n02486410_288.JPEG	2	1	63	63
n02486410_289.JPEG	1	0	57	63
n02486410_290.JPEG	0	5	56	61
n02486410_291.JPEG	15	15	59	63
n02486410_292.JPEG	14	10	51	56
n02486410_293.JPEG	0	2	63	63
n02486410_294.JPEG	25	6	54	63
n02486410_295.JPEG	5	18	60	51
n02486410_296.JPEG	0	0	63	63
n02486410_297.JPEG	10	12	39	59
n02486410_298.JPEG	5	0	49	63
n02486410_299.JPEG	11	23	54	63
n02486410_300.JPEG	32	31	38	44
n02486410_301.JPEG	0	1	60	63
n02486410_302.JPEG	34	32	54	51
n02486410_303.JPEG	15	21	48	63
n02486410_304.JPEG	9	0	54	63
n02486410_305.JPEG	0	19	63	63
n02486410_306.JPEG	0	4	58	61
n02486410_307.JPEG	25	8	63	38
n02486410_308.JPEG	18	21	45	43
n02486410_309.JPEG	0	5	31	54
n02486410_310.JPEG	21	12	46	59
n02486410_311.JPEG	26	3	63	63
n02486410_312.JPEG	0	2	63	63
n02486410_313.JPEG	25	25	45	47
n02486410_314.JPEG	11	20	45	54
n02486410_315.JPEG	2	7	57	63
n02486410_316.JPEG	8	6	63	63
n02486410_317.JPEG	13	3	56	63
n02486410_318.JPEG	15	12	42	42
n02486410_319.JPEG	0	0	63	63
n02486410_320.JPEG	3	8	63	63
n02486410_321.JPEG	51	19	63	49
n02486410_322.JPEG	0	32	23	52
n02486410_323.JPEG	7	0	63	63
n02486410_324.JPEG	0	8	47	63
n02486410_325.JPEG	55	18	63	63
n02486410_326.JPEG	5	24	32	62
n02486410_327.JPEG	2	0	60	63
n02486410_328.JPEG	25	27	30	38
n02486410_329.JPEG	10	1	63	61
n02486410_330.JPEG	27	5	63	63
n02486410_331.JPEG	1	0	63	63
n02486410_332.JPEG	33	35	47	55
n02486410_333.JPEG	27	4	63	63
n02486410_334.JPEG	12	4	61	63
n02486410_335.JPEG	26	11	61	33
n02486410_336.JPEG	7	20	47	52
n02486410_337.JPEG	0	0	63	63
n02486410_338.JPEG	13	7	58	63
n02486410_339.JPEG	0	7	24	39
n02486410_340.JPEG	0	3	56	57
n02486410_341.JPEG	0	0	63	63
n02486410_342.JPEG	0	11	63	63
n02486410_343.JPEG	21	27	56	40
n02486410_344.JPEG	30	7	61	60
n02486410_345.JPEG	11	35	55	63
n02486410_346.JPEG	15	20	60	63
n02486410_347.JPEG	4	6	63	55
n02486410_348.JPEG	0	0	63	63
n02486410_349.JPEG	17	23	45	49
n02486410_350.JPEG	5	3	59	61
n02486410_351.JPEG	13	0	49	41
n02486410_352.JPEG	14	0	53	63
n02486410_353.JPEG	19	3	63	63
n02486410_354.JPEG	0	12	31	52
n02486410_355.JPEG	5	0	63	63
n02486410_356.JPEG	12	18	44	58
n02486410_357.JPEG	29	21	59	54
n02486410_358.JPEG	16	2	54	63
n02486410_359.JPEG	0	0	63	63
n02486410_360.JPEG	30	17	63	49
n02486410_361.JPEG	21	16	63	41
n02486410_362.JPEG	13	18	47	58
n02486410_363.JPEG	9	17	49	58
n02486410_364.JPEG	11	11	54	62
n02486410_365.JPEG	13	0	63	53
n02486410_366.JPEG	0	0	63	63
n02486410_367.JPEG	9	17	63	59
n02486410_368.JPEG	8	0	63	63
n02486410_369.JPEG	15	17	43	61
n02486410_370.JPEG	0	6	63	60
n02486410_371.JPEG	12	8	63	58
n02486410_372.JPEG	7	0	49	46
n02486410_373.JPEG	23	4	54	63
n02486410_374.JPEG	11	47	32	62
n02486410_375.JPEG	1	4	63	62
n02486410_376.JPEG	17	23	47	50
n02486410_377.JPEG	0	6	62	63
n02486410_378.JPEG	7	1	45	32
n02486410_379.JPEG	0	0	54	63
n02486410_380.JPEG	6	0	59	63
n02486410_381.JPEG	15	9	52	51
n02486410_382.JPEG	38	32	63	56
n02486410_383.JPEG	0	16	56	61
n02486410_384.JPEG	17	2	63	63
n02486410_385.JPEG	0	0	55	63
n02486410_386.JPEG	1	0	63	63
n02486410_387.JPEG	17	14	52	56
n02486410_388.JPEG	15	13	49	63
n02486410_389.JPEG	23	14	40	36
n02486410_390.JPEG	25	24	50	45
n02486410_391.JPEG	28	6	63	52
n02486410_392.JPEG	25	11	45	40
n02486410_393.JPEG	22	21	38	45
n02486410_394.JPEG	37	23	63	56
n02486410_395.JPEG	10	16	44	56
n02486410_396.JPEG	8	20	63	62
n02486410_397.JPEG	19	4	63	63
n02486410_398.JPEG	27	8	49	41
n02486410_399.JPEG	33	37	45	54
n02486410_400.JPEG	11	14	52	63
n02486410_401.JPEG	0	6	63	58
n02486410_402.JPEG	27	27	41	48
n02486410_403.JPEG	37	1	63	63
n02486410_404.JPEG	0	1	47	63
n02486410_405.JPEG	0	16	63	63
n02486410_406.JPEG	0	4	56	63
n02486410_407.JPEG	0	1	60	63
n02486410_408.JPEG	12	26	34	49
n02486410_409.JPEG	23	8	63	63
n02486410_410.JPEG	0	0	63	63
n02486410_411.JPEG	8	4	63	52
n02486410_412.JPEG	1	0	63	63
n02486410_413.JPEG	13	19	45	63
n02486410_414.JPEG	1	0	63	63
n02486410_415.JPEG	7	23	35	50
n02486410_416.JPEG	3	1	47	63
n02486410_417.JPEG	0	37	7	61
n02486410_418.JPEG	28	26	46	51
n02486410_419.JPEG	26	27	39	39
n02486410_420.JPEG	1	0	55	63
n02486410_421.JPEG	4	10	60	63
n02486410_422.JPEG	28	20	47	49
n02486410_423.JPEG	24	14	57	51
n02486410_424.JPEG	0	15	32	53
n02486410_425.JPEG	0	0	63	63
n02486410_426.JPEG	34	6	63	60
n02486410_427.JPEG	0	7	63	63
n02486410_428.JPEG	8	11	63	58
n02486410_429.JPEG	21	13	60	58
n02486410_430.JPEG	6	21	33	63
n02486410_431.JPEG	7	3	58	63
n02486410_432.JPEG	0	19	63	63
n02486410_433.JPEG	2	10	60	63
n02486410_434.JPEG	1	10	40	63
n02486410_435.JPEG	36	17	58	50
n02486410_436.JPEG	6	17	19	43
n02486410_437.JPEG	0	15	58	63
n02486410_438.JPEG	15	2	54	63
n02486410_439.JPEG	0	12	63	61
n02486410_440.JPEG	0	4	63	63
n02486410_441.JPEG	8	7	63	42
n02486410_442.JPEG	6	22	41	58
n02486410_443.JPEG	19	0	47	19
n02486410_444.JPEG	14	10	57	60
n02486410_445.JPEG	58	37	63	54
n02486410_446.JPEG	0	7	50	63
n02486410_447.JPEG	17	3	51	55
n02486410_448.JPEG	6	8	55	63
n02486410_449.JPEG	0	5	44	58
n02486410_450.JPEG	0	0	54	63
n02486410_451.JPEG	18	9	48	59
n02486410_452.JPEG	10	22	33	63
n02486410_453.JPEG	12	0	58	48
n02486410_454.JPEG	0	27	22	48
n02486410_455.JPEG	11	13	41	56
n02486410_456.JPEG	0	10	63	63
n02486410_457.JPEG	3	14	54	48
n02486410_458.JPEG	2	0	56	63
n02486410_459.JPEG	6	6	31	32
n02486410_460.JPEG	24	0	48	34
n02486410_461.JPEG	0	0	59	63
n02486410_462.JPEG	30	29	43	43
n02486410_463.JPEG	0	5	49	59
n02486410_464.JPEG	14	24	35	40
n02486410_465.JPEG	1	0	61	63
n02486410_466.JPEG	0	1	63	63
n02486410_467.JPEG	0	0	58	63
n02486410_468.JPEG	0	5	55	63
n02486410_469.JPEG	36	32	63	63
n02486410_470.JPEG	12	23	28	43
n02486410_471.JPEG	11	0	61	63
n02486410_472.JPEG	27	12	44	48
n02486410_473.JPEG	6	6	56	63
n02486410_474.JPEG	0	0	63	63
n02486410_475.JPEG	0	13	37	61
n02486410_476.JPEG	33	1	63	63
n02486410_477.JPEG	10	5	56	63
n02486410_478.JPEG	0	20	29	61
n02486410_479.JPEG	19	4	63	61
n02486410_480.JPEG	14	16	51	61
n02486410_481.JPEG	7	0	59	63
n02486410_482.JPEG	0	0	59	63
n02486410_483.JPEG	22	29	45	44
n02486410_484.JPEG	22	0	63	60
n02486410_485.JPEG	37	17	63	63
n02486410_486.JPEG	26	23	56	52
n02486410_487.JPEG	18	13	63	61
n02486410_488.JPEG	47	22	60	38
n02486410_489.JPEG	40	14	53	60
n02486410_490.JPEG	15	0	61	63
n02486410_491.JPEG	0	3	30	50
n02486410_492.JPEG	22	18	48	54
n02486410_493.JPEG	23	1	63	63
n02486410_494.JPEG	0	0	63	63
n02486410_495.JPEG	15	14	55	63
n02486410_496.JPEG	1	49	15	63
n02486410_497.JPEG	0	1	48	63
n02486410_498.JPEG	31	7	63	57
n02486410_499.JPEG	1	3	63	63
