n02403003_0.JPEG	3	7	63	63
n02403003_1.JPEG	3	37	33	55
n02403003_2.JPEG	8	1	63	62
n02403003_3.JPEG	18	30	53	58
n02403003_4.JPEG	0	10	20	59
n02403003_5.JPEG	0	20	51	63
n02403003_6.JPEG	22	28	63	52
n02403003_7.JPEG	21	22	53	60
n02403003_8.JPEG	0	8	63	46
n02403003_9.JPEG	48	38	63	63
n02403003_10.JPEG	28	0	63	63
n02403003_11.JPEG	3	8	37	49
n02403003_12.JPEG	0	0	63	57
n02403003_13.JPEG	0	5	18	59
n02403003_14.JPEG	26	16	62	63
n02403003_15.JPEG	18	12	63	63
n02403003_16.JPEG	7	18	63	59
n02403003_17.JPEG	0	7	63	58
n02403003_18.JPEG	18	4	63	29
n02403003_19.JPEG	1	16	26	63
n02403003_20.JPEG	3	2	63	63
n02403003_21.JPEG	3	16	25	41
n02403003_22.JPEG	13	27	25	48
n02403003_23.JPEG	0	18	60	63
n02403003_24.JPEG	9	8	50	63
n02403003_25.JPEG	46	16	63	60
n02403003_26.JPEG	26	18	36	36
n02403003_27.JPEG	9	7	33	61
n02403003_28.JPEG	0	9	63	63
n02403003_29.JPEG	5	14	40	56
n02403003_30.JPEG	1	23	63	63
n02403003_31.JPEG	22	31	57	54
n02403003_32.JPEG	0	2	57	55
n02403003_33.JPEG	32	24	55	47
n02403003_34.JPEG	0	20	12	59
n02403003_35.JPEG	0	5	63	63
n02403003_36.JPEG	0	14	63	56
n02403003_37.JPEG	30	34	42	62
n02403003_38.JPEG	29	0	63	63
n02403003_39.JPEG	12	23	59	51
n02403003_40.JPEG	18	0	63	59
n02403003_41.JPEG	0	9	51	53
n02403003_42.JPEG	27	17	63	63
n02403003_43.JPEG	8	0	49	57
n02403003_44.JPEG	0	13	63	59
n02403003_45.JPEG	0	15	63	57
n02403003_46.JPEG	36	27	48	54
n02403003_47.JPEG	0	9	44	63
n02403003_48.JPEG	5	5	63	63
n02403003_49.JPEG	0	3	52	63
n02403003_50.JPEG	36	23	63	63
n02403003_51.JPEG	17	3	63	60
n02403003_52.JPEG	40	36	59	60
n02403003_53.JPEG	27	30	62	50
n02403003_54.JPEG	0	19	24	37
n02403003_55.JPEG	6	0	60	63
n02403003_56.JPEG	5	3	63	61
n02403003_57.JPEG	32	31	58	49
n02403003_58.JPEG	0	22	41	63
n02403003_59.JPEG	11	22	45	60
n02403003_60.JPEG	7	9	63	63
n02403003_61.JPEG	12	24	46	57
n02403003_62.JPEG	0	16	17	63
n02403003_63.JPEG	4	12	24	40
n02403003_64.JPEG	0	0	53	63
n02403003_65.JPEG	10	35	56	63
n02403003_66.JPEG	5	1	63	63
n02403003_67.JPEG	21	21	63	54
n02403003_68.JPEG	32	5	63	61
n02403003_69.JPEG	16	11	63	50
n02403003_70.JPEG	27	15	56	49
n02403003_71.JPEG	24	17	50	61
n02403003_72.JPEG	15	1	63	61
n02403003_73.JPEG	9	23	38	61
n02403003_74.JPEG	0	0	63	63
n02403003_75.JPEG	2	5	63	56
n02403003_76.JPEG	0	15	13	56
n02403003_77.JPEG	0	11	63	61
n02403003_78.JPEG	0	0	50	63
n02403003_79.JPEG	32	30	51	48
n02403003_80.JPEG	3	0	63	63
n02403003_81.JPEG	0	1	63	63
n02403003_82.JPEG	25	33	63	55
n02403003_83.JPEG	0	4	63	62
n02403003_84.JPEG	0	0	63	63
n02403003_85.JPEG	15	21	54	47
n02403003_86.JPEG	30	26	55	44
n02403003_87.JPEG	18	17	60	49
n02403003_88.JPEG	0	1	63	63
n02403003_89.JPEG	4	2	59	63
n02403003_90.JPEG	30	13	63	63
n02403003_91.JPEG	0	0	63	63
n02403003_92.JPEG	0	0	63	63
n02403003_93.JPEG	23	7	63	63
n02403003_94.JPEG	19	36	49	59
n02403003_95.JPEG	0	4	22	63
n02403003_96.JPEG	0	13	63	59
n02403003_97.JPEG	11	14	63	59
n02403003_98.JPEG	28	20	63	56
n02403003_99.JPEG	0	27	53	60
n02403003_100.JPEG	3	23	46	43
n02403003_101.JPEG	4	8	52	63
n02403003_102.JPEG	18	27	47	38
n02403003_103.JPEG	0	6	63	63
n02403003_104.JPEG	0	8	63	60
n02403003_105.JPEG	22	18	39	46
n02403003_106.JPEG	34	1	63	63
n02403003_107.JPEG	26	30	41	50
n02403003_108.JPEG	0	5	62	61
n02403003_109.JPEG	21	31	63	63
n02403003_110.JPEG	12	51	44	63
n02403003_111.JPEG	0	10	63	50
n02403003_112.JPEG	13	22	58	54
n02403003_113.JPEG	0	1	63	63
n02403003_114.JPEG	0	18	46	55
n02403003_115.JPEG	38	24	63	50
n02403003_116.JPEG	30	22	38	33
n02403003_117.JPEG	11	26	50	57
n02403003_118.JPEG	0	23	63	57
n02403003_119.JPEG	35	0	63	53
n02403003_120.JPEG	0	6	63	61
n02403003_121.JPEG	3	14	63	59
n02403003_122.JPEG	0	0	60	57
n02403003_123.JPEG	5	11	55	63
n02403003_124.JPEG	0	19	55	59
n02403003_125.JPEG	6	6	58	55
n02403003_126.JPEG	1	0	63	63
n02403003_127.JPEG	20	6	45	45
n02403003_128.JPEG	0	20	37	63
n02403003_129.JPEG	45	42	63	63
n02403003_130.JPEG	2	1	63	63
n02403003_131.JPEG	11	23	24	52
n02403003_132.JPEG	0	4	63	63
n02403003_133.JPEG	22	28	47	52
n02403003_134.JPEG	0	9	24	61
n02403003_135.JPEG	26	4	63	63
n02403003_136.JPEG	0	0	63	63
n02403003_137.JPEG	13	19	63	63
n02403003_138.JPEG	28	35	62	61
n02403003_139.JPEG	0	7	63	63
n02403003_140.JPEG	0	1	63	63
n02403003_141.JPEG	0	0	63	63
n02403003_142.JPEG	0	0	63	63
n02403003_143.JPEG	0	11	54	63
n02403003_144.JPEG	1	20	20	53
n02403003_145.JPEG	7	10	43	37
n02403003_146.JPEG	7	0	63	63
n02403003_147.JPEG	6	2	60	58
n02403003_148.JPEG	0	0	63	63
n02403003_149.JPEG	0	35	53	63
n02403003_150.JPEG	32	32	63	59
n02403003_151.JPEG	4	7	62	60
n02403003_152.JPEG	24	12	63	47
n02403003_153.JPEG	0	1	63	63
n02403003_154.JPEG	0	24	63	55
n02403003_155.JPEG	0	1	63	63
n02403003_156.JPEG	0	14	63	61
n02403003_157.JPEG	0	14	63	57
n02403003_158.JPEG	0	36	60	63
n02403003_159.JPEG	14	25	47	55
n02403003_160.JPEG	0	3	63	62
n02403003_161.JPEG	0	6	56	63
n02403003_162.JPEG	0	0	63	63
n02403003_163.JPEG	0	5	3	34
n02403003_164.JPEG	37	0	63	63
n02403003_165.JPEG	11	1	63	61
n02403003_166.JPEG	44	41	62	52
n02403003_167.JPEG	0	0	63	63
n02403003_168.JPEG	0	0	59	61
n02403003_169.JPEG	3	0	63	63
n02403003_170.JPEG	11	23	29	50
n02403003_171.JPEG	28	5	63	63
n02403003_172.JPEG	12	28	31	51
n02403003_173.JPEG	16	8	63	63
n02403003_174.JPEG	0	17	61	50
n02403003_175.JPEG	0	0	54	63
n02403003_176.JPEG	25	22	63	57
n02403003_177.JPEG	20	20	63	58
n02403003_178.JPEG	28	25	63	63
n02403003_179.JPEG	0	1	63	63
n02403003_180.JPEG	19	18	63	43
n02403003_181.JPEG	11	28	56	63
n02403003_182.JPEG	8	20	60	39
n02403003_183.JPEG	30	26	62	49
n02403003_184.JPEG	37	23	52	53
n02403003_185.JPEG	9	6	63	61
n02403003_186.JPEG	7	14	63	60
n02403003_187.JPEG	7	28	35	63
n02403003_188.JPEG	1	10	51	63
n02403003_189.JPEG	23	8	52	47
n02403003_190.JPEG	7	36	34	54
n02403003_191.JPEG	1	16	41	59
n02403003_192.JPEG	2	11	40	58
n02403003_193.JPEG	0	9	63	57
n02403003_194.JPEG	12	21	51	49
n02403003_195.JPEG	0	34	36	61
n02403003_196.JPEG	10	9	63	60
n02403003_197.JPEG	1	7	63	61
n02403003_198.JPEG	0	23	63	63
n02403003_199.JPEG	8	13	51	43
n02403003_200.JPEG	17	21	53	52
n02403003_201.JPEG	7	22	50	35
n02403003_202.JPEG	7	30	62	55
n02403003_203.JPEG	0	1	63	63
n02403003_204.JPEG	0	0	46	63
n02403003_205.JPEG	31	7	63	63
n02403003_206.JPEG	0	23	31	63
n02403003_207.JPEG	13	16	63	63
n02403003_208.JPEG	0	1	63	63
n02403003_209.JPEG	32	25	63	53
n02403003_210.JPEG	28	15	63	54
n02403003_211.JPEG	19	27	49	55
n02403003_212.JPEG	10	0	53	63
n02403003_213.JPEG	0	20	63	60
n02403003_214.JPEG	0	0	63	63
n02403003_215.JPEG	0	19	21	56
n02403003_216.JPEG	0	9	41	63
n02403003_217.JPEG	6	20	38	45
n02403003_218.JPEG	27	24	56	43
n02403003_219.JPEG	0	15	48	63
n02403003_220.JPEG	36	53	52	63
n02403003_221.JPEG	5	0	63	63
n02403003_222.JPEG	16	17	62	55
n02403003_223.JPEG	6	27	63	63
n02403003_224.JPEG	36	26	50	43
n02403003_225.JPEG	0	30	39	61
n02403003_226.JPEG	0	17	42	63
n02403003_227.JPEG	0	24	38	51
n02403003_228.JPEG	4	2	55	58
n02403003_229.JPEG	0	13	42	54
n02403003_230.JPEG	23	4	62	63
n02403003_231.JPEG	23	14	63	63
n02403003_232.JPEG	10	19	63	47
n02403003_233.JPEG	19	30	60	49
n02403003_234.JPEG	0	18	49	60
n02403003_235.JPEG	7	34	63	63
n02403003_236.JPEG	11	10	63	55
n02403003_237.JPEG	48	18	63	59
n02403003_238.JPEG	0	0	58	63
n02403003_239.JPEG	16	12	54	56
n02403003_240.JPEG	1	7	26	62
n02403003_241.JPEG	13	14	48	45
n02403003_242.JPEG	29	34	63	62
n02403003_243.JPEG	24	0	63	51
n02403003_244.JPEG	34	6	60	39
n02403003_245.JPEG	18	31	52	60
n02403003_246.JPEG	30	18	63	52
n02403003_247.JPEG	10	0	63	63
n02403003_248.JPEG	9	38	54	63
n02403003_249.JPEG	36	36	63	63
n02403003_250.JPEG	0	0	63	53
n02403003_251.JPEG	5	0	63	63
n02403003_252.JPEG	0	0	51	63
n02403003_253.JPEG	0	0	63	63
n02403003_254.JPEG	5	18	50	52
n02403003_255.JPEG	0	3	63	63
n02403003_256.JPEG	6	23	63	63
n02403003_257.JPEG	12	15	44	55
n02403003_258.JPEG	0	17	48	56
n02403003_259.JPEG	1	5	63	63
n02403003_260.JPEG	4	63	57	63
n02403003_261.JPEG	0	5	63	60
n02403003_262.JPEG	1	32	27	50
n02403003_263.JPEG	3	5	63	55
n02403003_264.JPEG	37	22	63	53
n02403003_265.JPEG	0	3	63	63
n02403003_266.JPEG	20	25	54	50
n02403003_267.JPEG	10	32	23	46
n02403003_268.JPEG	32	11	63	61
n02403003_269.JPEG	31	25	48	45
n02403003_270.JPEG	20	0	63	63
n02403003_271.JPEG	0	1	44	54
n02403003_272.JPEG	0	0	63	63
n02403003_273.JPEG	0	10	63	54
n02403003_274.JPEG	33	30	57	59
n02403003_275.JPEG	18	11	63	61
n02403003_276.JPEG	7	12	48	53
n02403003_277.JPEG	1	4	62	61
n02403003_278.JPEG	18	28	49	55
n02403003_279.JPEG	38	19	63	48
n02403003_280.JPEG	7	1	46	63
n02403003_281.JPEG	43	46	63	56
n02403003_282.JPEG	16	27	59	63
n02403003_283.JPEG	21	21	56	45
n02403003_284.JPEG	25	9	62	43
n02403003_285.JPEG	1	0	63	63
n02403003_286.JPEG	0	0	44	63
n02403003_287.JPEG	40	13	63	61
n02403003_288.JPEG	10	6	59	63
n02403003_289.JPEG	0	13	63	63
n02403003_290.JPEG	18	25	63	58
n02403003_291.JPEG	2	15	23	63
n02403003_292.JPEG	29	25	39	40
n02403003_293.JPEG	14	23	63	63
n02403003_294.JPEG	40	5	48	19
n02403003_295.JPEG	28	22	63	46
n02403003_296.JPEG	38	21	51	43
n02403003_297.JPEG	0	5	63	60
n02403003_298.JPEG	11	14	61	57
n02403003_299.JPEG	0	11	54	63
n02403003_300.JPEG	0	15	63	58
n02403003_301.JPEG	31	1	63	63
n02403003_302.JPEG	0	13	60	63
n02403003_303.JPEG	0	31	47	63
n02403003_304.JPEG	29	13	59	62
n02403003_305.JPEG	0	3	63	63
n02403003_306.JPEG	6	17	35	62
n02403003_307.JPEG	0	17	20	47
n02403003_308.JPEG	36	5	63	54
n02403003_309.JPEG	0	13	63	54
n02403003_310.JPEG	0	13	46	61
n02403003_311.JPEG	0	0	40	63
n02403003_312.JPEG	10	1	62	63
n02403003_313.JPEG	16	23	46	53
n02403003_314.JPEG	3	14	63	42
n02403003_315.JPEG	37	12	63	34
n02403003_316.JPEG	8	13	32	27
n02403003_317.JPEG	20	21	42	57
n02403003_318.JPEG	0	8	63	56
n02403003_319.JPEG	16	6	63	63
n02403003_320.JPEG	0	15	63	55
n02403003_321.JPEG	34	20	63	53
n02403003_322.JPEG	16	1	60	59
n02403003_323.JPEG	26	26	46	52
n02403003_324.JPEG	0	27	44	63
n02403003_325.JPEG	8	19	59	61
n02403003_326.JPEG	6	9	61	58
n02403003_327.JPEG	23	30	35	47
n02403003_328.JPEG	2	28	45	53
n02403003_329.JPEG	32	38	45	63
n02403003_330.JPEG	8	6	56	63
n02403003_331.JPEG	0	7	63	56
n02403003_332.JPEG	1	3	52	63
n02403003_333.JPEG	14	0	50	63
n02403003_334.JPEG	3	4	63	63
n02403003_335.JPEG	15	19	63	62
n02403003_336.JPEG	0	3	63	63
n02403003_337.JPEG	0	1	63	63
n02403003_338.JPEG	0	3	63	59
n02403003_339.JPEG	0	23	49	57
n02403003_340.JPEG	0	1	63	63
n02403003_341.JPEG	15	13	63	39
n02403003_342.JPEG	0	17	63	63
n02403003_343.JPEG	47	23	55	44
n02403003_344.JPEG	14	20	49	57
n02403003_345.JPEG	0	1	63	63
n02403003_346.JPEG	10	18	58	51
n02403003_347.JPEG	0	19	63	63
n02403003_348.JPEG	29	20	63	49
n02403003_349.JPEG	0	0	63	63
n02403003_350.JPEG	2	18	42	37
n02403003_351.JPEG	7	27	26	43
n02403003_352.JPEG	0	18	61	58
n02403003_353.JPEG	0	22	27	41
n02403003_354.JPEG	11	35	63	58
n02403003_355.JPEG	0	8	63	63
n02403003_356.JPEG	14	10	63	63
n02403003_357.JPEG	15	21	63	63
n02403003_358.JPEG	26	30	57	63
n02403003_359.JPEG	21	12	51	57
n02403003_360.JPEG	15	21	57	63
n02403003_361.JPEG	42	16	59	40
n02403003_362.JPEG	41	23	63	63
n02403003_363.JPEG	0	3	63	63
n02403003_364.JPEG	0	6	63	57
n02403003_365.JPEG	12	12	50	59
n02403003_366.JPEG	38	34	54	61
n02403003_367.JPEG	0	34	39	59
n02403003_368.JPEG	0	9	17	55
n02403003_369.JPEG	13	3	54	63
n02403003_370.JPEG	0	20	62	59
n02403003_371.JPEG	55	20	63	63
n02403003_372.JPEG	15	12	55	47
n02403003_373.JPEG	39	11	63	49
n02403003_374.JPEG	0	11	53	57
n02403003_375.JPEG	25	25	52	52
n02403003_376.JPEG	13	24	40	43
n02403003_377.JPEG	16	11	63	51
n02403003_378.JPEG	0	3	63	56
n02403003_379.JPEG	0	11	63	61
n02403003_380.JPEG	28	20	57	52
n02403003_381.JPEG	41	24	60	36
n02403003_382.JPEG	3	15	58	56
n02403003_383.JPEG	32	10	63	63
n02403003_384.JPEG	2	2	63	58
n02403003_385.JPEG	7	3	42	63
n02403003_386.JPEG	24	9	49	63
n02403003_387.JPEG	24	19	54	35
n02403003_388.JPEG	1	10	34	63
n02403003_389.JPEG	0	16	63	57
n02403003_390.JPEG	11	29	55	63
n02403003_391.JPEG	3	0	58	63
n02403003_392.JPEG	25	13	38	41
n02403003_393.JPEG	0	13	29	59
n02403003_394.JPEG	25	22	52	49
n02403003_395.JPEG	3	11	33	50
n02403003_396.JPEG	0	31	24	63
n02403003_397.JPEG	2	0	62	63
n02403003_398.JPEG	0	22	59	63
n02403003_399.JPEG	7	19	58	63
n02403003_400.JPEG	0	0	63	63
n02403003_401.JPEG	0	17	63	51
n02403003_402.JPEG	9	22	63	63
n02403003_403.JPEG	0	10	63	63
n02403003_404.JPEG	0	9	57	52
n02403003_405.JPEG	7	17	63	63
n02403003_406.JPEG	26	24	40	37
n02403003_407.JPEG	0	16	32	59
n02403003_408.JPEG	8	0	63	63
n02403003_409.JPEG	13	27	31	53
n02403003_410.JPEG	0	0	57	63
n02403003_411.JPEG	0	12	63	61
n02403003_412.JPEG	0	0	63	63
n02403003_413.JPEG	4	13	63	60
n02403003_414.JPEG	0	44	24	57
n02403003_415.JPEG	0	3	59	63
n02403003_416.JPEG	6	12	58	45
n02403003_417.JPEG	0	9	36	63
n02403003_418.JPEG	0	4	39	60
n02403003_419.JPEG	0	5	56	60
n02403003_420.JPEG	21	19	63	51
n02403003_421.JPEG	23	40	33	48
n02403003_422.JPEG	2	17	58	44
n02403003_423.JPEG	16	16	48	41
n02403003_424.JPEG	30	15	61	47
n02403003_425.JPEG	15	14	63	55
n02403003_426.JPEG	9	0	63	63
n02403003_427.JPEG	21	20	63	57
n02403003_428.JPEG	7	40	43	63
n02403003_429.JPEG	8	32	37	45
n02403003_430.JPEG	0	4	63	51
n02403003_431.JPEG	1	3	63	63
n02403003_432.JPEG	0	0	59	63
n02403003_433.JPEG	0	7	48	57
n02403003_434.JPEG	37	30	54	58
n02403003_435.JPEG	0	3	63	63
n02403003_436.JPEG	0	1	63	63
n02403003_437.JPEG	0	7	63	62
n02403003_438.JPEG	4	17	59	57
n02403003_439.JPEG	27	11	63	60
n02403003_440.JPEG	9	30	34	50
n02403003_441.JPEG	0	5	63	61
n02403003_442.JPEG	1	18	63	63
n02403003_443.JPEG	4	1	63	59
n02403003_444.JPEG	15	15	55	55
n02403003_445.JPEG	0	0	59	63
n02403003_446.JPEG	0	0	63	63
n02403003_447.JPEG	32	27	57	44
n02403003_448.JPEG	26	7	63	60
n02403003_449.JPEG	4	1	63	63
n02403003_450.JPEG	0	4	20	63
n02403003_451.JPEG	5	4	56	60
n02403003_452.JPEG	0	0	63	63
n02403003_453.JPEG	0	21	57	63
n02403003_454.JPEG	11	0	57	63
n02403003_455.JPEG	0	2	63	63
n02403003_456.JPEG	20	18	46	54
n02403003_457.JPEG	44	20	63	36
n02403003_458.JPEG	1	18	59	63
n02403003_459.JPEG	0	2	63	63
n02403003_460.JPEG	13	23	38	46
n02403003_461.JPEG	0	15	52	63
n02403003_462.JPEG	40	20	63	47
n02403003_463.JPEG	3	36	18	46
n02403003_464.JPEG	0	1	63	63
n02403003_465.JPEG	29	38	42	59
n02403003_466.JPEG	50	6	63	63
n02403003_467.JPEG	15	38	49	61
n02403003_468.JPEG	0	32	15	50
n02403003_469.JPEG	17	39	41	61
n02403003_470.JPEG	0	0	63	63
n02403003_471.JPEG	22	15	63	63
n02403003_472.JPEG	18	24	41	38
n02403003_473.JPEG	0	0	40	63
n02403003_474.JPEG	7	13	62	61
n02403003_475.JPEG	26	22	63	55
n02403003_476.JPEG	9	4	63	63
n02403003_477.JPEG	0	12	55	57
n02403003_478.JPEG	0	4	63	63
n02403003_479.JPEG	1	0	61	63
n02403003_480.JPEG	20	7	57	54
n02403003_481.JPEG	0	10	38	43
n02403003_482.JPEG	0	19	24	63
n02403003_483.JPEG	0	11	63	47
n02403003_484.JPEG	0	19	49	61
n02403003_485.JPEG	27	24	44	59
n02403003_486.JPEG	36	7	63	63
n02403003_487.JPEG	40	32	63	47
n02403003_488.JPEG	39	11	63	36
n02403003_489.JPEG	19	3	63	61
n02403003_490.JPEG	0	27	24	63
n02403003_491.JPEG	2	15	39	48
n02403003_492.JPEG	19	24	63	60
n02403003_493.JPEG	32	5	63	63
n02403003_494.JPEG	0	13	56	54
n02403003_495.JPEG	9	4	63	63
n02403003_496.JPEG	4	24	30	59
n02403003_497.JPEG	4	18	61	56
n02403003_498.JPEG	0	1	63	62
n02403003_499.JPEG	0	9	63	61
