n03796401_0.JPEG	4	13	63	38
n03796401_1.JPEG	1	3	63	60
n03796401_2.JPEG	0	17	63	57
n03796401_3.JPEG	0	0	63	58
n03796401_4.JPEG	0	25	44	45
n03796401_5.JPEG	0	6	63	57
n03796401_6.JPEG	6	27	56	53
n03796401_7.JPEG	0	16	63	52
n03796401_8.JPEG	2	3	63	52
n03796401_9.JPEG	0	3	63	62
n03796401_10.JPEG	14	1	63	50
n03796401_11.JPEG	0	2	63	61
n03796401_12.JPEG	1	6	63	56
n03796401_13.JPEG	0	0	49	57
n03796401_14.JPEG	0	4	40	56
n03796401_15.JPEG	5	4	61	63
n03796401_16.JPEG	4	14	62	51
n03796401_17.JPEG	0	3	63	63
n03796401_18.JPEG	0	1	63	63
n03796401_19.JPEG	0	2	63	63
n03796401_20.JPEG	10	0	63	60
n03796401_21.JPEG	0	26	39	58
n03796401_22.JPEG	7	0	51	50
n03796401_23.JPEG	56	17	63	42
n03796401_24.JPEG	43	27	63	45
n03796401_25.JPEG	0	5	63	62
n03796401_26.JPEG	5	11	63	40
n03796401_27.JPEG	0	6	63	53
n03796401_28.JPEG	0	5	63	58
n03796401_29.JPEG	0	1	63	56
n03796401_30.JPEG	11	12	54	52
n03796401_31.JPEG	0	0	41	63
n03796401_32.JPEG	63	18	63	63
n03796401_33.JPEG	0	0	63	52
n03796401_34.JPEG	0	5	60	59
n03796401_35.JPEG	0	0	63	63
n03796401_36.JPEG	1	24	56	59
n03796401_37.JPEG	0	0	63	63
n03796401_38.JPEG	2	14	63	55
n03796401_39.JPEG	1	14	63	51
n03796401_40.JPEG	0	8	63	62
n03796401_41.JPEG	0	1	63	63
n03796401_42.JPEG	0	15	39	48
n03796401_43.JPEG	13	15	52	50
n03796401_44.JPEG	0	21	63	54
n03796401_45.JPEG	0	9	63	61
n03796401_46.JPEG	4	10	63	41
n03796401_47.JPEG	0	1	63	60
n03796401_48.JPEG	4	21	63	53
n03796401_49.JPEG	13	10	60	55
n03796401_50.JPEG	6	7	63	63
n03796401_51.JPEG	41	25	63	42
n03796401_52.JPEG	0	2	63	63
n03796401_53.JPEG	0	11	63	63
n03796401_54.JPEG	0	20	63	63
n03796401_55.JPEG	0	16	63	54
n03796401_56.JPEG	0	3	63	63
n03796401_57.JPEG	0	0	63	63
n03796401_58.JPEG	0	14	63	63
n03796401_59.JPEG	0	10	63	56
n03796401_60.JPEG	8	1	56	63
n03796401_61.JPEG	0	6	63	52
n03796401_62.JPEG	31	28	63	50
n03796401_63.JPEG	4	0	63	48
n03796401_64.JPEG	0	4	63	61
n03796401_65.JPEG	16	24	63	55
n03796401_66.JPEG	4	0	63	62
n03796401_67.JPEG	2	5	63	57
n03796401_68.JPEG	0	2	63	61
n03796401_69.JPEG	0	1	63	63
n03796401_70.JPEG	0	2	63	63
n03796401_71.JPEG	0	0	63	63
n03796401_72.JPEG	0	0	63	63
n03796401_73.JPEG	0	16	58	55
n03796401_74.JPEG	23	1	63	46
n03796401_75.JPEG	0	27	63	54
n03796401_76.JPEG	0	1	63	63
n03796401_77.JPEG	0	11	63	52
n03796401_78.JPEG	8	10	63	51
n03796401_79.JPEG	0	28	63	57
n03796401_80.JPEG	0	8	63	53
n03796401_81.JPEG	0	15	63	52
n03796401_82.JPEG	0	12	63	44
n03796401_83.JPEG	0	4	63	62
n03796401_84.JPEG	1	16	63	52
n03796401_85.JPEG	0	7	63	56
n03796401_86.JPEG	16	26	63	50
n03796401_87.JPEG	0	2	39	52
n03796401_88.JPEG	0	5	63	63
n03796401_89.JPEG	0	9	63	63
n03796401_90.JPEG	0	0	63	63
n03796401_91.JPEG	28	35	63	60
n03796401_92.JPEG	0	0	63	63
n03796401_93.JPEG	0	7	63	55
n03796401_94.JPEG	0	9	63	56
n03796401_95.JPEG	23	19	63	49
n03796401_96.JPEG	0	18	50	60
n03796401_97.JPEG	0	14	63	58
n03796401_98.JPEG	0	20	63	63
n03796401_99.JPEG	0	2	57	63
n03796401_100.JPEG	0	1	63	61
n03796401_101.JPEG	0	1	63	63
n03796401_102.JPEG	0	0	63	63
n03796401_103.JPEG	0	0	22	63
n03796401_104.JPEG	8	12	53	56
n03796401_105.JPEG	3	17	62	46
n03796401_106.JPEG	0	3	63	59
n03796401_107.JPEG	4	5	61	60
n03796401_108.JPEG	0	2	63	63
n03796401_109.JPEG	0	12	63	63
n03796401_110.JPEG	0	5	63	50
n03796401_111.JPEG	0	7	63	49
n03796401_112.JPEG	0	31	24	53
n03796401_113.JPEG	0	17	63	56
n03796401_114.JPEG	0	5	63	63
n03796401_115.JPEG	0	6	63	62
n03796401_116.JPEG	4	0	62	61
n03796401_117.JPEG	0	3	63	59
n03796401_118.JPEG	0	0	63	63
n03796401_119.JPEG	0	1	63	63
n03796401_120.JPEG	0	3	63	63
n03796401_121.JPEG	0	0	60	63
n03796401_122.JPEG	2	2	63	63
n03796401_123.JPEG	0	10	63	60
n03796401_124.JPEG	4	9	40	51
n03796401_125.JPEG	28	31	55	46
n03796401_126.JPEG	0	1	63	61
n03796401_127.JPEG	0	17	63	55
n03796401_128.JPEG	0	4	54	43
n03796401_129.JPEG	5	8	63	51
n03796401_130.JPEG	0	17	62	63
n03796401_131.JPEG	3	2	63	59
n03796401_132.JPEG	0	4	63	62
n03796401_133.JPEG	0	16	56	60
n03796401_134.JPEG	0	12	63	63
n03796401_135.JPEG	17	6	55	61
n03796401_136.JPEG	0	24	63	56
n03796401_137.JPEG	0	0	63	63
n03796401_138.JPEG	0	20	63	57
n03796401_139.JPEG	0	29	63	60
n03796401_140.JPEG	0	14	63	58
n03796401_141.JPEG	0	20	63	52
n03796401_142.JPEG	0	7	63	55
n03796401_143.JPEG	0	2	63	59
n03796401_144.JPEG	1	15	58	58
n03796401_145.JPEG	0	15	63	46
n03796401_146.JPEG	0	8	63	62
n03796401_147.JPEG	21	0	63	63
n03796401_148.JPEG	0	18	63	61
n03796401_149.JPEG	0	14	63	45
n03796401_150.JPEG	0	6	63	63
n03796401_151.JPEG	0	4	63	61
n03796401_152.JPEG	0	0	63	63
n03796401_153.JPEG	0	0	58	63
n03796401_154.JPEG	5	5	43	48
n03796401_155.JPEG	2	3	58	59
n03796401_156.JPEG	0	1	63	61
n03796401_157.JPEG	48	6	63	62
n03796401_158.JPEG	8	29	53	53
n03796401_159.JPEG	0	9	63	56
n03796401_160.JPEG	0	11	63	51
n03796401_161.JPEG	0	17	63	47
n03796401_162.JPEG	0	8	63	60
n03796401_163.JPEG	0	16	32	42
n03796401_164.JPEG	0	0	63	63
n03796401_165.JPEG	2	5	63	46
n03796401_166.JPEG	1	8	63	56
n03796401_167.JPEG	0	17	63	55
n03796401_168.JPEG	6	3	50	63
n03796401_169.JPEG	0	1	63	60
n03796401_170.JPEG	0	6	63	63
n03796401_171.JPEG	0	14	60	46
n03796401_172.JPEG	0	7	63	62
n03796401_173.JPEG	0	5	63	59
n03796401_174.JPEG	5	6	54	58
n03796401_175.JPEG	18	10	48	53
n03796401_176.JPEG	5	1	63	63
n03796401_177.JPEG	0	18	26	58
n03796401_178.JPEG	0	23	53	62
n03796401_179.JPEG	7	10	63	56
n03796401_180.JPEG	35	7	63	56
n03796401_181.JPEG	8	33	63	61
n03796401_182.JPEG	0	6	63	52
n03796401_183.JPEG	20	13	63	46
n03796401_184.JPEG	0	4	63	63
n03796401_185.JPEG	0	4	41	56
n03796401_186.JPEG	0	7	63	51
n03796401_187.JPEG	0	13	63	63
n03796401_188.JPEG	11	29	43	51
n03796401_189.JPEG	0	0	63	63
n03796401_190.JPEG	0	9	63	60
n03796401_191.JPEG	0	3	63	63
n03796401_192.JPEG	10	9	63	63
n03796401_193.JPEG	0	0	63	63
n03796401_194.JPEG	0	4	63	63
n03796401_195.JPEG	0	9	63	46
n03796401_196.JPEG	0	9	63	63
n03796401_197.JPEG	0	10	63	63
n03796401_198.JPEG	0	4	63	61
n03796401_199.JPEG	0	18	63	50
n03796401_200.JPEG	0	5	63	63
n03796401_201.JPEG	17	18	60	33
n03796401_202.JPEG	51	28	63	41
n03796401_203.JPEG	0	15	63	61
n03796401_204.JPEG	0	7	63	61
n03796401_205.JPEG	4	5	63	55
n03796401_206.JPEG	0	5	63	54
n03796401_207.JPEG	1	12	58	56
n03796401_208.JPEG	0	1	63	63
n03796401_209.JPEG	0	5	63	63
n03796401_210.JPEG	0	7	63	51
n03796401_211.JPEG	0	4	63	58
n03796401_212.JPEG	0	12	63	63
n03796401_213.JPEG	0	0	63	63
n03796401_214.JPEG	0	0	63	63
n03796401_215.JPEG	0	25	52	54
n03796401_216.JPEG	0	16	63	43
n03796401_217.JPEG	6	12	57	55
n03796401_218.JPEG	0	15	63	63
n03796401_219.JPEG	0	1	63	62
n03796401_220.JPEG	0	8	63	58
n03796401_221.JPEG	0	12	63	51
n03796401_222.JPEG	6	4	43	62
n03796401_223.JPEG	0	3	63	63
n03796401_224.JPEG	0	31	63	55
n03796401_225.JPEG	31	0	63	63
n03796401_226.JPEG	0	3	63	59
n03796401_227.JPEG	18	21	63	63
n03796401_228.JPEG	0	22	54	58
n03796401_229.JPEG	13	22	53	48
n03796401_230.JPEG	0	21	63	57
n03796401_231.JPEG	0	1	63	63
n03796401_232.JPEG	63	26	63	40
n03796401_233.JPEG	26	0	63	63
n03796401_234.JPEG	0	16	63	47
n03796401_235.JPEG	0	3	63	63
n03796401_236.JPEG	0	6	54	56
n03796401_237.JPEG	0	2	63	61
n03796401_238.JPEG	0	0	57	60
n03796401_239.JPEG	0	19	42	56
n03796401_240.JPEG	19	15	63	57
n03796401_241.JPEG	0	13	63	59
n03796401_242.JPEG	0	14	63	56
n03796401_243.JPEG	23	15	45	40
n03796401_244.JPEG	3	7	62	61
n03796401_245.JPEG	0	8	63	63
n03796401_246.JPEG	0	6	63	63
n03796401_247.JPEG	0	19	63	48
n03796401_248.JPEG	0	2	63	62
n03796401_249.JPEG	5	23	63	47
n03796401_250.JPEG	0	0	63	63
n03796401_251.JPEG	0	2	63	63
n03796401_252.JPEG	0	16	63	60
n03796401_253.JPEG	0	11	63	54
n03796401_254.JPEG	0	11	63	60
n03796401_255.JPEG	0	10	61	59
n03796401_256.JPEG	4	8	59	63
n03796401_257.JPEG	0	3	63	62
n03796401_258.JPEG	0	13	50	51
n03796401_259.JPEG	0	1	63	61
n03796401_260.JPEG	0	5	63	56
n03796401_261.JPEG	0	11	63	48
n03796401_262.JPEG	0	4	40	53
n03796401_263.JPEG	0	21	51	49
n03796401_264.JPEG	0	10	63	61
n03796401_265.JPEG	0	7	63	56
n03796401_266.JPEG	3	0	41	25
n03796401_267.JPEG	15	2	59	60
n03796401_268.JPEG	0	7	63	62
n03796401_269.JPEG	0	19	63	53
n03796401_270.JPEG	0	1	63	63
n03796401_271.JPEG	7	5	49	63
n03796401_272.JPEG	0	2	60	62
n03796401_273.JPEG	0	7	53	55
n03796401_274.JPEG	9	24	42	46
n03796401_275.JPEG	0	20	63	54
n03796401_276.JPEG	36	5	63	53
n03796401_277.JPEG	0	1	54	63
n03796401_278.JPEG	0	17	63	48
n03796401_279.JPEG	0	3	63	58
n03796401_280.JPEG	0	2	63	58
n03796401_281.JPEG	0	0	63	63
n03796401_282.JPEG	0	18	63	48
n03796401_283.JPEG	0	6	42	60
n03796401_284.JPEG	0	5	63	58
n03796401_285.JPEG	0	7	63	63
n03796401_286.JPEG	0	28	63	52
n03796401_287.JPEG	0	10	63	48
n03796401_288.JPEG	0	20	49	49
n03796401_289.JPEG	0	2	63	63
n03796401_290.JPEG	0	8	48	51
n03796401_291.JPEG	0	9	47	46
n03796401_292.JPEG	0	3	63	60
n03796401_293.JPEG	3	5	62	63
n03796401_294.JPEG	0	1	56	63
n03796401_295.JPEG	6	24	47	47
n03796401_296.JPEG	0	1	63	62
n03796401_297.JPEG	0	7	63	60
n03796401_298.JPEG	0	4	63	59
n03796401_299.JPEG	0	19	63	49
n03796401_300.JPEG	0	17	63	59
n03796401_301.JPEG	12	6	63	41
n03796401_302.JPEG	1	0	63	63
n03796401_303.JPEG	0	1	63	63
n03796401_304.JPEG	0	5	63	59
n03796401_305.JPEG	0	2	63	63
n03796401_306.JPEG	14	15	46	53
n03796401_307.JPEG	0	3	63	60
n03796401_308.JPEG	19	7	63	42
n03796401_309.JPEG	15	20	63	55
n03796401_310.JPEG	0	12	63	51
n03796401_311.JPEG	0	9	63	48
n03796401_312.JPEG	3	10	49	43
n03796401_313.JPEG	5	0	51	43
n03796401_314.JPEG	0	4	63	61
n03796401_315.JPEG	0	1	55	54
n03796401_316.JPEG	0	1	63	63
n03796401_317.JPEG	3	0	62	63
n03796401_318.JPEG	0	6	63	59
n03796401_319.JPEG	0	0	63	63
n03796401_320.JPEG	13	21	63	48
n03796401_321.JPEG	0	22	53	50
n03796401_322.JPEG	0	12	63	61
n03796401_323.JPEG	0	21	63	53
n03796401_324.JPEG	0	0	63	63
n03796401_325.JPEG	0	0	63	63
n03796401_326.JPEG	7	3	63	55
n03796401_327.JPEG	5	19	43	46
n03796401_328.JPEG	0	34	33	62
n03796401_329.JPEG	0	13	53	63
n03796401_330.JPEG	21	6	63	52
n03796401_331.JPEG	0	9	63	45
n03796401_332.JPEG	0	32	63	56
n03796401_333.JPEG	0	4	62	48
n03796401_334.JPEG	0	3	63	60
n03796401_335.JPEG	0	20	63	56
n03796401_336.JPEG	10	14	57	40
n03796401_337.JPEG	28	15	63	47
n03796401_338.JPEG	35	3	63	54
n03796401_339.JPEG	16	0	63	62
n03796401_340.JPEG	0	31	63	63
n03796401_341.JPEG	11	20	63	63
n03796401_342.JPEG	0	12	63	62
n03796401_343.JPEG	0	14	25	43
n03796401_344.JPEG	5	4	63	47
n03796401_345.JPEG	0	0	63	61
n03796401_346.JPEG	0	5	63	63
n03796401_347.JPEG	3	3	60	63
n03796401_348.JPEG	3	15	62	52
n03796401_349.JPEG	0	12	63	50
n03796401_350.JPEG	8	28	63	59
n03796401_351.JPEG	0	25	21	58
n03796401_352.JPEG	0	2	63	61
n03796401_353.JPEG	0	1	63	61
n03796401_354.JPEG	0	14	50	48
n03796401_355.JPEG	10	24	63	55
n03796401_356.JPEG	0	0	63	63
n03796401_357.JPEG	6	9	63	59
n03796401_358.JPEG	0	1	63	63
n03796401_359.JPEG	0	11	63	60
n03796401_360.JPEG	0	8	63	59
n03796401_361.JPEG	0	6	63	62
n03796401_362.JPEG	0	15	63	62
n03796401_363.JPEG	0	8	63	60
n03796401_364.JPEG	0	11	63	52
n03796401_365.JPEG	0	7	63	51
n03796401_366.JPEG	0	1	63	63
n03796401_367.JPEG	0	2	63	62
n03796401_368.JPEG	0	1	63	59
n03796401_369.JPEG	0	0	63	63
n03796401_370.JPEG	0	13	63	56
n03796401_371.JPEG	0	9	63	48
n03796401_372.JPEG	15	5	63	45
n03796401_373.JPEG	13	13	57	60
n03796401_374.JPEG	0	9	63	60
n03796401_375.JPEG	33	11	63	40
n03796401_376.JPEG	0	0	63	63
n03796401_377.JPEG	4	24	61	46
n03796401_378.JPEG	0	3	63	63
n03796401_379.JPEG	0	0	33	58
n03796401_380.JPEG	0	1	63	63
n03796401_381.JPEG	0	19	39	47
n03796401_382.JPEG	0	3	63	58
n03796401_383.JPEG	0	10	63	59
n03796401_384.JPEG	0	29	63	52
n03796401_385.JPEG	0	7	63	55
n03796401_386.JPEG	0	0	63	63
n03796401_387.JPEG	0	4	63	55
n03796401_388.JPEG	0	18	63	44
n03796401_389.JPEG	0	1	63	63
n03796401_390.JPEG	6	0	59	44
n03796401_391.JPEG	0	2	63	63
n03796401_392.JPEG	0	3	63	60
n03796401_393.JPEG	0	13	63	49
n03796401_394.JPEG	0	15	63	57
n03796401_395.JPEG	0	5	63	63
n03796401_396.JPEG	0	4	63	56
n03796401_397.JPEG	52	12	63	47
n03796401_398.JPEG	3	12	63	46
n03796401_399.JPEG	17	23	44	44
n03796401_400.JPEG	0	5	63	63
n03796401_401.JPEG	0	15	63	56
n03796401_402.JPEG	0	0	63	61
n03796401_403.JPEG	0	22	60	45
n03796401_404.JPEG	0	11	63	51
n03796401_405.JPEG	0	0	39	59
n03796401_406.JPEG	0	12	61	48
n03796401_407.JPEG	0	2	63	63
n03796401_408.JPEG	0	0	63	63
n03796401_409.JPEG	0	37	26	61
n03796401_410.JPEG	1	0	63	63
n03796401_411.JPEG	0	7	63	57
n03796401_412.JPEG	0	5	63	59
n03796401_413.JPEG	4	0	61	63
n03796401_414.JPEG	0	14	26	42
n03796401_415.JPEG	3	5	63	55
n03796401_416.JPEG	0	24	48	59
n03796401_417.JPEG	0	0	63	61
n03796401_418.JPEG	0	4	63	60
n03796401_419.JPEG	4	0	52	60
n03796401_420.JPEG	0	4	63	61
n03796401_421.JPEG	0	7	63	63
n03796401_422.JPEG	0	3	63	63
n03796401_423.JPEG	0	8	29	47
n03796401_424.JPEG	5	18	63	52
n03796401_425.JPEG	0	22	63	54
n03796401_426.JPEG	14	8	52	52
n03796401_427.JPEG	0	9	63	61
n03796401_428.JPEG	0	0	45	63
n03796401_429.JPEG	8	19	60	57
n03796401_430.JPEG	3	8	61	52
n03796401_431.JPEG	2	0	61	63
n03796401_432.JPEG	0	0	63	60
n03796401_433.JPEG	49	8	63	58
n03796401_434.JPEG	6	10	63	55
n03796401_435.JPEG	0	4	63	60
n03796401_436.JPEG	18	19	44	52
n03796401_437.JPEG	0	18	63	53
n03796401_438.JPEG	0	12	63	53
n03796401_439.JPEG	0	16	63	59
n03796401_440.JPEG	0	2	63	63
n03796401_441.JPEG	8	0	60	54
n03796401_442.JPEG	0	7	63	56
n03796401_443.JPEG	0	10	63	63
n03796401_444.JPEG	9	17	54	42
n03796401_445.JPEG	0	13	62	56
n03796401_446.JPEG	0	1	58	63
n03796401_447.JPEG	0	15	63	54
n03796401_448.JPEG	0	7	63	51
n03796401_449.JPEG	0	7	63	59
n03796401_450.JPEG	5	11	63	52
n03796401_451.JPEG	2	15	63	43
n03796401_452.JPEG	0	2	63	59
n03796401_453.JPEG	0	19	58	53
n03796401_454.JPEG	0	0	61	62
n03796401_455.JPEG	0	6	60	57
n03796401_456.JPEG	0	2	63	54
n03796401_457.JPEG	0	7	63	63
n03796401_458.JPEG	0	6	63	53
n03796401_459.JPEG	0	1	63	63
n03796401_460.JPEG	0	6	63	62
n03796401_461.JPEG	0	7	63	56
n03796401_462.JPEG	0	13	63	51
n03796401_463.JPEG	0	15	43	55
n03796401_464.JPEG	0	4	63	55
n03796401_465.JPEG	0	7	63	63
n03796401_466.JPEG	0	1	63	60
n03796401_467.JPEG	0	13	63	45
n03796401_468.JPEG	0	7	63	61
n03796401_469.JPEG	0	7	63	62
n03796401_470.JPEG	0	10	63	59
n03796401_471.JPEG	21	10	63	60
n03796401_472.JPEG	0	19	45	48
n03796401_473.JPEG	1	0	63	63
n03796401_474.JPEG	0	12	63	45
n03796401_475.JPEG	0	18	63	55
n03796401_476.JPEG	0	13	63	59
n03796401_477.JPEG	0	7	63	57
n03796401_478.JPEG	0	0	60	63
n03796401_479.JPEG	8	17	52	59
n03796401_480.JPEG	0	3	61	63
n03796401_481.JPEG	2	27	63	60
n03796401_482.JPEG	13	12	62	48
n03796401_483.JPEG	0	1	14	63
n03796401_484.JPEG	28	21	58	45
n03796401_485.JPEG	41	6	63	53
n03796401_486.JPEG	7	6	61	63
n03796401_487.JPEG	41	30	63	47
n03796401_488.JPEG	0	0	63	63
n03796401_489.JPEG	0	14	56	46
n03796401_490.JPEG	3	10	63	56
n03796401_491.JPEG	0	0	53	63
n03796401_492.JPEG	0	8	63	52
n03796401_493.JPEG	18	40	58	63
n03796401_494.JPEG	0	11	60	58
n03796401_495.JPEG	0	15	63	48
n03796401_496.JPEG	4	28	63	58
n03796401_497.JPEG	0	1	63	57
n03796401_498.JPEG	7	5	58	60
n03796401_499.JPEG	5	0	55	51
